,sdr,r2,rmse
0,2.4122869968414307,0.6353990733623505,0.042597648
1,3.241884708404541,0.6784102022647858,0.038717363
2,1.8703988194465637,0.6060339212417603,0.045339853
3,5.30569314956665,0.7723592966794968,0.030529195
4,3.781413733959198,0.7048927545547485,0.036385585
5,4.6457672119140625,0.7445450723171234,0.032939095
6,6.950381398200989,0.8320723325014114,0.02526277
7,6.794123649597168,0.8269847631454468,0.025721354
8,3.0499914288520813,0.6686936914920807,0.03958225
9,1.9291941821575165,0.6092621982097626,0.045033973
10,5.507187247276306,0.7804133296012878,0.029829135
11,3.7379127740859985,0.7028054594993591,0.036568265
12,3.7168365716934204,0.7017892301082611,0.036657114
13,4.231984615325928,0.7260056734085083,0.034546237
14,3.751850128173828,0.7034708261489868,0.036509637
15,3.072921335697174,0.6698624789714813,0.0394779
16,3.7443745136260986,0.7031151652336121,0.03654107
17,5.0967806577682495,0.7637910097837448,0.03127238
18,5.428324341773987,0.77728570997715,0.030101197
19,4.23690140247345,0.7262308299541473,0.03452669
20,4.268639087677002,0.7276812791824341,0.03440076
21,4.480604529380798,0.7372452914714813,0.033571426
22,2.786390483379364,0.6551128625869751,0.040801905
23,4.616933166980743,0.7432802021503448,0.033048622
24,2.529907524585724,0.6416462063789368,0.042024706
25,4.285559356212616,0.7284526824951172,0.03433381
26,6.463589668273926,0.8158216774463654,0.026719023
27,5.790558457374573,0.7913902103900909,0.02887168
28,4.5608532428741455,0.7408097684383392,0.03326269
29,2.2758957743644714,0.6280929148197174,0.043271825
30,3.3542346954345703,0.6840266287326813,0.038219787
31,3.198632001876831,0.6762294471263885,0.038910642
32,5.8802348375320435,0.794778361916542,0.028575135
33,1.895303726196289,0.6074033081531525,0.04521003
34,2.446437180042267,0.6372188329696655,0.042430505
35,5.045895576477051,0.761666789650917,0.03145613
36,4.643435180187225,0.7444431483745575,0.03294794
37,3.579493761062622,0.6951332688331604,0.037241343
38,3.5510772466659546,0.6937379837036133,0.037363376
39,5.400281548500061,0.7761658430099487,0.030198537
40,4.114252924919128,0.7205769121646881,0.035017684
41,6.147456169128418,0.8046328872442245,0.027709404
42,7.482284307479858,0.8484967797994614,0.023762155
43,3.8800978660583496,0.709596574306488,0.03597453
44,3.7586456537246704,0.703799843788147,0.036481086
45,3.870810568332672,0.7091556489467621,0.036013015
46,2.8038933873176575,0.6560213565826416,0.040719777
47,2.928106188774109,0.6624478101730347,0.0401416
48,0.892152413725853,0.5511763393878937,0.050744895
49,2.997599244117737,0.6660164594650269,0.039821725
50,0.18731651827692986,0.510782778263092,0.055034395
51,4.734694957733154,0.748419314622879,0.03260358
52,6.949389576911926,0.8320403546094894,0.025265649
53,3.525293469429016,0.6924787759780884,0.037474457
54,3.6263707280158997,0.6974062323570251,0.037040893
55,4.792146980762482,0.7509026229381561,0.032388642
56,3.525717258453369,0.6924987733364105,0.037472628
57,1.9031178951263428,0.6078309714794159,0.045169376
58,2.838461697101593,0.6578167676925659,0.040558036
59,2.019999921321869,0.6142287254333496,0.04456563
60,5.445011854171753,0.7779496014118195,0.030043423
61,4.153580367565155,0.722398430109024,0.034859486
62,1.9744524359703064,0.6117400228977203,0.04479993
63,4.137389361858368,0.7216397225856781,0.03492453
64,3.9781174063682556,0.7142254710197449,0.035570838
65,1.8329297006130219,0.6039730310440063,0.04553586
66,5.723393559455872,0.7888220250606537,0.029095804
67,2.7582311630249023,0.6536078453063965,0.040934402
68,3.647795617580414,0.6984525620937347,0.03694964
69,3.5015350580215454,0.6913113594055176,0.0375771
70,3.3506810665130615,0.6838501989841461,0.038235426
71,4.675635099411011,0.7458513081073761,0.032826018
72,2.6608234643936157,0.6485512554645538,0.041396044
73,5.19058883190155,0.7676649987697601,0.030936461
74,4.138207733631134,0.7216892242431641,0.034921236
75,4.566022455692291,0.741037130355835,0.033242896
76,4.009698927402496,0.7157076299190521,0.03544174
77,2.3018157482147217,0.6294859647750854,0.043142892
78,1.3350343704223633,0.5762725174427032,0.048222344
79,2.3395274579524994,0.6315090358257294,0.042955983
80,3.0802589654922485,0.6702367961406708,0.03944455
81,3.340403139591217,0.6833383440971375,0.038280703
82,2.4944303929805756,0.6397700309753418,0.042196702
83,2.0665839314460754,0.6167670786380768,0.044327255
84,3.931403160095215,0.7120255827903748,0.035762664
85,4.663846492767334,0.7453359365463257,0.032870606
86,2.837100923061371,0.6577458083629608,0.040564388
87,3.836802840232849,0.7075371742248535,0.036154293
88,2.7868464589118958,0.6551361680030823,0.04079977
89,3.0541646480560303,0.6689073741436005,0.03956323
90,5.867236256599426,0.7942901700735092,0.028617932
91,3.580218553543091,0.6951642632484436,0.037238237
92,2.877379059791565,0.6598313748836517,0.04037672
93,4.559570252895355,0.740748941898346,0.033267606
94,7.338331341743469,0.8441865146160126,0.024159253
95,2.5810658931732178,0.644353836774826,0.041777913
96,3.3585405349731445,0.6842416226863861,0.038200848
97,4.527232348918915,0.7393193542957306,0.03339169
98,7.819128632545471,0.858200341463089,0.022858284
99,2.3818160593509674,0.6337719857692719,0.042747352
100,4.159175157546997,0.7226572930812836,0.03483705
101,3.081141710281372,0.6702814996242523,0.03944055
102,2.14738667011261,0.6211548745632172,0.0439168
103,3.1363636255264282,0.6730856001377106,0.03919059
104,3.0009302496910095,0.6661863327026367,0.03980646
105,3.8924866914749146,0.71018385887146,0.035923257
106,4.032111167907715,0.7167561948299408,0.035350405
107,4.226373136043549,0.7257486283779144,0.034568563
108,5.11894166469574,0.7647087723016739,0.031192698
109,2.912653684616089,0.6616514325141907,0.040213075
110,7.3325759172439575,0.8440118730068207,0.024175266
111,5.685854554176331,0.7873820066452026,0.029221823
112,6.167087554931641,0.8053398132324219,0.027646847
113,5.9416663646698,0.7970756888389587,0.028373746
114,1.8905185163021088,0.6071403920650482,0.04523495
115,2.4440623819828033,0.6370923221111298,0.042442106
116,5.1057761907577515,0.764165535569191,0.031240016
117,3.521755039691925,0.6923068165779114,0.037489727
118,3.062452971935272,0.6693300306797028,0.039525505
119,4.196007251739502,0.7243514657020569,0.03468963
120,5.121244788169861,0.7648056596517563,0.031184427
121,2.101508229970932,0.6186659932136536,0.044149384
122,3.0468979477882385,0.6685367524623871,0.03959634
123,3.174658417701721,0.6750250160694122,0.039018188
124,5.176067352294922,0.76706762611866,0.030988226
125,3.1019026041030884,0.6713360548019409,0.039346386
126,4.847193956375122,0.7532658576965332,0.032184023
127,4.848992824554443,0.7533388435840607,0.032177355
128,4.31085079908371,0.7296041250228882,0.034233987
129,2.831285297870636,0.6574466526508331,0.040591564
130,4.720406532287598,0.7478002905845642,0.032657254
131,3.5055702924728394,0.6915097832679749,0.037559647
132,5.331637859344482,0.7734061926603317,0.03043814
133,3.5395196080207825,0.693176656961441,0.03741313
134,3.4338507056236267,0.6879758834838867,0.037871063
135,4.690635800361633,0.7465250194072723,0.03276938
136,7.267299294471741,0.8420229554176331,0.02435763
137,7.3289138078689575,0.8439009189605713,0.024185454
138,3.3794456720352173,0.6852800846099854,0.038109016
139,2.9724761843681335,0.6647284626960754,0.039937075
140,4.412747323513031,0.7342068552970886,0.033834722
141,4.914389550685883,0.75613072514534,0.031936005
142,2.5137948989868164,0.6407971084117889,0.04210273
143,4.030609726905823,0.7166859805583954,0.03535652
144,3.008168935775757,0.6665566265583038,0.039773297
145,5.33489465713501,0.7735391706228256,0.030426733
146,6.988850831985474,0.8333058059215546,0.02515113
147,2.0986077189445496,0.6185081005096436,0.044164125
148,3.189098834991455,0.675751656293869,0.038953383
149,2.7267181873321533,0.651997983455658,0.041083187
150,4.465303421020508,0.7365617752075195,0.033630617
151,10.050585269927979,0.9100489020347595,0.017679531
152,4.4436028599739075,0.7355910539627075,0.033714745
153,4.127842485904694,0.7212094664573669,0.034962937
154,4.42135363817215,0.7345811426639557,0.033801217
155,4.123342037200928,0.7210014462471008,0.034981057
156,4.305112361907959,0.7293409407138824,0.03425661
157,4.150814712047577,0.7222721576690674,0.034870587
158,0.40725596249103546,0.5234288573265076,0.053658333
159,0.5554329231381416,0.5319297015666962,0.052750714
160,2.163255959749222,0.6220145523548126,0.043836635
161,4.463901221752167,0.7364983260631561,0.03363605
162,0.08605340495705605,0.5049503445625305,0.05567976
163,4.210490882396698,0.725020170211792,0.03463183
164,3.4289315342903137,0.687730461359024,0.037892517
165,4.696865677833557,0.7467764019966125,0.03274589
166,5.573983192443848,0.7830380648374557,0.029600624
167,3.5713350772857666,0.6947307586669922,0.03727634
168,3.412441313266754,0.6869165897369385,0.037964527
169,6.637656092643738,0.821768656373024,0.026188895
170,7.295485138893127,0.8428838104009628,0.024278719
171,2.986721396446228,0.665459007024765,0.03987163
172,6.741905212402344,0.8252574056386948,0.025876453
173,4.808745384216309,0.7516150921583176,0.0323268
174,4.252701997756958,0.7269527316093445,0.034463942
175,11.372787952423096,0.9320532381534576,0.015183108
176,3.9448535442352295,0.7126595675945282,0.035707325
177,7.575654983520508,0.8512226045131683,0.023508089
178,3.935331404209137,0.7122101783752441,0.035746492
179,8.333645462989807,0.8720148950815201,0.021543574
180,5.39947509765625,0.7761337906122208,0.030201344
181,6.531922221183777,0.8181725144386292,0.026509646
182,1.3463327288627625,0.5768863558769226,0.048159655
183,5.864314436912537,0.7941797226667404,0.02862756
184,2.2849348187446594,0.6285792291164398,0.04322682
185,2.9723477363586426,0.6647219061851501,0.03993766
186,2.212534546852112,0.6246782839298248,0.043588635
187,4.934183955192566,0.7569699883460999,0.031863306
188,2.5682616233825684,0.6436741054058075,0.041839544
189,1.4074331521987915,0.5803250372409821,0.04782207
190,2.623751163482666,0.6466028690338135,0.041573104
191,5.438188910484314,0.777678370475769,0.030067034
192,4.109256565570831,0.7203486263751984,0.035037827
193,3.730098605155945,0.7024278938770294,0.036601182
194,2.6790645718574524,0.6495080888271332,0.0413092
195,2.2266457974910736,0.6254401504993439,0.04351788
196,3.6776864528656006,0.6998996436595917,0.0368227
197,5.70514976978302,0.7881253063678741,0.029156981
198,3.9924755692481995,0.7148997783660889,0.03551209
199,4.229302406311035,0.7258837223052979,0.034556914
200,4.51641172170639,0.7388397455215454,0.033433314
201,4.555087089538574,0.7405531406402588,0.033284776
202,7.248006463050842,0.8414321690797806,0.024411796
203,1.2055042386054993,0.5689521729946136,0.04894686
204,3.3308017253875732,0.6828579306602478,0.03832304
205,5.620360374450684,0.7848459631204605,0.029442994
206,2.6714184880256653,0.6491071581840515,0.04134558
207,5.238073468208313,0.7696100920438766,0.030767793
208,6.293590664863586,0.8098679631948471,0.027247112
209,7.4798643589019775,0.8484253436326981,0.023768771
210,4.532113969326019,0.7395357489585876,0.033372927
211,6.915642023086548,0.8309513032436371,0.02536401
212,6.877692937850952,0.829719603061676,0.02547507
213,2.2241950035095215,0.6253079175949097,0.043530162
214,7.150241136550903,0.8384038954973221,0.02468812
215,2.1588823199272156,0.6217774152755737,0.043858714
216,1.7851343750953674,0.6013375818729401,0.04578711
217,1.7486433684825897,0.599321722984314,0.04597988
218,4.53710675239563,0.7397571206092834,0.033353753
219,6.086181998252869,0.8024062216281891,0.027905572
220,4.317414462566376,0.7299011051654816,0.03420813
221,3.5145729780197144,0.6919481754302979,0.037520733
222,1.129700094461441,0.564666360616684,0.049375895
223,3.319736123085022,0.6823064386844635,0.038371895
224,7.8413355350494385,0.85882568359375,0.022799918
225,4.200540482997894,0.7245630323886871,0.034671526
226,4.205695688724518,0.7247996032238007,0.03465096
227,2.7481231093406677,0.6531190872192383,0.040982068
228,3.9501240849494934,0.7129079401493073,0.035685666
229,2.248472273349762,0.6266164779663086,0.043408666
230,5.116640329360962,0.7646117955446243,0.031200964
231,6.694225072860718,0.8236684501171112,0.02601889
232,3.2416346669197083,0.6783969700336456,0.03871848
233,6.403250098228455,0.8137253075838089,0.026905278
234,2.9537752270698547,0.6637681722640991,0.040023148
235,2.4561183154582977,0.6377336382865906,0.042383235
236,8.551853895187378,0.8775182664394379,0.021009093
237,7.8398871421813965,0.8587814420461655,0.022803716
238,4.746725261211395,0.7489411532878876,0.03255845
239,3.778068423271179,0.7047320604324341,0.0363996
240,3.1197988986968994,0.6722458899021149,0.039265405
241,2.8878387808799744,0.6603710949420929,0.040328126
242,7.218695282936096,0.8405287265777588,0.024494313
243,1.563550978899002,0.5890454351902008,0.046970207
244,3.8031014800071716,0.7059295475482941,0.036294848
245,2.287438064813614,0.6287132203578949,0.043214362
246,5.09779155254364,0.7638325244188309,0.031268742
247,3.0994611978530884,0.6712129712104797,0.039357457
248,6.765392422676086,0.8260357528924942,0.025806574
249,6.5513622760772705,0.8188404440879822,0.026450379
250,3.665633797645569,0.699315994977951,0.036873836
251,0.04120591562241316,0.5023728013038635,0.055967998
252,4.124490022659302,0.721052885055542,0.034976434
253,2.518559992313385,0.6410488486289978,0.042079635
254,3.3318787813186646,0.6829124689102173,0.038318288
255,2.8570005297660828,0.6587750911712646,0.040471565
256,2.620542049407959,0.6464342474937439,0.04158847
257,3.80863755941391,0.7061940133571625,0.03627172
258,5.141428709030151,0.7656379342079163,0.031112045
259,6.949822902679443,0.8320538848638535,0.025264394
260,5.948113203048706,0.7973160296678543,0.028352698
261,2.073409855365753,0.6171384453773499,0.044292435
262,4.813157618045807,0.7518063634634018,0.03231039
263,5.357310175895691,0.7744419723749161,0.030348312
264,4.841112792491913,0.7530064284801483,0.032206565
265,5.0812214612960815,0.7631442695856094,0.03132845
266,3.371298909187317,0.6848736107349396,0.03814478
267,4.693823456764221,0.746643990278244,0.032757357
268,2.4322573840618134,0.6364634931087494,0.042499825
269,2.977040112018585,0.6649631559848785,0.03991609
270,3.7174999713897705,0.701821357011795,0.03665431
271,6.590967178344727,0.8201886266469955,0.026330048
272,4.845815598964691,0.7532069236040115,0.032189135
273,5.653748512268066,0.7861419320106506,0.029330036
274,3.117821514606476,0.672143280506134,0.039274346
275,1.7401961982250214,0.5988602042198181,0.046024617
276,3.881561756134033,0.7096659243106842,0.035968464
277,9.924953579902649,0.9076527655124664,0.017937103
278,5.863471031188965,0.7941483110189438,0.028630339
279,7.864387035369873,0.8594639003276825,0.022739485
280,4.7172752022743225,0.7476640045642853,0.032669034
281,7.9163044691085815,0.8609015494585037,0.022603972
282,3.4268510341644287,0.6876286566257477,0.03790159
283,2.2596509754657745,0.6272174417972565,0.043352835
284,3.4309664368629456,0.6878332793712616,0.03788364
285,1.5362083911895752,0.5875203013420105,0.047118295
286,4.275003373622894,0.7279714941978455,0.034375567
287,4.08113569021225,0.7190422415733337,0.03515145
288,3.879863917827606,0.7095852792263031,0.0359755
289,7.085928916931152,0.8363876342773438,0.02487159
290,3.347914218902588,0.683712512254715,0.038247608
291,4.16056364774704,0.7227198779582977,0.03483147
292,3.9809489250183105,0.714358925819397,0.03555925
293,3.042929768562317,0.6683317422866821,0.03961444
294,1.8376050889492035,0.6042304039001465,0.045511357
295,4.6925535798072815,0.7465886771678925,0.032762147
296,7.200435996055603,0.8399641662836075,0.024545861
297,2.5066012144088745,0.6404151320457458,0.042137615
298,1.3987953960895538,0.5798330903053284,0.047869645
299,3.503427803516388,0.6914038360118866,0.037568916
300,3.079332113265991,0.6701894104480743,0.03944877
301,4.392747282981873,0.733306884765625,0.033912726
302,1.2911531329154968,0.5737864673137665,0.048466586
303,2.3551666736602783,0.6323463320732117,0.04287871
304,5.633137822151184,0.7853380292654037,0.029399715
305,5.035982131958008,0.7612559646368027,0.031492047
306,2.903338074684143,0.661171942949295,0.04025624
307,4.585065245628357,0.7418775260448456,0.0331701
308,4.504499137401581,0.7383092045783997,0.0334792
309,5.99765419960022,0.7991528213024139,0.028191444
310,1.4818158745765686,0.584482342004776,0.047414284
311,6.963469386100769,0.8324928283691406,0.025224732
312,2.272391617298126,0.6279032528400421,0.043289293
313,4.545907974243164,0.7401472330093384,0.033319972
314,4.200843870639801,0.7245769202709198,0.03467032
315,2.4555177986621857,0.6377023160457611,0.04238617
316,7.593652606010437,0.8517651110887527,0.023459425
317,2.5250810384750366,0.641394317150116,0.04204806
318,0.35271596163511276,0.5202931463718414,0.05399633
319,3.9910313487052917,0.7148319184780121,0.035517994
320,3.902195394039154,0.7106409668922424,0.03588312
321,3.777623772621155,0.7047106325626373,0.03640146
322,3.70322048664093,0.7011324763298035,0.036714617
323,1.7398789525032043,0.5988370180130005,0.046026297
324,7.299221754074097,0.8429976999759674,0.024268275
325,3.0776247382164,0.6701034307479858,0.03945652
326,1.9236551225185394,0.6089591383934021,0.04506271
327,2.3312057554721832,0.6310626566410065,0.04299715
328,2.0658397674560547,0.6167263090610504,0.04433105
329,3.1401878595352173,0.6732782423496246,0.039173342
330,4.680553674697876,0.7460655272006989,0.032807443
331,4.378807842731476,0.7326827347278595,0.033967193
332,4.41731184720993,0.7344121634960175,0.033816952
333,3.8337314128875732,0.7073923349380493,0.036167078
334,7.915093898773193,0.8608644008636475,0.022607123
335,4.367963075637817,0.7321876883506775,0.034009628
336,3.106074035167694,0.6715490818023682,0.039327495
337,2.6693838834762573,0.6490038931369781,0.041355263
338,3.415888547897339,0.6870862245559692,0.03794946
339,2.5632894039154053,0.6434154510498047,0.041863497
340,2.604498565196991,0.64559006690979,0.041665353
341,4.785961806774139,0.750635951757431,0.03241171
342,3.553069531917572,0.6938380897045135,0.037354812
343,3.267338275909424,0.6796864867210388,0.038604073
344,2.2866082191467285,0.6286693811416626,0.0432185
345,3.327622413635254,0.6827011704444885,0.038337063
346,3.0568012595176697,0.6690546870231628,0.039551232
347,4.670330882072449,0.7456193268299103,0.032846075
348,2.9892176389694214,0.6655870676040649,0.039860163
349,1.7858153581619263,0.6013754606246948,0.045783527
350,4.644323885440826,0.7444818019866943,0.032944568
351,8.218854069709778,0.869035929441452,0.021830177
352,4.664093554019928,0.7453441023826599,0.032869667
353,1.103043332695961,0.5631571412086487,0.049527664
354,2.500159442424774,0.640073299407959,0.042168878
355,6.742359399795532,0.8252705782651901,0.0258751
356,4.591918885707855,0.742179661989212,0.033143934
357,2.3564812541007996,0.6324169933795929,0.042872217
358,3.898671567440033,0.7104780077934265,0.035897683
359,2.4536415934562683,0.6376010477542877,0.042395327
360,5.8530813455581665,0.793756365776062,0.028664604
361,3.6202478408813477,0.6971123814582825,0.03706702
362,6.107881665229797,0.803196132183075,0.027835945
363,6.744276285171509,0.8253355026245117,0.02586939
364,5.520964860916138,0.7809547632932663,0.029781856
365,2.800162136554718,0.6558290421962738,0.040737268
366,1.6037565469741821,0.5912851393222809,0.046753287
367,6.9915711879730225,0.8333922326564789,0.025143253
368,3.190697729587555,0.675833523273468,0.038946204
369,0.4578724130988121,0.5263333916664124,0.053346556
370,3.907648026943207,0.7109020948410034,0.035860606
371,5.732737183570862,0.7891835570335388,0.029064523
372,3.7095043063163757,0.7014367878437042,0.036688063
373,3.4000614285469055,0.6863056421279907,0.03801867
374,2.389446496963501,0.634181410074234,0.042709816
375,3.0752164125442505,0.6699799597263336,0.039467465
376,4.471879601478577,0.7368544042110443,0.033605166
377,2.297981083393097,0.6292810440063477,0.04316194
378,3.2224178314208984,0.6774311363697052,0.038804237
379,6.752901077270508,0.8256214112043381,0.025843717
380,4.710274338722229,0.7473596036434174,0.032695375
381,6.984236240386963,0.8331584632396698,0.025164494
382,2.6471728086471558,0.647836297750473,0.041461155
383,3.576548397541046,0.694985419511795,0.037253972
384,6.855061054229736,0.8289812058210373,0.025541535
385,6.80899441242218,0.8274766504764557,0.025677355
386,4.662728309631348,0.7452855706214905,0.032874834
387,5.710484981536865,0.7883309721946716,0.029139075
388,3.802807629108429,0.7059155702590942,0.03629607
389,2.9588335752487183,0.6640280187129974,0.039999846
390,4.993036687374115,0.7594542652368546,0.03164814
391,4.167084097862244,0.723022997379303,0.03480533
392,4.25879567861557,0.7272319793701172,0.03443977
393,5.994024276733398,0.799018993973732,0.028203227
394,2.382996678352356,0.6338350176811218,0.04274154
395,5.042566657066345,0.7615245282649994,0.031468183
396,1.8884959816932678,0.6070292890071869,0.045245484
397,4.045142829418182,0.7173650562763214,0.035297412
398,3.5216674208641052,0.6923036575317383,0.0374901
399,4.7549667954444885,0.7492980659008026,0.032527577
400,3.5843688249588013,0.695366621017456,0.03722045
401,3.396880328655243,0.6861451268196106,0.038032595
402,4.59637314081192,0.7423771023750305,0.033126943
403,6.730775833129883,0.8248863965272903,0.025909632
404,4.509068429470062,0.7385102808475494,0.03346159
405,3.347354233264923,0.6836845576763153,0.038250078
406,2.9351985454559326,0.6628118455410004,0.04010883
407,0.9636121243238449,0.5552434921264648,0.050329126
408,5.213049054145813,0.7685865312814713,0.030856565
409,7.338355779647827,0.8441873788833618,0.024159182
410,4.98585432767868,0.7591513991355896,0.031674318
411,5.30454695224762,0.7723124027252197,0.030533226
412,2.2020597755908966,0.6241115629673004,0.04364124
413,6.888631582260132,0.830076277256012,0.025443006
414,4.656496942043304,0.7450116574764252,0.032898434
415,6.1794739961624146,0.8057889342308044,0.027607456
416,6.116403341293335,0.8035061359405518,0.027808648
417,2.598245143890381,0.6452616155147552,0.04169536
418,4.32800680398941,0.7303791046142578,0.034166437
419,0.9960746765136719,0.5570882260799408,0.05014138
420,0.591726116836071,0.5340093374252319,0.052530758
421,2.360243797302246,0.6326183974742889,0.042853646
422,1.4498770236968994,0.582700252532959,0.047588952
423,2.727779746055603,0.6520556211471558,0.041078165
424,5.43601930141449,0.777592271566391,0.030074544
425,2.396450489759445,0.6345538198947906,0.04267539
426,4.831905364990234,0.7526109963655472,0.032240722
427,2.219911813735962,0.6250768303871155,0.04355163
428,3.1760606169700623,0.6750936806201935,0.039011892
429,3.48500519990921,0.6904983818531036,0.037648685
430,2.7364304661750793,0.6525070369243622,0.041037273
431,2.4067793786525726,0.6351051032543182,0.042624667
432,2.0760948956012726,0.6172848343849182,0.044278745
433,0.6284312903881073,0.536112904548645,0.052309237
434,3.7883663177490234,0.7052246630191803,0.036356468
435,2.482582777738571,0.6391410529613495,0.042254295
436,4.936690032482147,0.757076770067215,0.031854115
437,4.409452974796295,0.7340592741966248,0.033847563
438,4.307682812213898,0.7294589579105377,0.034246475
439,3.601333498954773,0.6961923241615295,0.037147824
440,4.047963321208954,0.7174961864948273,0.035285957
441,6.156055331230164,0.8049440383911133,0.027681986
442,3.728622794151306,0.7023565769195557,0.0366074
443,3.7494218349456787,0.7033563554286957,0.036519848
444,3.775480091571808,0.7046065628528595,0.036410447
445,1.2279527634382248,0.5702196657657623,0.048820518
446,1.6961954534053802,0.5964182913303375,0.046258356
447,5.217938423156738,0.7687883228063583,0.030839203
448,2.265731692314148,0.6275439262390137,0.043322492
449,1.169426143169403,0.5669136345386505,0.04915059
450,2.511287033557892,0.6406633257865906,0.042114895
451,3.492461144924164,0.690865159034729,0.037616376
452,3.3702534437179565,0.6848239898681641,0.038149368
453,4.238011837005615,0.7262815833091736,0.03452228
454,3.503142297267914,0.6913903653621674,0.037570145
455,4.9436309933662415,0.7573701292276382,0.03182867
456,8.25487196445465,0.869976818561554,0.021739844
457,2.152266800403595,0.6214194297790527,0.043892134
458,3.690461218357086,0.7005167901515961,0.03676859
459,3.6681637167930603,0.6994382739067078,0.0368631
460,6.689172983169556,0.8234995603561401,0.02603403
461,6.782153248786926,0.8265897780656815,0.025756827
462,5.021598935127258,0.7606540471315384,0.03154424
463,1.3346883654594421,0.5762320160865784,0.04822426
464,3.2594943046569824,0.6792952120304108,0.03863895
465,4.011794328689575,0.7158054411411285,0.035433196
466,5.181009769439697,0.7672695219516754,0.0309706
467,4.27786648273468,0.7281050682067871,0.034364235
468,1.9620683789253235,0.6110630035400391,0.044863854
469,4.921396374702454,0.7564280331134796,0.031910248
470,2.5005164742469788,0.640092134475708,0.042167153
471,2.008453458547592,0.613596498966217,0.04462491
472,5.778478980064392,0.7909306883811951,0.028911864
473,2.1440303325653076,0.6209807693958282,0.04393377
474,2.9899710416793823,0.665625661611557,0.03985671
475,4.364432394504547,0.7320302128791809,0.034023453
476,2.0924486219882965,0.6181738376617432,0.04419545
477,3.896988034248352,0.7103973031044006,0.035904642
478,5.528577566146851,0.7812561690807343,0.02975577
479,2.148469239473343,0.621213972568512,0.043911323
480,5.551697015762329,0.7821640968322754,0.029676672
481,7.016989588737488,0.8342001438140869,0.025069783
482,4.682479500770569,0.7461413443088531,0.03280016
483,4.424617290496826,0.7347409427165985,0.033788517
484,3.826293647289276,0.7070371508598328,0.03619806
485,6.438043117523193,0.8149354308843613,0.026797721
486,6.106235980987549,0.8031350672245026,0.027841214
487,0.8190038055181503,0.5470062792301178,0.051174056
488,9.3100506067276,0.895078718662262,0.01925296
489,3.619557023048401,0.6970804631710052,0.037069965
490,6.452996134757996,0.8154559135437012,0.026751628
491,2.138601243495941,0.6206789314746857,0.043961238
492,3.7797898054122925,0.704814076423645,0.036392383
493,3.199772536754608,0.6762900352478027,0.038905535
494,3.334891200065613,0.6830654740333557,0.038305
495,2.6590165495872498,0.6484546959400177,0.041404657
496,2.633182108402252,0.6470982432365417,0.04152799
497,3.7063252925872803,0.7012827396392822,0.036701493
498,8.039349913597107,0.8642588704824448,0.022286018
499,8.227760195732117,0.8692687749862671,0.021807808
500,3.1112608313560486,0.6718122661113739,0.039304018
501,8.702911734580994,0.881208248436451,0.020646881
502,6.575035452842712,0.8196461945772171,0.026378388
503,3.0098122358322144,0.6666518747806549,0.03976577
504,2.975410223007202,0.664879560470581,0.039923582
505,3.7830790877342224,0.7049711048603058,0.036378603
506,7.44225800037384,0.8473079800605774,0.023871906
507,5.780050754547119,0.79099041223526,0.028906634
508,4.1730797290802,0.7232993841171265,0.03478132
509,4.007944464683533,0.7156253159046173,0.035448898
510,5.239328145980835,0.7696613222360611,0.030763349
511,3.477570414543152,0.6901327073574066,0.037680913
512,3.131941258907318,0.6728611290454865,0.03921055
513,2.8522539138793945,0.6585310399532318,0.040493686
514,2.800185978412628,0.6558303236961365,0.04073716
515,3.7327569723129272,0.7025558948516846,0.036589976
516,6.067413687705994,0.8017195463180542,0.027965935
517,5.922757983207703,0.7963709533214569,0.028435582
518,4.154380559921265,0.7224406599998474,0.034856275
519,4.125949740409851,0.7211214005947113,0.034970555
520,2.517736852169037,0.6410053968429565,0.04208362
521,2.0450550317764282,0.6155981123447418,0.044437256
522,10.333572626113892,0.9152418375015259,0.01711281
523,3.7773674726486206,0.704697996377945,0.03640254
524,4.008957743644714,0.715672641992569,0.03544477
525,6.58308744430542,0.8199208825826645,0.026353948
526,7.084593772888184,0.8363464325666428,0.024875415
527,2.880144715309143,0.6599739491939545,0.040363867
528,2.1181587874889374,0.6195602118968964,0.044064827
529,2.9628583788871765,0.6642347872257233,0.039981317
530,2.6545697450637817,0.6482236087322235,0.04142586
531,4.848077595233917,0.7533037960529327,0.032180745
532,7.2168660163879395,0.8404723107814789,0.02449947
533,3.502001464366913,0.6913346648216248,0.03757508
534,4.696424901485443,0.7467546463012695,0.032747544
535,4.657963514328003,0.7450774908065796,0.03289288
536,1.9975489377975464,0.6129951179027557,0.04468097
537,2.029011696577072,0.6147191226482391,0.044519413
538,6.77278995513916,0.8262806981801987,0.025784608
539,3.7066203355789185,0.7012973129749298,0.03670024
540,3.9424610137939453,0.7125471532344818,0.035717163
541,4.687700271606445,0.7463749349117279,0.032780457
542,2.3895086348056793,0.6341827809810638,0.04270951
543,4.87965852022171,0.75465227663517,0.032063954
544,2.503707706928253,0.6402613818645477,0.042151656
545,3.177335560321808,0.6751581728458405,0.03900617
546,4.291199445724487,0.728705495595932,0.034311526
547,1.7346689105033875,0.5985473096370697,0.04605391
548,5.418216586112976,0.7768824398517609,0.03013625
549,4.093331694602966,0.7196093499660492,0.035102125
550,5.032387375831604,0.7611039727926254,0.03150509
551,5.95828652381897,0.7976948320865631,0.028319506
552,2.5559380650520325,0.6430270075798035,0.041898947
553,6.682977676391602,0.8232920914888382,0.026052602
554,2.876434028148651,0.659782201051712,0.04038112
555,2.9229509830474854,0.6621821224689484,0.040165436
556,2.220716029405594,0.6251202821731567,0.043547597
557,5.379384160041809,0.7753288149833679,0.030271273
558,4.79674369096756,0.7511003464460373,0.0323715
559,3.007562756538391,0.6665264070034027,0.039776076
560,7.378316521644592,0.8453941494226456,0.02404829
561,2.836928963661194,0.6577363908290863,0.040565193
562,1.2896955013275146,0.5736999809741974,0.048474714
563,6.056981086730957,0.8013369143009186,0.027999545
564,1.5939019620418549,0.5907364189624786,0.04680636
565,2.068101316690445,0.6168496608734131,0.044319514
566,2.6894372701644897,0.6500524580478668,0.041259896
567,3.330885171890259,0.6828639209270477,0.03832267
568,8.392971754074097,0.8735284805297852,0.021396928
569,1.717166006565094,0.5975797772407532,0.046146818
570,3.6354634165763855,0.6978533267974854,0.03700214
571,2.494947761297226,0.6397964060306549,0.042194188
572,5.071597099304199,0.76274174451828,0.031363178
573,1.9519154727458954,0.610507071018219,0.044916328
574,2.072587311267853,0.6170937716960907,0.044296626
575,2.11936816573143,0.6196357905864716,0.04405869
576,2.275167852640152,0.6280537247657776,0.043275453
577,6.782969236373901,0.8266166746616364,0.025754409
578,8.064507842063904,0.8649395704269409,0.022221565
579,2.822919189929962,0.6570071876049042,0.040630676
580,3.991231620311737,0.714841365814209,0.035517175
581,2.3383887112140656,0.6314502060413361,0.042961612
582,9.969286322593689,0.9085044488310814,0.017845787
583,2.844012975692749,0.6581044793128967,0.040532123
584,6.514243483543396,0.8175687938928604,0.026563654
585,1.557876169681549,0.5887288153171539,0.047000896
586,5.382068157196045,0.775434210896492,0.03026193
587,4.109921157360077,0.7203794121742249,0.03503515
588,3.9749538898468018,0.7140758633613586,0.035583805
589,2.416883260011673,0.6356443464756012,0.04257512
590,7.3550945520401,0.844693660736084,0.024112668
591,4.204554855823517,0.7247450649738312,0.034655515
592,6.6508948802948,0.8222146928310394,0.026149008
593,3.928949534893036,0.7119089961051941,0.035772763
594,4.906410574913025,0.7557903379201889,0.031965353
595,8.148062229156494,0.8671694844961166,0.022008825
596,2.886379063129425,0.6602967977523804,0.04033491
597,3.9832860231399536,0.7144658267498016,0.035549685
598,7.56061851978302,0.8508013039827347,0.023548817
599,2.7071499824523926,0.6509785950183868,0.041175846
600,3.65043044090271,0.6985776722431183,0.036938433
601,1.768372803926468,0.6004120409488678,0.04587556
602,0.7017217576503754,0.540306568145752,0.05186972
603,0.7253491878509521,0.5416575968265533,0.05172882
604,4.40895140171051,0.7340369820594788,0.033849515
605,8.015204071998596,0.8636059910058975,0.02234806
606,2.2584983706474304,0.6271567642688751,0.043358583
607,3.2263079285621643,0.6776268482208252,0.038786862
608,0.06804844364523888,0.503917932510376,0.05579529
609,4.582093358039856,0.7417675256729126,0.03318145
610,4.117771685123444,0.7207433581352234,0.035003494
611,1.6740551590919495,0.5951909124851227,0.046376422
612,6.17206871509552,0.8055195063352585,0.027630998
613,3.1088024377822876,0.6716877222061157,0.039315145
614,2.9539471864700317,0.663778692483902,0.040022355
615,4.11102294921875,0.7204303741455078,0.0350307
616,4.052385091781616,0.7177029848098755,0.03526799
617,5.044255256652832,0.7616013735532761,0.03146207
618,7.601341605186462,0.8519884496927261,0.023438672
619,2.4805548787117004,0.6390329301357269,0.042264163
620,10.110596418380737,0.9111757054924965,0.017557802
621,4.785661101341248,0.7506188154220581,0.032412834
622,3.7406355142593384,0.7029345631599426,0.036556806
623,3.903646767139435,0.7107124328613281,0.035877127
624,4.468674659729004,0.7367123365402222,0.033617564
625,3.090243339538574,0.670751303434372,0.039399236
626,6.025989651679993,0.800197422504425,0.028099626
627,2.7054613828659058,0.6508910059928894,0.04118385
628,4.783650040626526,0.7505366504192352,0.032420333
629,0.8113165199756622,0.5465678572654724,0.051219363
630,4.772871732711792,0.7500559985637665,0.032460593
631,2.695131301879883,0.6503522992134094,0.041232854
632,4.796884059906006,0.7511067688465118,0.032370977
633,4.68585878610611,0.7462963461875916,0.03278741
634,5.592164993286133,0.7837473303079605,0.029538726
635,3.7244144082069397,0.7021548449993134,0.036625136
636,7.019509673118591,0.8342844396829605,0.025062509
637,4.633759558200836,0.7440186440944672,0.032984663
638,3.2460302114486694,0.6786203980445862,0.038698893
639,4.978933036327362,0.7588612139225006,0.031699568
640,2.272544205188751,0.6279127597808838,0.043288525
641,2.784472107887268,0.6550133228302002,0.040810924
642,5.188868045806885,0.7675950527191162,0.030942585
643,2.6407787203788757,0.6474985182285309,0.041491684
644,4.299047589302063,0.729066789150238,0.034280542
645,4.856785237789154,0.7536762952804565,0.032148503
646,2.5930508971214294,0.6449849903583527,0.041720305
647,2.676093578338623,0.649351954460144,0.04132333
648,2.5445565581321716,0.6424258351325989,0.04195388
649,3.6409857869148254,0.6981213688850403,0.03697862
650,5.276740193367004,0.7711845934391022,0.03063113
651,1.6025081276893616,0.5912149250507355,0.04676001
652,8.220176100730896,0.8690707832574844,0.021826856
653,6.569808721542358,0.8194702714681625,0.026394267
654,3.278988003730774,0.6802704930305481,0.038552325
655,7.770121097564697,0.8568215370178223,0.022987617
656,2.0595435798168182,0.6163839399814606,0.0443632
657,0.9930825233459473,0.5569185614585876,0.050158657
658,1.614140272140503,0.5918619334697723,0.04669743
659,10.191535949707031,0.9126707464456558,0.01739495
660,7.210220694541931,0.8402666598558426,0.024518222
661,2.2025948762893677,0.6241417825222015,0.043638542
662,2.50188946723938,0.6401650905609131,0.042160485
663,1.8253529071807861,0.6035555601119995,0.0455756
664,7.877218723297119,0.8598209172487259,0.022705916
665,7.747123837471008,0.8561734110116959,0.023048561
666,0.8015559613704681,0.5460106730461121,0.051276952
667,1.5247802436351776,0.5868825912475586,0.047180336
668,4.7085219621658325,0.7472830712795258,0.03270197
669,2.9567942023277283,0.6639271974563599,0.04000924
670,4.5346421003341675,0.7396445274353027,0.033363216
671,6.125668287277222,0.8038391172885895,0.027778998
672,4.566591680049896,0.7410571873188019,0.03324072
673,5.165166854858398,0.766616627573967,0.031027135
674,5.774775743484497,0.7907895892858505,0.028924191
675,2.11140975356102,0.6192038655281067,0.044099078
676,5.1068079471588135,0.7642102092504501,0.031236302
677,5.689451694488525,0.7875208407640457,0.029209722
678,6.2192124128341675,0.8072168976068497,0.027481433
679,4.609802067279816,0.742964118719101,0.03307577
680,7.773630619049072,0.8569176942110062,0.02297833
681,5.325981974601746,0.7731796354055405,0.03045797
682,5.30518651008606,0.772338792681694,0.03053098
683,8.381725549697876,0.8732452988624573,0.02142465
684,4.286871552467346,0.7285123467445374,0.03432863
685,6.220722794532776,0.807270810008049,0.027476655
686,3.5760799050331116,0.6949629187583923,0.037255984
687,3.0262145400047302,0.6674655079841614,0.03969075
688,2.325807958841324,0.6307735741138458,0.043023884
689,5.935721397399902,0.7968519181013107,0.028393174
690,3.691108822822571,0.7005479335784912,0.036765847
691,4.43390429019928,0.7351564764976501,0.033752408
692,2.9798904061317444,0.665108859539032,0.039902996
693,3.6448541283607483,0.6983086466789246,0.03696216
694,6.095827221870422,0.8027558624744415,0.027874606
695,2.295864224433899,0.6291660368442535,0.043172464
696,1.7873483896255493,0.6014600098133087,0.04577546
697,2.4988076090812683,0.6400003433227539,0.042175442
698,10.049241781234741,0.9100232571363449,0.017682267
699,2.8973838686943054,0.6608639359474182,0.04028384
700,3.268526792526245,0.6797461807727814,0.03859879
701,2.8835347294807434,0.6601491272449493,0.040348116
702,3.323560357093811,0.6824983656406403,0.038355004
703,7.545127868652344,0.8503479063510895,0.023590853
704,6.035138368606567,0.8005281835794449,0.028070046
705,1.3245435059070587,0.5756612122058868,0.048280623
706,5.848666429519653,0.7935903668403625,0.028679175
707,1.7966103553771973,0.6019712090492249,0.045726653
708,4.054683446884155,0.7178110480308533,0.035258666
709,5.234042406082153,0.769445538520813,0.030782074
710,7.558379769325256,0.8507426232099533,0.023554888
711,4.073714911937714,0.718696266412735,0.035181496
712,1.811867207288742,0.6028124690055847,0.045646414
713,7.122020125389099,0.8375218212604523,0.024768462
714,2.9757091403007507,0.6648918986320496,0.039922204
715,6.525899767875671,0.8179656118154526,0.026528034
716,1.9170978665351868,0.6085992455482483,0.04509674
717,4.9372780323028564,0.7571006864309311,0.031851955
718,2.522130608558655,0.6412380337715149,0.042062346
719,5.456664562225342,0.7784128934144974,0.030003145
720,7.236502766609192,0.8410781770944595,0.024444146
721,2.471732348203659,0.63856440782547,0.042307112
722,4.425753951072693,0.7347907423973083,0.0337841
723,2.2061485052108765,0.6243338584899902,0.043620702
724,4.417824745178223,0.7344335317611694,0.03381495
725,2.326953262090683,0.6308349967002869,0.043018214
726,3.086961507797241,0.6705776751041412,0.039414134
727,4.4789281487464905,0.7371722161769867,0.033577908
728,2.975306808948517,0.6648736894130707,0.03992405
729,3.8397586345672607,0.7076787948608398,0.03614199
730,4.677540361881256,0.7459340691566467,0.03281882
731,0.38266871124505997,0.5220140218734741,0.053810447
732,4.383605420589447,0.7328926622867584,0.033948433
733,6.186763048171997,0.8060512095689774,0.027584294
734,3.763408362865448,0.7040285170078278,0.036461085
735,2.460951954126358,0.6379885971546173,0.042359658
736,2.99218088388443,0.6657385230064392,0.039846573
737,3.974621295928955,0.7140611112117767,0.03558516
738,4.600958526134491,0.7425777316093445,0.03310946
739,4.232805371284485,0.7260430157184601,0.034542978
740,3.0918672680854797,0.670843631029129,0.039391875
741,6.6870105266571045,0.82342728972435,0.026040507
742,2.3211514949798584,0.6305237710475922,0.043046948
743,3.184989094734192,0.6755445301532745,0.03897181
744,3.96973580121994,0.71383136510849,0.035605185
745,6.7475563287734985,0.825443685054779,0.025859628
746,4.373481571674347,0.7324304580688477,0.033988025
747,4.261980652809143,0.7273877561092377,0.03442714
748,5.587116479873657,0.7835509777069092,0.029555898
749,2.2783562541007996,0.6282252371311188,0.04325956
750,4.527123272418976,0.7393127083778381,0.033392113
751,4.799901247024536,0.7512336373329163,0.032359738
752,4.225860834121704,0.7257245779037476,0.034570605
753,5.347349047660828,0.7740382999181747,0.030383134
754,2.510194182395935,0.6406168937683105,0.04212019
755,2.6650086045265198,0.6487706899642944,0.041376106
756,5.667327642440796,0.7866681963205338,0.029284216
757,4.3754643201828,0.7325282990932465,0.033980265
758,4.190895259380341,0.7241198420524597,0.03471005
759,1.9644972681999207,0.611195981502533,0.044851303
760,4.098368585109711,0.7198432981967926,0.035081778
761,4.003606140613556,0.7154218554496765,0.03546661
762,2.379925549030304,0.6336722075939178,0.042756658
763,3.778618574142456,0.7047581970691681,0.036397293
764,4.566143155097961,0.7410421371459961,0.033242438
765,2.441539913415909,0.6369580328464508,0.042454436
766,2.046583592891693,0.6156778931617737,0.04442944
767,4.6419525146484375,0.7443775534629822,0.032953564
768,7.109559774398804,0.8371320366859436,0.024804017
769,5.687472820281982,0.7874415069818497,0.02921638
770,1.5713147819042206,0.5894781053066254,0.046928246
771,2.773972451686859,0.6544663906097412,0.04086028
772,3.9479035139083862,0.7128033936023712,0.03569479
773,4.732075333595276,0.7483064234256744,0.032613415
774,6.630837321281433,0.8215393871068954,0.026209466
775,1.7506523430347443,0.5994327664375305,0.045969248
776,3.4326928853988647,0.6879186630249023,0.03787611
777,2.603554129600525,0.6455398499965668,0.041669887
778,3.956606388092041,0.7132134735584259,0.03565904
779,2.6127859950065613,0.6460255086421967,0.041625615
780,9.256356954574585,0.8939160779118538,0.019372344
781,4.249091744422913,0.7267877161502838,0.03447827
782,4.98343288898468,0.7590372115373611,0.03168315
783,3.5154440999031067,0.6919943392276764,0.037516978
784,7.16463565826416,0.8388521820306778,0.02464724
785,5.256450176239014,0.7703593373298645,0.030702766
786,6.4781492948532104,0.8163258582353592,0.026674272
787,7.116550803184509,0.8373509794473648,0.02478406
788,5.720925331115723,0.7887350022792816,0.02910407
789,3.7411218881607056,0.7029588520526886,0.036554758
790,5.709388256072998,0.7882899045944214,0.029142758
791,6.472576856613159,0.8161325603723526,0.026691388
792,4.215393960475922,0.7252455651760101,0.034612287
793,4.791744947433472,0.7508864253759384,0.032390136
794,6.2756264209747314,0.8092308342456818,0.027303526
795,3.1816959381103516,0.6753773391246796,0.038986582
796,8.247613310813904,0.8697877377271652,0.021758016
797,6.126009225845337,0.8038548976182938,0.027777908
798,4.189187586307526,0.7240408957004547,0.034716874
799,3.8603726029396057,0.7086601257324219,0.036056317
800,7.084329128265381,0.8363417237997055,0.024876174
801,6.092679500579834,0.8026446551084518,0.027884705
802,2.1976950764656067,0.623877227306366,0.043663166
803,2.491336464881897,0.6396059095859528,0.042211734
804,1.3157197833061218,0.5751665234565735,0.048329692
805,5.789161324501038,0.7913370579481125,0.028876329
806,2.1960508823394775,0.6237882077693939,0.043671437
807,5.82432746887207,0.7926691174507141,0.028759653
808,4.051110148429871,0.7176431715488434,0.03527318
809,10.474416017532349,0.9177237376570702,0.016837562
810,1.6467741131782532,0.5936776399612427,0.046522304
811,3.4978726506233215,0.6911314129829407,0.03759295
812,2.8806358575820923,0.6599991917610168,0.040361587
813,6.7119187116622925,0.8242594301700592,0.025965944
814,8.510572910308838,0.8764922544360161,0.02110918
815,0.5632957071065903,0.5323812961578369,0.052702982
816,3.6996236443519592,0.7009589076042175,0.036729828
817,1.6405515372753143,0.5933299958705902,0.04655566
818,4.899740219116211,0.7555074840784073,0.031989913
819,2.523142397403717,0.6412959396839142,0.042057443
820,6.477982401847839,0.8163192123174667,0.026674785
821,5.566264390945435,0.7827353179454803,0.029626941
822,4.037721157073975,0.7170184552669525,0.03532758
823,3.680974245071411,0.7000584304332733,0.03680877
824,2.7744650840759277,0.6544919312000275,0.040857963
825,7.042889595031738,0.8350275754928589,0.024995139
826,4.638115763664246,0.7442096173763275,0.032968126
827,4.259073734283447,0.7272445261478424,0.03443867
828,4.394082129001617,0.7333665788173676,0.03390751
829,1.9610494375228882,0.6110072433948517,0.04486912
830,7.0391905307769775,0.8349102884531021,0.025005788
831,4.855251312255859,0.7536111623048782,0.03215418
832,3.674796223640442,0.6997595429420471,0.036834963
833,5.436431169509888,0.7776085436344147,0.030073116
834,4.624806046485901,0.7436258494853973,0.03301868
835,1.3397519290447235,0.576516330242157,0.048196156
836,4.250962138175964,0.7268744707107544,0.034470845
837,2.672574818134308,0.6491694450378418,0.041340075
838,2.3944976925849915,0.634447306394577,0.042684987
839,3.0596256256103516,0.6691856682300568,0.03953837
840,4.964207708835602,0.758239358663559,0.031753354
841,4.619222581386566,0.7433796226978302,0.033039913
842,5.911961793899536,0.7959674745798111,0.028470946
843,4.665450751781464,0.7454061806201935,0.032864537
844,3.7817788124084473,0.7049091756343842,0.03638406
845,4.830534756183624,0.7525525242090225,0.032245807
846,1.8415839970111847,0.604449599981308,0.045490507
847,3.9104384183883667,0.7110341191291809,0.035849087
848,7.625691890716553,0.8526873588562012,0.02337305
849,6.306280493736267,0.8103175163269043,0.027207334
850,2.462703585624695,0.6380838751792908,0.04235112
851,6.596906781196594,0.8203905671834946,0.026312048
852,2.039853483438492,0.6153194606304169,0.044463888
853,3.1172478199005127,0.6721166372299194,0.039276943
854,2.2280311584472656,0.6255147755146027,0.04351094
855,3.1434080004692078,0.6734424829483032,0.03915882
856,6.276420950889587,0.8092585653066635,0.02730103
857,5.087582468986511,0.7634085267782211,0.031305518
858,4.043648838996887,0.7172927260398865,0.035303485
859,3.950224816799164,0.7129127979278564,0.035685252
860,6.4663249254226685,0.8159169554710388,0.026710607
861,4.787321388721466,0.7507033795118332,0.032406636
862,2.3976901173591614,0.6346198320388794,0.0426693
863,6.80004358291626,0.8271793574094772,0.02570383
864,3.8247379660606384,0.7069621384143829,0.03620455
865,4.23532098531723,0.7261584997177124,0.03453297
866,5.579922795295715,0.7832703143358231,0.02958039
867,3.1080031394958496,0.6716457307338715,0.039318763
868,1.7137186229228973,0.5973889827728271,0.04616513
869,2.3809929192066193,0.6337281167507172,0.042751398
870,4.228536784648895,0.7258482575416565,0.034559958
871,3.536628484725952,0.6930332779884338,0.03742558
872,3.487722873687744,0.6906324625015259,0.0376369
873,4.643694460391998,0.7444417178630829,0.032946955
874,6.3312870264053345,0.811205118894577,0.02712912
875,3.937177062034607,0.7122977674007416,0.0357389
876,9.205557107925415,0.8927988186478615,0.019485978
877,3.826165795326233,0.7070307731628418,0.0361986
878,5.236345529556274,0.7695394605398178,0.030773921
879,2.091546505689621,0.6181239187717438,0.044200044
880,2.5077930092811584,0.6404782831668854,0.042131834
881,3.166281282901764,0.6746001541614532,0.039055835
882,2.677619457244873,0.649432510137558,0.041316073
883,3.350178301334381,0.6838250756263733,0.038237642
884,2.716856002807617,0.6514861583709717,0.041129865
885,4.4595253467559814,0.7363015115261078,0.033653
886,3.949904441833496,0.7128974199295044,0.035686567
887,5.067135691642761,0.7625484317541122,0.0313793
888,3.807208836078644,0.7061257660388947,0.03627768
889,2.0127275586128235,0.6138308048248291,0.044602953
890,4.965469837188721,0.7582926601171494,0.031748746
891,6.03726863861084,0.8006127774715424,0.02806316
892,3.6889231204986572,0.7004425823688507,0.036775097
893,1.7274345457553864,0.5981493890285492,0.04609229
894,3.99397075176239,0.7149698138237,0.035505977
895,5.548205375671387,0.7820273637771606,0.029688602
896,8.034968376159668,0.8641413599252701,0.022297267
897,4.242464303970337,0.7264853417873383,0.03450459
898,4.9317240715026855,0.7568648457527161,0.03187233
899,3.666442334651947,0.6993532180786133,0.036870405
900,2.624434232711792,0.6466390490531921,0.041569833
901,5.499167442321777,0.7800969034433365,0.029856687
902,9.482607245445251,0.8987535461783409,0.018874247
903,2.485988587141037,0.6393212676048279,0.042237733
904,2.45082825422287,0.637452632188797,0.04240906
905,2.6054689288139343,0.6456404626369476,0.041660704
906,3.9579465985298157,0.7132755517959595,0.035653543
907,2.9212015867233276,0.6620941460132599,0.040173527
908,1.7384220659732819,0.5987550914287567,0.046034023
909,5.419793725013733,0.7769433259963989,0.030130776
910,1.9911541044712067,0.6126536726951599,0.044713873
911,2.7283689379692078,0.6520905792713165,0.04107538
912,5.630695819854736,0.7852476686239243,0.029407984
913,7.59066104888916,0.8516775518655777,0.02346751
914,4.055136442184448,0.7178313136100769,0.035256825
915,3.1976792216300964,0.6761835813522339,0.03891491
916,4.297802448272705,0.7290022969245911,0.034285452
917,1.991204172372818,0.6126563847064972,0.044713616
918,7.433642745018005,0.8470661789178848,0.023895597
919,2.8162509202957153,0.6566649377346039,0.04066188
920,3.677056133747101,0.6998680830001831,0.036825374
921,3.371724486351013,0.6848928928375244,0.038142912
922,4.42835807800293,0.7349096238613129,0.033773966
923,3.4096604585647583,0.6867789924144745,0.03797668
924,4.408029913902283,0.7339949607849121,0.033853106
925,1.8432159721851349,0.6045394837856293,0.045481965
926,5.345285534858704,0.7739528566598892,0.030390352
927,3.3150675892829895,0.6820746660232544,0.03839252
928,1.7401982843875885,0.5988649725914001,0.04602461
929,5.010696649551392,0.7601952254772186,0.031583857
930,4.9430617690086365,0.757345512509346,0.03183075
931,4.286150932312012,0.7284793555736542,0.03433148
932,2.863403856754303,0.6591084897518158,0.04044174
933,3.305099904537201,0.681569367647171,0.038436607
934,2.4250324070453644,0.6360785365104675,0.042535193
935,4.185337722301483,0.723863959312439,0.03473227
936,4.6264830231666565,0.7437028586864471,0.03301231
937,2.142341285943985,0.6208818256855011,0.043942314
938,1.535796970129013,0.5874946117401123,0.04712053
939,1.6009792685508728,0.5911303758621216,0.046768237
940,8.357182145118713,0.8726187199354172,0.021485275
941,4.428219497203827,0.7348998188972473,0.03377451
942,6.0196757316589355,0.7999667525291443,0.028120061
943,1.574476957321167,0.5896543562412262,0.046911158
944,4.071406126022339,0.7185898125171661,0.035190847
945,3.4283241629600525,0.6877028048038483,0.03789517
946,3.5025805234909058,0.6913622319698334,0.037572578
947,5.243328213691711,0.7698242366313934,0.030749185
948,2.7400562167167664,0.6526987552642822,0.041020144
949,1.4744758605957031,0.5840718746185303,0.047454372
950,1.883779764175415,0.6067714691162109,0.04527005
951,1.7880946397781372,0.6015014052391052,0.045771513
952,3.085249662399292,0.6704910695552826,0.039421897
953,10.188971757888794,0.9126229658722878,0.017400086
954,3.9538031816482544,0.7130811512470245,0.035670556
955,6.054992079734802,0.8012640178203583,0.028005954
956,5.384725332260132,0.7755434811115265,0.030252673
957,2.478528320789337,0.6389254033565521,0.042274024
958,2.139928638935089,0.6207508146762848,0.04395453
959,7.24192202091217,0.8412443101406097,0.024428902
960,5.245746970176697,0.7699234485626221,0.030740617
961,4.5691996812820435,0.7411774098873138,0.033230737
962,2.4271592497825623,0.636192113161087,0.042524777
963,4.744359254837036,0.748838871717453,0.032567322
964,7.033435106277466,0.8347273170948029,0.025022363
965,4.394342601299286,0.733379453420639,0.033906497
966,6.6241419315338135,0.8213123083114624,0.026229674
967,3.0050617456436157,0.6663985550403595,0.03978752
968,3.577132225036621,0.6950134634971619,0.03725147
969,1.7735402286052704,0.6006998121738434,0.04584828
970,4.114924371242523,0.7206157147884369,0.03501498
971,4.359663426876068,0.7318145334720612,0.03404214
972,2.5911083817481995,0.6448860466480255,0.041729633
973,2.6091063022613525,0.6458321511745453,0.04164326
974,5.0351399183273315,0.7612190991640091,0.031495094
975,3.395320475101471,0.686068207025528,0.038039427
976,3.070356249809265,0.6697321236133575,0.039489552
977,2.892657518386841,0.6606196463108063,0.04030576
978,0.027876505628228188,0.5016041100025177,0.05605394
979,3.628959059715271,0.6975373327732086,0.03702986
980,7.497684359550476,0.8489522486925125,0.023720061
981,1.627020388841629,0.5925786197185516,0.046628237
982,2.0893248915672302,0.6180037558078766,0.044211354
983,6.265796422958374,0.8088788390159607,0.027334439
984,2.9144829511642456,0.6617456674575806,0.040204614
985,3.0083850026130676,0.6665682792663574,0.03977231
986,1.355048418045044,0.577366828918457,0.048111353
987,3.798963725566864,0.7057309448719025,0.036312137
988,4.956037998199463,0.7578943818807602,0.031783234
989,4.469867050647736,0.7367677092552185,0.03361295
990,5.203951597213745,0.7682140320539474,0.030888904
991,2.8573140501976013,0.6587933301925659,0.040470105
992,3.977695107460022,0.7142055630683899,0.03557257
993,1.7282083630561829,0.5981920063495636,0.04608818
994,2.1799278259277344,0.6229167580604553,0.043752573
995,5.243556499481201,0.7698342949151993,0.030748378
996,2.4259816110134125,0.6361290812492371,0.042530544
997,6.274488568305969,0.8091899007558823,0.027307102
998,4.432191252708435,0.7350811958312988,0.03375907
999,4.14698600769043,0.7220953702926636,0.03488596
1000,2.9083210229873657,0.6614284515380859,0.04023314
1001,5.758805274963379,0.7901804894208908,0.028977422
1002,2.6119178533554077,0.6459799706935883,0.041629784
1003,4.1449496150016785,0.7220047414302826,0.03489415
1004,6.919451355934143,0.8310747444629669,0.025352886
1005,3.9433541893959045,0.712577611207962,0.03571349
1006,3.5360169410705566,0.6930029690265656,0.03742822
1007,5.858173370361328,0.7939496785402298,0.028647812
1008,3.314312994480133,0.6820358633995056,0.038395863
1009,3.030288815498352,0.6676956117153168,0.03967214
1010,6.371901035308838,0.8126287460327148,0.027002566
1011,5.243819952011108,0.7698398530483246,0.030747449
1012,0.9604053944349289,0.5550628304481506,0.050347716
1013,3.466486632823944,0.6895867586135864,0.037729032
1014,3.6469176411628723,0.6984086334705353,0.03695338
1015,2.7588847279548645,0.6536782383918762,0.040931325
1016,3.71791809797287,0.7018412053585052,0.03665254
1017,2.0297887921333313,0.6147626042366028,0.044515427
1018,2.7450424432754517,0.652958333492279,0.040996604
1019,2.6048165559768677,0.645606279373169,0.041663826
1020,1.830916553735733,0.6038621068000793,0.045546416
1021,3.9694425463676453,0.713817685842514,0.035606384
1022,2.614050805568695,0.6460925936698914,0.041619558
1023,3.5481050610542297,0.6935947835445404,0.03737616
1024,2.766566276550293,0.6540807783603668,0.04089514
1025,1.2543012201786041,0.5717206597328186,0.048672643
1026,3.2875627279281616,0.6806997358798981,0.03851429
1027,4.2657217383384705,0.7275475263595581,0.03441232
1028,1.747467815876007,0.5992570519447327,0.045986105
1029,5.126262307167053,0.7650136798620224,0.03116642
1030,2.7615445852279663,0.6538197696208954,0.04091879
1031,2.179541289806366,0.6228958368301392,0.043754525
1032,3.4436962008476257,0.6884616911411285,0.03782816
1033,5.824599862098694,0.792677640914917,0.028758753
1034,3.2444381713867188,0.6785382628440857,0.038705986
1035,11.189970970153809,0.9293364509940147,0.015506059
1036,3.8843518495559692,0.7097984254360199,0.03595691
1037,4.186939895153046,0.7239376306533813,0.03472586
1038,4.472384750843048,0.7368778586387634,0.033603214
1039,4.436868131160736,0.7352909445762634,0.033740893
1040,4.8746249079704285,0.7544376701116562,0.032082543
1041,3.7223461270332336,0.7020547389984131,0.03663386
1042,6.386050581932068,0.813124880194664,0.026958607
1043,3.2740187644958496,0.6800157427787781,0.038574386
1044,6.9890958070755005,0.8333133608102798,0.02515042
1045,4.859567582607269,0.7537897825241089,0.032138206
1046,6.74186110496521,0.8252562582492828,0.025876584
1047,6.497963070869446,0.8170108050107956,0.026613494
1048,4.938586354255676,0.7571567445993423,0.03184716
1049,5.324827432632446,0.7731337249279022,0.030462017
1050,5.413148403167725,0.7766807973384857,0.030153835
1051,3.0932170152664185,0.6708961129188538,0.039385747
1052,3.9618608355522156,0.7134548425674438,0.035637476
1053,5.194042921066284,0.7678075581789017,0.030924156
1054,3.1798043847084045,0.6752829551696777,0.038995072
1055,7.257590889930725,0.8417253196239471,0.024384871
1056,4.258840978145599,0.7272342443466187,0.034439586
1057,4.634326100349426,0.7440439760684967,0.032982513
1058,8.32248330116272,0.8717278987169266,0.021571275
1059,5.221263766288757,0.7689239084720612,0.030827396
1060,3.9284011721611023,0.7118832468986511,0.03577502
1061,2.4683114886283875,0.6383823156356812,0.042323783
1062,3.1598925590515137,0.6742764711380005,0.039084576
1063,4.093522429466248,0.7196154296398163,0.035101354
1064,5.077459216117859,0.7629858106374741,0.031342026
1065,4.529871642589569,0.7394379079341888,0.033381544
1066,5.869762897491455,0.7943844944238663,0.028609606
1067,2.1677283942699432,0.622256726026535,0.043814074
1068,2.363298386335373,0.6327816247940063,0.042838585
1069,2.7648642659187317,0.6539920568466187,0.040903155
1070,4.9161577224731445,0.7562034875154495,0.0319295
1071,5.135172009468079,0.7653796374797821,0.031134466
1072,5.1021188497543335,0.7640124410390854,0.03125317
1073,1.1492211371660233,0.5657710433006287,0.04926505
1074,5.549811124801636,0.7820907384157181,0.029683115
1075,4.246742129325867,0.7266786694526672,0.034487594
1076,5.353453159332275,0.7742867469787598,0.030361792
1077,4.011555016040802,0.7157942056655884,0.035434168
1078,3.6242738366127014,0.6973094940185547,0.03704984
1079,2.1637487411499023,0.6220414340496063,0.043834146
1080,1.611771285533905,0.5917306244373322,0.046710167
1081,2.808848023414612,0.6562801599502563,0.04069655
1082,4.660087525844574,0.7451715469360352,0.03288483
1083,6.938722729682922,0.8316954672336578,0.0252967
1084,5.415138602256775,0.7767595201730728,0.030146934
1085,4.249695241451263,0.7268160581588745,0.034475878
1086,2.2422435879707336,0.6262812614440918,0.043439798
1087,5.759711265563965,0.7902127355337143,0.028974397
1088,3.0300691723823547,0.6676774621009827,0.03967314
1089,1.882205605506897,0.6066837906837463,0.045278266
1090,3.740725815296173,0.7029387652873993,0.036556423
1091,3.2751402258872986,0.6800777018070221,0.038569413
1092,5.817492604255676,0.7924121469259262,0.028782295
1093,4.134280681610107,0.7215078473091125,0.034937028
1094,2.133242189884186,0.6203882992267609,0.043988373
1095,6.830621957778931,0.8281822800636292,0.025613496
1096,3.8601937890052795,0.7086510956287384,0.036057062
1097,4.336045682430267,0.7307461202144623,0.03413483
1098,7.103594541549683,0.8369439542293549,0.02482106
1099,1.4990544319152832,0.5854459404945374,0.047320284
1100,6.4422643184661865,0.81508369743824,0.026784701
1101,6.94449245929718,0.8318827599287033,0.025279904
1102,1.1386675387620926,0.5651739835739136,0.049324952
1103,2.021099328994751,0.6142883598804474,0.04455999
1104,3.625688850879669,0.6973790526390076,0.037043802
1105,4.1396763920784,0.721756249666214,0.034915335
1106,3.667215406894684,0.6993910372257233,0.03686712
1107,8.058255314826965,0.8647694140672684,0.022237565
1108,2.9150396585464478,0.6617746949195862,0.040202033
1109,6.397668719291687,0.8135312050580978,0.026922576
1110,3.9058032631874084,0.7108149230480194,0.03586822
1111,4.229671657085419,0.7258996665477753,0.034555443
1112,3.4415197372436523,0.6883544325828552,0.03783764
1113,3.4703993797302246,0.6897794902324677,0.037712038
1114,2.2754843533039093,0.6280708611011505,0.043273874
1115,3.6685925722122192,0.6994593739509583,0.036861274
1116,3.5924172401428223,0.6957588493824005,0.037185974
1117,5.248980522155762,0.7700515538454056,0.03072918
1118,7.4249571561813354,0.8467959016561508,0.023919502
1119,4.1888317465782166,0.724013477563858,0.0347183
1120,2.2758062183856964,0.6280880570411682,0.04327227
1121,3.8383102416992188,0.7076076567173004,0.03614802
1122,0.8788328617811203,0.5504177510738373,0.050822765
1123,3.3781760931015015,0.6852189004421234,0.038114585
1124,3.196834921836853,0.6761421263217926,0.038918696
1125,2.942044734954834,0.6631790697574615,0.04007723
1126,4.552468657493591,0.7404305338859558,0.03329481
1127,2.3081418871879578,0.6298253834247589,0.04311148
1128,2.408158630132675,0.6351798474788666,0.042617906
1129,4.275028109550476,0.7279725968837738,0.034375466
1130,2.877477705478668,0.659840852022171,0.04037626
1131,3.4054017066955566,0.6865681111812592,0.03799531
1132,5.115755796432495,0.7645842581987381,0.031204142
1133,3.097977340221405,0.6711377501487732,0.039364174
1134,1.2487848848104477,0.5713945627212524,0.048703562
1135,5.109747052192688,0.7643292546272278,0.031225732
1136,5.016238689422607,0.7604288160800934,0.031563714
1137,2.8758350014686584,0.6597510874271393,0.0403839
1138,2.853633463382721,0.6586025953292847,0.04048726
1139,4.143849313259125,0.7219849824905396,0.034898564
1140,4.975022077560425,0.7586955577135086,0.031713847
1141,0.9943130612373352,0.5569884777069092,0.050151546
1142,4.15547639131546,0.7224856019020081,0.03485188
1143,4.690029621124268,0.7464784979820251,0.032771666
1144,4.8586538434028625,0.7537568062543869,0.03214159
1145,1.4137691259384155,0.5806718468666077,0.047787197
1146,6.352423429489136,0.8119457960128784,0.02706318
1147,1.7987383902072906,0.6020881235599518,0.045715462
1148,4.324118196964264,0.7302054762840271,0.034181733
1149,3.074345886707306,0.6699360013008118,0.039471418
1150,3.074691593647003,0.6699533760547638,0.039469842
1151,6.547864079475403,0.818717360496521,0.026461039
1152,7.467309832572937,0.8480511903762817,0.023803154
1153,0.8805879205465317,0.5505176186561584,0.05081251
1154,4.136817455291748,0.7216154932975769,0.034926828
1155,2.7738842368125916,0.6544617712497711,0.0408607
1156,6.739235520362854,0.8251688629388809,0.025884412
1157,6.983369588851929,0.8331313133239746,0.025167003
1158,4.169182181358337,0.7231186330318451,0.03479693
1159,4.710192382335663,0.7473550736904144,0.032695677
1160,4.526367485523224,0.7392812967300415,0.033395015
1161,4.158420562744141,0.7226232886314392,0.03484007
1162,1.9847826659679413,0.6123056411743164,0.04474669
1163,7.957788705825806,0.8620403856039047,0.022496274
1164,2.0666277408599854,0.6167694330215454,0.044327024
1165,7.504231929779053,0.8491451591253281,0.023702186
1166,7.359596490859985,0.8448213785886765,0.024100175
1167,7.2874146699905396,0.8426375985145569,0.024301287
1168,6.849800944328308,0.8288114815950394,0.025557002
1169,5.052626132965088,0.7619483023881912,0.03143176
1170,7.71406352519989,0.8552282154560089,0.023136454
1171,5.712724328041077,0.7884159982204437,0.029131563
1172,5.011013746261597,0.7602084279060364,0.031582706
1173,5.244169235229492,0.7698584049940109,0.03074621
1174,6.249706149101257,0.8083074688911438,0.027385123
1175,4.430370628833771,0.7349977791309357,0.033766147
1176,2.705388367176056,0.6508895754814148,0.041184198
1177,4.963125586509705,0.7581931799650192,0.031757314
1178,4.321872889995575,0.7301029860973358,0.034190573
1179,0.8388852328062057,0.5481402277946472,0.051057056
1180,10.012452602386475,0.9093269556760788,0.01775732
1181,4.9541062116622925,0.7578106969594955,0.03179031
1182,1.6455243527889252,0.5936068296432495,0.046529006
1183,1.4791016280651093,0.5843299329280853,0.047429107
1184,2.6873892545700073,0.6499435007572174,0.041269626
1185,0.713590458035469,0.5409852862358093,0.05179889
1186,4.018539786338806,0.7161227464675903,0.035405684
1187,8.081607222557068,0.8653968274593353,0.022177858
1188,6.686798334121704,0.8234197497367859,0.026041146
1189,0.9629552066326141,0.5552061498165131,0.050332934
1190,5.882397294044495,0.7948571890592575,0.028568024
1191,2.3554225265979767,0.6323603093624115,0.042877447
1192,6.226439476013184,0.8074743002653122,0.027458578
1193,10.759872198104858,0.9225522503256798,0.016293202
1194,6.072333455085754,0.8019002079963684,0.027950099
1195,3.9595767855644226,0.7133528590202332,0.03564685
1196,3.8840216398239136,0.7097861170768738,0.035958283
1197,1.6147229075431824,0.5918950438499451,0.046694297
1198,3.706503212451935,0.7012908160686493,0.036700744
1199,3.735400140285492,0.7026831209659576,0.036578845
1200,1.9067232310771942,0.6080311238765717,0.045150634
1201,4.357154071331024,0.7316987216472626,0.034051973
1202,5.466834306716919,0.778816431760788,0.029968038
1203,2.992123067378998,0.6657358407974243,0.039846838
1204,3.6670860648155212,0.699386477470398,0.03686767
1205,2.36595019698143,0.6329236626625061,0.042825505
1206,4.372847676277161,0.7324102520942688,0.033990506
1207,6.11089825630188,0.8033124953508377,0.027826276
1208,2.535354197025299,0.6419382691383362,0.041998357
1209,2.789645791053772,0.6552824378013611,0.04078662
1210,2.2719407081604004,0.627880185842514,0.043291535
1211,4.627016186714172,0.7437223792076111,0.033010278
1212,7.172316312789917,0.8390926420688629,0.02462545
1213,4.048615992069244,0.7175270020961761,0.035283297
1214,4.673239588737488,0.7457506358623505,0.032835077
1215,7.583610415458679,0.8514717072248459,0.023486566
1216,5.711738467216492,0.7883772403001785,0.029134871
1217,6.19775652885437,0.8064446896314621,0.027549403
1218,3.0963489413261414,0.6710532307624817,0.039371554
1219,3.933286666870117,0.7121166586875916,0.035754908
1220,2.9443398118019104,0.6632825434207916,0.04006665
1221,1.7144721746444702,0.5974307954311371,0.046161126
1222,2.0851999521255493,0.6177797615528107,0.044232346
1223,4.863896369934082,0.753978043794632,0.032122195
1224,7.520268559455872,0.8496168851852417,0.023658471
1225,5.003376603126526,0.7598867863416672,0.031610493
1226,4.7015827894210815,0.7469717860221863,0.032728106
1227,5.1853567361831665,0.7674520909786224,0.030955097
1228,3.3831247687339783,0.6854634881019592,0.038092874
1229,4.9820321798324585,0.758989229798317,0.031688266
1230,6.612070202827454,0.8209043443202972,0.026266158
1231,2.0700274407863617,0.6169548034667969,0.044309676
1232,6.98923647403717,0.8333187997341156,0.025150012
1233,2.6657840609550476,0.6488131880760193,0.041372415
1234,4.468557834625244,0.7367075085639954,0.03361802
1235,4.4516730308532715,0.7359524965286255,0.033683434
1236,4.278269112110138,0.7281276881694794,0.034362644
1237,3.0036240816116333,0.6663254797458649,0.039794117
1238,4.162790775299072,0.7228250801563263,0.034822542
1239,5.4087746143341064,0.7765033394098282,0.030169025
1240,2.8002452850341797,0.6558331549167633,0.040736873
1241,4.134679734706879,0.7215266525745392,0.034935422
1242,6.1565101146698,0.804959312081337,0.02768054
1243,5.891368985176086,0.7951963692903519,0.02853853
1244,2.9332414269447327,0.6627119481563568,0.04011788
1245,4.3529245257377625,0.7315080761909485,0.034068562
1246,4.084646999835968,0.7192059755325317,0.035137244
1247,10.209227800369263,0.9129927828907967,0.017359555
1248,2.6959311962127686,0.6503941118717194,0.041229066
1249,2.8874358534812927,0.6603503227233887,0.040329996
1250,2.4125058948993683,0.6354097127914429,0.04259658
1251,6.038789749145508,0.8006671816110611,0.028058248
1252,5.101604461669922,0.7639909982681274,0.031255018
1253,6.479209065437317,0.81636181473732,0.026671015
1254,8.025769591331482,0.8638924807310104,0.022320895
1255,4.355984628200531,0.7316482961177826,0.03405656
1256,3.814133405685425,0.7064588665962219,0.03624878
1257,6.673305034637451,0.822963148355484,0.026081631
1258,6.851845979690552,0.8288783133029938,0.02555099
1259,5.594148635864258,0.783825695514679,0.029531982
1260,0.9429775178432465,0.5540733337402344,0.050448835
1261,4.941873550415039,0.7572953701019287,0.031835113
1262,2.192034274339676,0.6235713064670563,0.043691635
1263,5.0735098123550415,0.7628218680620193,0.031356283
1264,0.650181770324707,0.5373574197292328,0.052178416
1265,2.4616844952106476,0.6380300223827362,0.04235609
1266,4.181410074234009,0.7236805558204651,0.034747977
1267,6.016951203346252,0.799862340092659,0.028128883
1268,3.4300020337104797,0.6877850890159607,0.037887845
1269,3.38795006275177,0.6857027411460876,0.038071718
1270,3.637121617794037,0.6979345083236694,0.03699508
1271,3.8556286692619324,0.7084343135356903,0.036076017
1272,3.7322840094566345,0.702533483505249,0.036591973
1273,2.5196465849876404,0.6411059200763702,0.042074375
1274,1.6699448227882385,0.5949625670909882,0.046398375
1275,1.565350890159607,0.5891457796096802,0.046960473
1276,6.4021265506744385,0.8136855512857437,0.026908759
1277,4.935994744300842,0.7570431977510452,0.031856664
1278,2.716149687767029,0.6514483690261841,0.041133206
1279,2.6326513290405273,0.6470712721347809,0.04153053
1280,5.1492840051651,0.7659603506326675,0.031083925
1281,2.9893413186073303,0.6655933856964111,0.039859604
1282,4.538587331771851,0.7398228943347931,0.033348065
1283,3.7351247668266296,0.7026695907115936,0.036580004
1284,6.041216254234314,0.8007590621709824,0.028050413
1285,4.708259999752045,0.7472696304321289,0.032702953
1286,3.4201279282569885,0.6872940957546234,0.037930943
1287,5.534600615501404,0.7814890742301941,0.02973514
1288,1.5291127562522888,0.5871239006519318,0.0471568
1289,4.632669687271118,0.743971049785614,0.0329888
1290,4.277414381504059,0.7280813753604889,0.034366023
1291,3.5589641332626343,0.6941261887550354,0.037329473
1292,3.300691246986389,0.6813437938690186,0.03845612
1293,2.8884825110435486,0.6604031622409821,0.04032514
1294,2.700647711753845,0.6506388187408447,0.04120668
1295,4.728251695632935,0.7481408715248108,0.032627776
1296,2.4657829105854034,0.6382476687431335,0.042336103
1297,2.907056510448456,0.6613620221614838,0.040239006
1298,4.719631373882294,0.7477664649486542,0.03266017
1299,4.36006486415863,0.7318322360515594,0.034040567
1300,4.780187606811523,0.750384196639061,0.03243326
1301,4.756802916526794,0.7493765652179718,0.0325207
1302,2.32828289270401,0.6309070289134979,0.04301163
1303,3.100900948047638,0.6712853610515594,0.039350927
1304,3.8100218772888184,0.7062582671642303,0.036265936
1305,3.726356029510498,0.702247828245163,0.03661695
1306,3.0954447388648987,0.6710091233253479,0.039375644
1307,5.184314846992493,0.7674079537391663,0.030958816
1308,4.350305497646332,0.7313912808895111,0.034078836
1309,3.236311674118042,0.6781304478645325,0.038742214
1310,4.750586152076721,0.7491074800491333,0.032543983
1311,6.405959725379944,0.8138204365968704,0.026896883
1312,3.270239233970642,0.6798236966133118,0.03859118
1313,4.181382358074188,0.723681777715683,0.034748085
1314,7.146016359329224,0.8382712751626968,0.02470013
1315,4.308429062366486,0.7294931411743164,0.034243528
1316,1.8997947871685028,0.6076502799987793,0.045186665
1317,6.641212105751038,0.821891650557518,0.026178181
1318,4.5127615332603455,0.7386783361434937,0.03344737
1319,6.439586877822876,0.8149912506341934,0.026792955
1320,4.687490463256836,0.7463673949241638,0.032781247
1321,4.561155736446381,0.7408246397972107,0.03326153
1322,7.213875651359558,0.8403801023960114,0.024507906
1323,3.4413135051727295,0.6883445382118225,0.037838537
1324,1.85288667678833,0.6050748825073242,0.045431353
1325,3.350815773010254,0.6838560402393341,0.038234834
1326,2.9297396540641785,0.6625317633152008,0.04013405
1327,5.056566596031189,0.7621153295040131,0.031417504
1328,4.429690837860107,0.7349675893783569,0.033768784
1329,4.670388698577881,0.74562206864357,0.032845855
1330,2.216062992811203,0.6248688101768494,0.043570932
1331,4.2870911955833435,0.7285225689411163,0.03432776
1332,3.841070234775543,0.7077407538890839,0.036136534
1333,4.703185260295868,0.7470512390136719,0.032722067
1334,3.396598994731903,0.6861312687397003,0.038033832
1335,2.998620569705963,0.6660687923431396,0.03981704
1336,2.599116563796997,0.6453058421611786,0.041691177
1337,2.6551997661590576,0.6482559144496918,0.04142285
1338,5.633826851844788,0.7853675037622452,0.029397385
1339,7.59962797164917,0.8519382178783417,0.0234433
1340,4.1034844517707825,0.7200806140899658,0.03506112
1341,3.9912116527557373,0.7148400545120239,0.035517257
1342,3.938685357570648,0.712368369102478,0.035732694
1343,1.8208110332489014,0.6033051311969757,0.045599442
1344,2.3526613414287567,0.6322123408317566,0.042891074
1345,4.248991906642914,0.7267835438251495,0.034478668
1346,4.6301475167274475,0.7438579499721527,0.03299838
1347,7.07757294178009,0.836127370595932,0.024895528
1348,1.9726401567459106,0.6116410195827484,0.044809286
1349,6.828780770301819,0.8281230479478836,0.025618931
1350,5.054769515991211,0.7620411813259125,0.031424005
1351,4.892571866512299,0.7552027106285095,0.03201632
1352,2.719726860523224,0.6516363322734833,0.041116267
1353,5.416558384895325,0.7768161296844482,0.030142
1354,2.237042337656021,0.6259996891021729,0.043465827
1355,6.681265830993652,0.823234498500824,0.026057737
1356,9.636202454566956,0.9019259661436081,0.018543422
1357,4.4546109437942505,0.7360834181308746,0.033672042
1358,5.730147957801819,0.7890843003988266,0.029073184
1359,3.0465692281723022,0.6685197651386261,0.039597847
1360,3.635983169078827,0.6978812217712402,0.036999926
1361,4.218088388442993,0.7253692150115967,0.03460155
1362,2.712189555168152,0.6512426435947418,0.04115196
1363,0.7494914531707764,0.5430377721786499,0.051585235
1364,2.133726477622986,0.6204146146774292,0.043985926
1365,2.6265355944633484,0.6467518210411072,0.04155978
1366,5.440955758094788,0.7777854353189468,0.03005746
1367,4.118439257144928,0.7207744121551514,0.0350008
1368,3.118593692779541,0.6721846163272858,0.03927085
1369,8.01910936832428,0.8637121170759201,0.02233801
1370,7.332991361618042,0.8440247774124146,0.02417411
1371,4.88442450761795,0.754855751991272,0.032046366
1372,4.738003313541412,0.7485626935958862,0.03259116
1373,6.722862124443054,0.8246239125728607,0.025933249
1374,2.8955578804016113,0.6607723832130432,0.040292308
1375,4.434904158115387,0.7352004051208496,0.033748526
1376,4.064445197582245,0.7182652652263641,0.03521906
1377,2.32022762298584,0.6304735243320465,0.043051533
1378,6.127232313156128,0.8038995116949081,0.027773997
1379,7.680348753929138,0.8542690724134445,0.023226436
1380,2.259102612733841,0.6271892488002777,0.04335557
1381,4.524780213832855,0.7392109632492065,0.03340112
1382,3.815016746520996,0.706498771905899,0.036245085
1383,3.4388387203216553,0.6882214546203613,0.03784932
1384,0.6910517811775208,0.5396963953971863,0.051933482
1385,4.034090936183929,0.7168492376804352,0.035342358
1386,7.456350326538086,0.8477266728878021,0.023833208
1387,6.147241592407227,0.8046252876520157,0.027710091
1388,6.716187596321106,0.8244021087884903,0.025953181
1389,5.53422212600708,0.7814781814813614,0.029736439
1390,4.70154881477356,0.7469896972179413,0.032728236
1391,2.423454225063324,0.6359951198101044,0.042542923
1392,4.717997312545776,0.7476954460144043,0.032666318
1393,3.834078311920166,0.7074081003665924,0.036165636
1394,4.591024219989777,0.7421400547027588,0.03314735
1395,6.0435426235198975,0.8008439838886261,0.0280429
1396,7.02623188495636,0.8344985842704773,0.025043122
1397,7.093157768249512,0.8366163223981857,0.024850901
1398,4.368844926357269,0.7322295904159546,0.034006175
1399,5.94556987285614,0.797221377491951,0.028361
1400,9.930700659751892,0.9077634662389755,0.01792524
1401,6.799919009208679,0.8271753191947937,0.025704203
1402,3.3197832107543945,0.6823092997074127,0.038371686
1403,3.1095239520072937,0.6717240810394287,0.039311882
1404,3.540351986885071,0.6931993961334229,0.03740954
1405,3.733237385749817,0.7025791704654694,0.03658795
1406,4.138518273830414,0.7217032611370087,0.034919985
1407,5.016742944717407,0.7604454755783081,0.031561885
1408,6.52390718460083,0.817900151014328,0.026534116
1409,5.38247287273407,0.775452047586441,0.030260516
1410,4.146795868873596,0.722077876329422,0.034886725
1411,4.847899079322815,0.7532984018325806,0.032181412
1412,3.9363285899162292,0.7122422754764557,0.03574239
1413,4.464840888977051,0.7365410029888153,0.03363241
1414,3.428729772567749,0.6877225637435913,0.037893392
1415,4.685329794883728,0.7462716996669769,0.032789405
1416,3.6792877316474915,0.6999764740467072,0.03681592
1417,6.861143708229065,0.8291815519332886,0.025523653
1418,8.349576592445374,0.8724255114793777,0.021504095
1419,6.830145716667175,0.8281686007976532,0.025614906
1420,6.036739945411682,0.8005938678979874,0.028064871
1421,7.357250452041626,0.8447591066360474,0.024106685
1422,3.4769386053085327,0.6901017427444458,0.03768366
1423,1.734907180070877,0.5985617637634277,0.046052653
1424,1.588156819343567,0.590416818857193,0.046837334
1425,4.350971877574921,0.7314168512821198,0.03407622
1426,2.1341735124588013,0.620438814163208,0.043983657
1427,4.688229858875275,0.7464002668857574,0.032778453
1428,1.9758211076259613,0.61181640625,0.044792883
1429,4.636403024196625,0.744134396314621,0.032974623
1430,5.454571843147278,0.7783265709877014,0.030010374
1431,5.99458634853363,0.7990389466285706,0.028201401
1432,6.186926960945129,0.8060569614171982,0.027583774
1433,7.119657397270203,0.8374479413032532,0.0247752
1434,2.76996910572052,0.65425705909729,0.040879123
1435,5.851132869720459,0.7936833947896957,0.028671037
1436,5.922865271568298,0.7963796854019165,0.02843523
1437,3.9745089411735535,0.7140557765960693,0.03558562
1438,4.172225892543793,0.7232601940631866,0.034784734
1439,5.26325523853302,0.7706365883350372,0.030678721
1440,4.644550979137421,0.7444912195205688,0.032943703
1441,7.891941070556641,0.8602285832166672,0.02266747
1442,2.764241397380829,0.6539629697799683,0.04090608
1443,6.130931973457336,0.8040342777967453,0.027762173
1444,3.547048270702362,0.6935409605503082,0.037380718
1445,5.198184251785278,0.7679774761199951,0.030909417
1446,2.611858546733856,0.6459769606590271,0.041630067
1447,5.791864395141602,0.7914395928382874,0.028867342
1448,2.4957892298698425,0.6398416757583618,0.0421901
1449,2.5403794646263123,0.6422039866447449,0.041974064
1450,4.346857964992523,0.7312358021736145,0.034092363
1451,5.813339948654175,0.792238786816597,0.028796056
1452,2.0641127228736877,0.6166336834430695,0.04433986
1453,2.285240739583969,0.6285926103591919,0.043225296
1454,3.436698019504547,0.688116580247879,0.037858646
1455,2.243507206439972,0.6263493895530701,0.043433487
1456,2.646315097808838,0.6477894484996796,0.041465245
1457,6.024069786071777,0.8001261204481125,0.028105838
1458,0.4523981735110283,0.5260187685489655,0.053380184
1459,4.635396599769592,0.7440907061100006,0.03297844
1460,1.5915505588054657,0.590612143278122,0.046819042
1461,3.943112790584564,0.7125777006149292,0.03571449
1462,2.311268150806427,0.6299934089183807,0.04309596
1463,3.37595671415329,0.6851080656051636,0.038124323
1464,6.799058318138123,0.8271471410989761,0.025706746
1465,3.5283979773521423,0.6926297843456268,0.03746107
1466,5.906035304069519,0.7957460284233093,0.028490378
1467,2.1222712099552155,0.6197935342788696,0.044043966
1468,2.9117020964622498,0.6616026163101196,0.04021748
1469,4.6569183468818665,0.7450329065322876,0.032896828
1470,1.2619169056415558,0.5721351206302643,0.048629984
1471,6.4968037605285645,0.8169677406549454,0.026617045
1472,8.11455488204956,0.8662779182195663,0.02209389
1473,4.342615604400635,0.7310435175895691,0.03410902
1474,4.211255609989166,0.7250570058822632,0.034628782
1475,2.1072065830230713,0.6189754605293274,0.044120427
1476,2.735145390033722,0.6524403095245361,0.041043345
1477,3.3984658122062683,0.6862285435199738,0.038025655
1478,2.919955849647522,0.6620283424854279,0.040179286
1479,2.981935739517212,0.6652142405509949,0.039893597
1480,6.537531018257141,0.8183658272027969,0.02649253
1481,4.226998388767242,0.725776731967926,0.034566082
1482,5.92560887336731,0.7964808940887451,0.02842625
1483,3.97526353597641,0.7140902578830719,0.03558253
1484,5.4226696491241455,0.7770607769489288,0.030120803
1485,5.632079839706421,0.7853015661239624,0.0294033
1486,2.815834879875183,0.6566428542137146,0.04066383
1487,3.8810211420059204,0.7096359133720398,0.035970706
1488,2.6452526450157166,0.647732138633728,0.04147032
1489,4.632420837879181,0.7439485192298889,0.032989744
1490,1.0049338638782501,0.5575917661190033,0.050090265
1491,5.511656403541565,0.7805904150009155,0.029813794
1492,7.553382515907288,0.8505890816450119,0.023568444
1493,4.534301161766052,0.7396255433559418,0.033364527
1494,7.944614291191101,0.8616787791252136,0.022530422
1495,7.438085079193115,0.8471839725971222,0.023883378
1496,4.576915204524994,0.7415137887001038,0.033201233
1497,6.125025153160095,0.8038192838430405,0.027781056
1498,2.9936882853507996,0.6658160984516144,0.039839655
1499,3.723841607570648,0.7021267712116241,0.036627557
1500,1.8262815475463867,0.6036042273044586,0.045570724
1501,4.301380217075348,0.729172557592392,0.034271333
1502,4.71011221408844,0.747352808713913,0.032695986
1503,3.196275234222412,0.6761147975921631,0.038921203
1504,2.1165862679481506,0.6194866299629211,0.044072803
1505,3.077433705329895,0.6700933575630188,0.03945739
1506,4.3995267152786255,0.7336099743843079,0.03388626
1507,4.946702420711517,0.7574992626905441,0.031817418
1508,1.9908641278743744,0.6126376092433929,0.044715367
1509,3.5362082719802856,0.6930114030838013,0.0374274
1510,1.6894033551216125,0.5960417985916138,0.046294548
1511,6.54555082321167,0.8186413049697876,0.026468083
1512,3.631027936935425,0.6976391673088074,0.03702103
1513,2.092805951833725,0.6181937456130981,0.044193633
1514,4.188626706600189,0.7240153551101685,0.034719117
1515,4.867576062679291,0.7541375011205673,0.03210859
1516,2.331949770450592,0.6311028301715851,0.04299347
1517,0.8685220032930374,0.5498301386833191,0.05088314
1518,2.4607136845588684,0.6379781365394592,0.04236082
1519,2.6555082201957703,0.6482721269130707,0.041421387
1520,4.907313883304596,0.755829706788063,0.03196203
1521,7.334045767784119,0.8440568894147873,0.024171175
1522,4.591160714626312,0.7421453297138214,0.03314683
1523,3.6610546708106995,0.6990945041179657,0.036893282
1524,3.1178709864616394,0.6721480190753937,0.039274115
1525,3.9269432425498962,0.7117994725704193,0.035781033
1526,2.96481192111969,0.6643296182155609,0.039972324
1527,2.424650937318802,0.6360582411289215,0.042537063
1528,5.968350172042847,0.7980680465698242,0.028286714
1529,4.669315814971924,0.7455756962299347,0.03284991
1530,3.9958536624908447,0.7150557339191437,0.035498284
1531,6.321365237236023,0.8108507543802261,0.027160123
1532,3.7966468930244446,0.705621212720871,0.036321826
1533,3.400263488292694,0.6863124966621399,0.038017787
1534,3.2699260115623474,0.6798163056373596,0.03859257
1535,6.759514808654785,0.8258412480354309,0.025824046
1536,4.382043480873108,0.7328258156776428,0.03395453
1537,6.510186195373535,0.8174291104078293,0.026576066
1538,6.066345572471619,0.8016800433397293,0.027969373
1539,3.4318241477012634,0.6878721415996552,0.037879907
1540,6.573595404624939,0.8195978105068207,0.026382765
1541,3.1418517231941223,0.6733641028404236,0.039165832
1542,4.192858040332794,0.7242076694965363,0.034702204
1543,3.8667306303977966,0.7089619040489197,0.036029935
1544,5.557919144630432,0.7824086397886276,0.029655416
1545,3.3515572547912598,0.6838938593864441,0.03823157
1546,3.4789809584617615,0.6902020573616028,0.037674803
1547,3.9438414573669434,0.7126117646694183,0.03571149
1548,0.597921833395958,0.5343628823757172,0.052493304
1549,0.20067980512976646,0.5115509033203125,0.05494978
1550,6.495291590690613,0.8169163018465042,0.026621677
1551,7.451657652854919,0.8475885391235352,0.023846088
1552,5.030530691146851,0.7610276341438293,0.03151182
1553,2.1336838603019714,0.6204121112823486,0.04398614
1554,1.5583130717277527,0.588753879070282,0.046998538
1555,4.725610017776489,0.7480233907699585,0.032637697
1556,7.045632600784302,0.8351153433322906,0.024987245
1557,6.239075064659119,0.807934582233429,0.027418664
1558,3.4138309955596924,0.6869854032993317,0.03795845
1559,3.9319416880607605,0.7120303511619568,0.03576045
1560,1.4912407100200653,0.5850090980529785,0.047362868
1561,4.106300473213196,0.720210462808609,0.035049755
1562,4.177686870098114,0.7235116362571716,0.03476287
1563,4.493650496006012,0.7378247678279877,0.03352104
1564,3.5882818698883057,0.6955579817295074,0.03720368
1565,2.815428376197815,0.6566197574138641,0.04066573
1566,3.982716202735901,0.7144414484500885,0.035552014
1567,2.818823754787445,0.6567982733249664,0.040649835
1568,3.7916842103004456,0.705385833978653,0.036342587
1569,3.562780022621155,0.6943134367465973,0.03731307
1570,2.1855881810188293,0.6232229173183441,0.043724075
1571,3.970395028591156,0.7138634324073792,0.035602488
1572,8.147099018096924,0.8671438544988632,0.022011269
1573,4.868050515651703,0.7541573196649551,0.032106835
1574,3.6770397424697876,0.6998676061630249,0.03682545
1575,6.817339658737183,0.8277464956045151,0.025652697
1576,3.6399778723716736,0.6980712711811066,0.03698291
1577,3.175758421421051,0.6750780344009399,0.039013248
1578,1.9728317856788635,0.6116518378257751,0.0448083
1579,6.570441722869873,0.8194908499717712,0.026392343
1580,3.276210129261017,0.6801313757896423,0.03856466
1581,4.2309048771858215,0.7259504795074463,0.034550536
1582,7.331156134605408,0.8439698666334152,0.024179216
1583,7.119681239128113,0.8374446779489517,0.024775129
1584,4.564031958580017,0.7409486174583435,0.033250514
1585,3.615294098854065,0.6968728601932526,0.037088167
1586,3.7302592396736145,0.7024356722831726,0.0366005
1587,2.6083076000213623,0.6457902789115906,0.041647084
1588,3.694985508918762,0.7007255554199219,0.03674944
1589,2.344934791326523,0.6317985951900482,0.042929247
1590,3.400106132030487,0.6863060295581818,0.038018476
1591,4.640550017356873,0.7443162500858307,0.032958884
1592,3.301132321357727,0.6813777983188629,0.038454164
1593,10.742325782775879,0.9222600609064102,0.01632615
1594,4.424557387828827,0.7347369194030762,0.033788756
1595,4.112590849399567,0.7204998731613159,0.035024386
1596,9.953877925872803,0.9082096517086029,0.017877473
1597,5.954152941703796,0.7975390255451202,0.028332984
1598,3.7134167551994324,0.7016244530677795,0.03667154
1599,1.5368735790252686,0.5875578820705414,0.04711469
1600,3.513513505458832,0.6918997466564178,0.037525315
1601,4.797855317592621,0.7511482834815979,0.03236736
1602,4.151903390884399,0.722322404384613,0.03486622
1603,9.625232219696045,0.9017022103071213,0.018566856
1604,2.7532753348350525,0.6533899307250977,0.040957764
1605,5.269012451171875,0.7708682119846344,0.030658392
1606,1.8477632105350494,0.6047897040843964,0.045458157
1607,4.4042059779167175,0.7338128387928009,0.033868015
1608,1.8328678607940674,0.6039696037769318,0.045536183
1609,3.3356451988220215,0.6831010580062866,0.03830168
1610,4.269727170467377,0.7277309596538544,0.034396455
1611,3.8392439484596252,0.7076541483402252,0.03614414
1612,4.227496385574341,0.7258000671863556,0.034564096
1613,5.208925008773804,0.768418088555336,0.03087122
1614,3.9443013072013855,0.7126334607601166,0.035709597
1615,6.96682870388031,0.8326003700494766,0.025214978
1616,3.703218400478363,0.7011323273181915,0.036714625
1617,4.319332540035248,0.7299884557723999,0.034200575
1618,2.4927592277526855,0.6396807134151459,0.042204827
1619,4.713359475135803,0.7474955916404724,0.03268376
1620,2.4169445037841797,0.6356474161148071,0.042574815
1621,2.1932722628116608,0.6236379444599152,0.043685414
1622,2.785417139530182,0.6550604701042175,0.040806487
1623,3.563002347946167,0.6943229734897614,0.037312116
1624,7.112777233123779,0.8372323662042618,0.02479483
1625,3.1950393319129944,0.676051527261734,0.03892674
1626,3.263460099697113,0.6794924437999725,0.03862131
1627,2.8163307905197144,0.6566688120365143,0.040661506
1628,4.319060146808624,0.7299759685993195,0.03420164
1629,7.527884840965271,0.8498417884111404,0.023637732
1630,6.875401139259338,0.8296461552381516,0.025481792
1631,2.907114028930664,0.6613662540912628,0.040238734
1632,4.167586266994476,0.7230460941791534,0.03480332
1633,3.886401951313019,0.7098955810070038,0.03594843
1634,2.4041692912578583,0.6349658668041229,0.042637482
1635,5.789207816123962,0.7913348525762558,0.028876176
1636,3.936242163181305,0.7122648358345032,0.035742745
1637,3.952680230140686,0.7130279839038849,0.035675164
1638,4.246836602687836,0.7266855239868164,0.03448722
1639,3.2000118494033813,0.6763022243976593,0.038904462
1640,3.2287773489952087,0.677749752998352,0.03877583
1641,2.768813669681549,0.654196709394455,0.04088456
1642,4.52880322933197,0.7393887937068939,0.033385653
1643,1.7323839664459229,0.5984224677085876,0.04606603
1644,4.206437170505524,0.7248339354991913,0.034647997
1645,3.9951980113983154,0.7150280177593231,0.03550096
1646,1.942734718322754,0.6100044250488281,0.04496383
1647,6.03182852268219,0.8004134446382523,0.028080743
1648,2.2711962461471558,0.6278398633003235,0.043295246
1649,5.063256025314331,0.7623866051435471,0.03139332
1650,2.8844228386878967,0.6601950526237488,0.04034399
1651,4.5691850781440735,0.7411763072013855,0.033230793
1652,2.915942072868347,0.6618214249610901,0.040197857
1653,2.267550379037857,0.6276439726352692,0.04331342
1654,4.4476401805877686,0.7357711493968964,0.033699073
1655,3.940366208553314,0.7124477326869965,0.035725784
1656,3.976658284664154,0.7141566276550293,0.03557682
1657,2.443822920322418,0.6370790004730225,0.04244327
1658,2.282629758119583,0.6284551024436951,0.043238293
1659,3.078518807888031,0.6701479852199554,0.039452456
1660,2.302910089492798,0.6295443475246429,0.043137453
1661,5.032221078872681,0.7610985487699509,0.031505693
1662,5.312531590461731,0.7726357877254486,0.030505173
1663,4.188717603683472,0.7240190804004669,0.034718756
1664,7.380681037902832,0.845465213060379,0.024041742
1665,2.6093262434005737,0.645844042301178,0.041642204
1666,4.401249587535858,0.7336889505386353,0.03387954
1667,4.2711639404296875,0.727796345949173,0.034390766
1668,7.589132189750671,0.8516326993703842,0.023471637
1669,4.8151695728302,0.7518929243087769,0.0323029
1670,7.501344680786133,0.849060520529747,0.023710065
1671,2.2994674742221832,0.6293641328811646,0.043154556
1672,5.4480308294296265,0.7780714482069016,0.030032983
1673,4.5490992069244385,0.740288108587265,0.03330773
1674,3.9629071950912476,0.7135099768638611,0.035633188
1675,2.1005794405937195,0.6186158955097198,0.044154104
1676,4.723190069198608,0.7479214072227478,0.032646794
1677,3.7385842204093933,0.702837198972702,0.036565438
1678,4.17177140712738,0.7232391238212585,0.034786556
1679,3.6267873644828796,0.6974338293075562,0.03703912
1680,8.472046852111816,0.8755288198590279,0.021203017
1681,7.029463052749634,0.8345982432365417,0.025033804
1682,2.3031996190547943,0.629560261964798,0.043136016
1683,5.828986763954163,0.7928471714258194,0.02874423
1684,5.740126967430115,0.7894665449857712,0.029039802
1685,4.23662394285202,0.7262178063392639,0.034527797
1686,4.105478227138519,0.7201579511165619,0.03505307
1687,7.148041129112244,0.838336318731308,0.024694372
1688,5.446937680244446,0.7780268043279648,0.030036766
1689,3.5247603058815002,0.6924515068531036,0.03747676
1690,3.4693151712417603,0.689722329378128,0.037716746
1691,5.200421214103699,0.7680688202381134,0.030901454
1692,6.435519456863403,0.814849317073822,0.026805509
1693,7.185667157173157,0.8395081162452698,0.024587631
1694,4.0494173765182495,0.7175641059875488,0.035280045
1695,3.3393439650535583,0.6832855641841888,0.038285363
1696,5.069803595542908,0.7626681923866272,0.031369664
1697,1.9894608855247498,0.6125611960887909,0.04472259
1698,1.1435195058584213,0.5654485523700714,0.0492974
1699,6.912611126899719,0.8308533728122711,0.025372863
1700,3.74897301197052,0.703336626291275,0.03652173
1701,4.697394967079163,0.7468001842498779,0.032743894
1702,3.9792540669441223,0.7142783105373383,0.03556619
1703,7.634952068328857,0.8529596775770187,0.023348145
1704,4.192812740802765,0.724207729101181,0.03470239
1705,8.206188678741455,0.8687065690755844,0.021862036
1706,2.2447331249713898,0.62642040848732,0.043427356
1707,3.1132736802101135,0.6719143092632294,0.039294913
1708,6.572519540786743,0.8195613771677017,0.026386028
1709,4.865701198577881,0.7540570646524429,0.03211552
1710,4.273900389671326,0.727921187877655,0.034379933
1711,1.5581014752388,0.5887414216995239,0.04699968
1712,8.406658172607422,0.8738788515329361,0.021363238
1713,2.811862826347351,0.656436562538147,0.040682428
1714,5.135056376457214,0.765376940369606,0.031134877
1715,4.160377085208893,0.7227015793323517,0.034832224
1716,2.105729877948761,0.618896096944809,0.044127926
1717,2.010084241628647,0.6136874556541443,0.044616528
1718,2.103690057992935,0.6187843382358551,0.044138294
1719,4.945504367351532,0.7574490010738373,0.031821806
1720,1.9013692438602448,0.6077349483966827,0.045178477
1721,3.7424099445343018,0.7030168771743774,0.036549333
1722,2.004382461309433,0.6133759915828705,0.04464583
1723,4.015012085437775,0.7159561514854431,0.03542007
1724,6.642661690711975,0.8219368159770966,0.02617381
1725,4.92451399564743,0.7565599530935287,0.0318988
1726,5.3666698932647705,0.7748181223869324,0.030315623
1727,2.832096517086029,0.6574878692626953,0.04058777
1728,4.484061896800995,0.7373998463153839,0.033558067
1729,4.635465443134308,0.7440932095050812,0.032978185
1730,6.124791502952576,0.8038108795881271,0.027781805
1731,3.987521529197693,0.7146673202514648,0.03553235
1732,1.7071731388568878,0.597026526927948,0.046199933
1733,2.870078682899475,0.6594533324241638,0.040410675
1734,4.4318073987960815,0.735062837600708,0.03376056
1735,6.879032850265503,0.8297641575336456,0.025471138
1736,2.034512758255005,0.6150199472904205,0.044491228
1737,6.082026362419128,0.8022535145282745,0.027918927
1738,5.348084568977356,0.774066150188446,0.03038056
1739,3.366646468639374,0.684644341468811,0.03816521
1740,2.8814682364463806,0.6600435972213745,0.040357716
1741,4.578143358230591,0.7415721416473389,0.033196546
1742,4.566044807434082,0.7410363554954529,0.03324281
1743,3.3517512679100037,0.6839016079902649,0.038230717
1744,4.135199785232544,0.7215483784675598,0.03493333
1745,1.4204737544059753,0.5810476839542389,0.047750324
1746,3.382820188999176,0.6854476928710938,0.03809422
1747,3.2642248272895813,0.679530531167984,0.03861792
1748,3.3886533975601196,0.6857387125492096,0.03806864
1749,5.789775252342224,0.7913604527711868,0.028874287
1750,2.9510730504989624,0.6636269092559814,0.040035605
1751,3.000529110431671,0.6661666035652161,0.039808292
1752,5.109581351280212,0.7643196135759354,0.031226331
1753,9.18982207775116,0.8924519196152687,0.019521307
1754,7.172226905822754,0.8390903323888779,0.02462571
1755,0.3760473430156708,0.5216349065303802,0.053851478
1756,1.0282722860574722,0.5589178800582886,0.04995586
1757,3.6291956901550293,0.6975489854812622,0.037028853
1758,5.948313474655151,0.7973240166902542,0.028352043
1759,4.420664012432098,0.7345599234104156,0.033803903
1760,3.8699620962142944,0.7091103494167328,0.036016535
1761,4.745684266090393,0.7488968372344971,0.032562353
1762,4.52340841293335,0.7391487658023834,0.03340639
1763,3.5662829875946045,0.6944838464260101,0.037298027
1764,4.305455684661865,0.7293579578399658,0.034255262
1765,5.691160559654236,0.7875864207744598,0.029203977
1766,3.5545697808265686,0.6939102411270142,0.037348364
1767,2.4099047482013702,0.6352711319923401,0.04260934
1768,4.917945861816406,0.7562796473503113,0.03192293
1769,0.7932792603969574,0.5455381274223328,0.05132584
1770,3.6940211057662964,0.7006893455982208,0.036753517
1771,4.055966436862946,0.7178693413734436,0.035253458
1772,6.138975620269775,0.8043235391378403,0.027736476
1773,3.3261126279830933,0.682625949382782,0.03834373
1774,5.969133973121643,0.7981021255254745,0.028284164
1775,6.451868414878845,0.8154164999723434,0.026755098
1776,1.3650871813297272,0.5779399871826172,0.048055783
1777,3.2204753160476685,0.6773311197757721,0.038812917
1778,2.949759066104889,0.663560301065445,0.04004166
1779,3.2836204767227173,0.6805024147033691,0.038531777
1780,3.8898620009422302,0.710059642791748,0.03593411
1781,4.468149840831757,0.7366888225078583,0.033619598
1782,1.0242725163698196,0.5586898922920227,0.04997886
1783,4.342753291130066,0.7310497462749481,0.03410848
1784,5.285807251930237,0.7715531438589096,0.030599175
1785,8.037517070770264,0.8642127811908722,0.022290723
1786,4.893142282962799,0.7552276253700256,0.03201422
1787,1.7695845663547516,0.6004789471626282,0.045869157
1788,4.936823546886444,0.7570814043283463,0.031853624
1789,3.0499267578125,0.66869056224823,0.039582543
1790,4.129862189292908,0.7213009893894196,0.034954812
1791,6.920437812805176,0.8311064839363098,0.025350008
1792,6.032158136367798,0.8004246950149536,0.028079676
1793,2.8048986196517944,0.6560870409011841,0.040715057
1794,4.115687906742096,0.7206467390060425,0.035011895
1795,5.754614472389221,0.7900199592113495,0.028991409
1796,9.822731018066406,0.9056587964296341,0.018149449
1797,5.862717032432556,0.7941205948591232,0.028632823
1798,3.1471940875053406,0.6736339330673218,0.03914175
1799,3.178599774837494,0.6752219498157501,0.03900048
1800,6.987519860267639,0.8332615494728088,0.025154982
1801,3.8465213775634766,0.7080013155937195,0.03611386
1802,2.009279578924179,0.6136418581008911,0.044620667
1803,4.584231376647949,0.7418403029441833,0.033173285
1804,3.4752807021141052,0.690019816160202,0.037690856
1805,4.968884587287903,0.7584366649389267,0.031736262
1806,3.366914987564087,0.6846577227115631,0.038164034
1807,4.169634282588959,0.7231413125991821,0.034795117
1808,4.229756593704224,0.7258962690830231,0.0345551
1809,2.743464410305023,0.6528770327568054,0.04100405
1810,3.1979840993881226,0.6761997938156128,0.038913544
1811,7.473647594451904,0.8482450395822525,0.023785796
1812,5.107123255729675,0.7642203569412231,0.031235166
1813,3.66674542427063,0.6993695199489594,0.036869116
1814,1.6533316671848297,0.5940402746200562,0.04648721
1815,7.57828950881958,0.8513178378343582,0.023500958
1816,4.502391219139099,0.7382155060768127,0.033487327
1817,4.54143762588501,0.7399497330188751,0.033337127
1818,5.810943245887756,0.7921647280454636,0.028804008
1819,1.337132751941681,0.5763691961765289,0.048210688
1820,3.4474828839302063,0.6886492669582367,0.037811674
1821,5.033004879951477,0.7611313015222549,0.031502843
1822,6.247134804725647,0.8082156032323837,0.027393235
1823,1.449502408504486,0.5826742053031921,0.04759101
1824,4.11808580160141,0.7207613587379456,0.035002235
1825,2.5224176049232483,0.6412531137466431,0.04206095
1826,4.93778795003891,0.7571224868297577,0.031850085
1827,1.6826602816581726,0.5956669747829437,0.0463305
1828,4.8141443729400635,0.7518476396799088,0.032306712
1829,4.4484880566596985,0.7358097434043884,0.03369579
1830,4.2265209555625916,0.7257539927959442,0.034567982
1831,3.4887048602104187,0.6906799972057343,0.03763265
1832,1.4544573426246643,0.5829513967037201,0.047563866
1833,5.526744723320007,0.7811840772628784,0.029762046
1834,4.850305020809174,0.7533991485834122,0.032172497
1835,3.0170562863349915,0.6670123040676117,0.039732616
1836,2.3014281690120697,0.629464864730835,0.043144815
1837,2.993994355201721,0.6658318340778351,0.03983825
1838,4.505859613418579,0.7383692860603333,0.03347396
1839,6.207330226898193,0.806790366768837,0.027519058
1840,3.000047504901886,0.6661410629749298,0.0398105
1841,3.659762442111969,0.6990317404270172,0.036898773
1842,2.227950841188431,0.625510960817337,0.04351135
1843,4.238463044166565,0.7263006567955017,0.03452048
1844,4.534414112567902,0.739637941122055,0.033364087
1845,2.383855879306793,0.6338810920715332,0.042737313
1846,9.881460666656494,0.906808115541935,0.018027147
1847,3.045019507408142,0.6684408485889435,0.039604913
1848,4.3758901953697205,0.7325443625450134,0.033978608
1849,7.799710631370544,0.8576551675796509,0.02290944
1850,3.333626091480255,0.6830004751682281,0.038310584
1851,4.643209874629974,0.7444328665733337,0.032948792
1852,4.738075137138367,0.7485670149326324,0.032590892
1853,4.701210260391235,0.746965616941452,0.032729514
1854,4.121075868606567,0.7208956778049469,0.034990184
1855,2.7321845293045044,0.6522870361804962,0.04105734
1856,6.703477501869202,0.8239786475896835,0.025991186
1857,2.962474226951599,0.6642145216464996,0.039983086
1858,2.9616692662239075,0.6641736030578613,0.03998679
1859,1.8930348753929138,0.6072743833065033,0.045221843
1860,1.7494900524616241,0.5993686616420746,0.0459754
1861,4.882863461971283,0.7547900378704071,0.032052126
1862,3.4744614362716675,0.689979761838913,0.03769441
1863,5.562621355056763,0.7825928330421448,0.029639367
1864,1.6866417229175568,0.5958887040615082,0.04630927
1865,5.3265392780303955,0.7732020616531372,0.030456012
1866,6.729196310043335,0.8248349875211716,0.025914345
1867,6.197599172592163,0.8064410835504532,0.027549904
1868,1.5431888401508331,0.5879096388816833,0.047080446
1869,2.8972741961479187,0.6608583629131317,0.040284343
1870,5.157902836799622,0.7663166373968124,0.031053094
1871,6.312090158462524,0.8105231076478958,0.027189143
1872,2.45571568608284,0.6377162039279938,0.0423852
1873,2.7013400197029114,0.6506746709346771,0.0412034
1874,3.903515934944153,0.7107064425945282,0.035877667
1875,2.9618269205093384,0.6641816794872284,0.03998607
1876,6.733423471450806,0.8249723464250565,0.025901733
1877,9.660970568656921,0.9024319797754288,0.018490622
1878,2.305624336004257,0.629690408706665,0.04312397
1879,7.152777910232544,0.8384832292795181,0.024680907
1880,9.388411045074463,0.896762527525425,0.01908005
1881,6.488412618637085,0.8166771531105042,0.02664277
1882,2.0493897795677185,0.6158330738544464,0.044415087
1883,4.960652589797974,0.7580888718366623,0.031766355
1884,3.102947771549225,0.6713903248310089,0.039341655
1885,7.238885760307312,0.841151162981987,0.024437444
1886,3.4680718183517456,0.6896636188030243,0.037722148
1887,4.61903303861618,0.7433715462684631,0.033040635
1888,6.93026065826416,0.8314233273267746,0.025321359
1889,4.292490482330322,0.7287691533565521,0.034306426
1890,3.550405502319336,0.69370898604393,0.03736627
1891,2.512902021408081,0.6407467722892761,0.042107064
1892,4.803777039051056,0.751403346657753,0.0323453
1893,3.801867663860321,0.705870658159256,0.0363
1894,9.655342698097229,0.9023115038871765,0.018502602
1895,3.11411589384079,0.671957403421402,0.039291102
1896,5.0330013036727905,0.7611277550458908,0.031502854
1897,4.034975469112396,0.7168900966644287,0.035338756
1898,2.8311464190483093,0.6574377715587616,0.04059221
1899,3.5000890493392944,0.6912407577037811,0.037583355
1900,7.586367726325989,0.8515536785125732,0.023479111
1901,4.889282286167145,0.7550626248121262,0.032028444
1902,3.255707621574402,0.6791033148765564,0.0386558
1903,3.9470690488815308,0.7127639353275299,0.03569822
1904,4.809853732585907,0.7516642510890961,0.032322675
1905,2.303897738456726,0.6295978128910065,0.043132547
1906,5.952542424201965,0.7974809110164642,0.028338242
1907,4.390205442905426,0.7331953346729279,0.03392265
1908,6.91023051738739,0.8307763785123825,0.025379814
1909,3.9743664860725403,0.7140490412712097,0.035586208
1910,4.247719645500183,0.726725846529007,0.034483716
1911,2.9015204310417175,0.6610777676105499,0.04026465
1912,5.320229530334473,0.7729468643665314,0.030478146
1913,2.9473668336868286,0.6634384095668793,0.040052693
1914,3.753615617752075,0.703558623790741,0.036502216
1915,2.9152220487594604,0.6617838740348816,0.04020119
1916,2.481907308101654,0.6391063034534454,0.042257585
1917,3.499273359775543,0.6911933422088623,0.037586883
1918,2.8285080194473267,0.6573006808757782,0.040604543
1919,5.972731113433838,0.7982308864593506,0.028272456
1920,2.6983386278152466,0.6505178213119507,0.04121764
1921,3.912283778190613,0.7111205160617828,0.035841465
1922,0.6858403980731964,0.5393983125686646,0.051964644
1923,1.4028692245483398,0.5800609588623047,0.047847204
1924,6.153101325035095,0.8048371225595474,0.027691402
1925,4.514090418815613,0.7387324273586273,0.03344225
1926,2.077930122613907,0.6173844933509827,0.044269387
1927,1.4903871715068817,0.584961324930191,0.04736752
1928,2.8291520476341248,0.6573323309421539,0.04060153
1929,2.8607165813446045,0.6589698195457458,0.040454257
1930,6.345871686935425,0.8117134869098663,0.027083606
1931,2.1263132989406586,0.6200125515460968,0.044023477
1932,3.292172849178314,0.6809286773204803,0.038493853
1933,5.844229459762573,0.7934272438287735,0.028693832
1934,2.7398571372032166,0.65268474817276,0.041021086
1935,6.545282006263733,0.8186319470405579,0.026468905
1936,0.8198826014995575,0.5470564365386963,0.05116887
1937,0.6947456300258636,0.5399077832698822,0.05191139
1938,3.494662642478943,0.6909737288951874,0.037606843
1939,2.9733943939208984,0.6647754311561584,0.039932847
1940,5.06971001625061,0.7626653015613556,0.031369995
1941,3.707645833492279,0.7013472616672516,0.036695912
1942,5.578046441078186,0.7831964790821075,0.029586777
1943,10.032594203948975,0.9097067341208458,0.01771619
1944,2.475728392601013,0.6387768983840942,0.04228766
1945,4.820351302623749,0.7521156072616577,0.032283638
1946,2.7529355883598328,0.6533703505992889,0.040959362
1947,3.249531090259552,0.6787932217121124,0.038683295
1948,0.11753777973353863,0.5067643523216248,0.05547829
1949,2.4878057837486267,0.63941690325737,0.0422289
1950,7.38041877746582,0.845459908246994,0.024042469
1951,2.6296234130859375,0.6469118297100067,0.041545007
1952,2.1239852905273438,0.6198862195014954,0.04403528
1953,3.3831119537353516,0.6854626536369324,0.038092934
1954,4.321633875370026,0.7300927042961121,0.03419151
1955,3.82624089717865,0.7070340216159821,0.036198284
1956,2.508234977722168,0.6405012607574463,0.0421297
1957,4.081393778324127,0.7190543115139008,0.035150405
1958,4.209534227848053,0.7249759137630463,0.034635644
1959,2.2354865074157715,0.625916987657547,0.043473605
1960,1.2499788403511047,0.5714629590511322,0.04869687
1961,3.912884294986725,0.7111487984657288,0.035838995
1962,2.962227761745453,0.6642022728919983,0.03998422
1963,1.6348186135292053,0.593013197183609,0.04658639
1964,3.8353997468948364,0.7074710726737976,0.036160138
1965,3.3649179339408875,0.6845550835132599,0.03817281
1966,2.437910884618759,0.636764794588089,0.04247217
1967,3.531501293182373,0.6927817761898041,0.037447684
1968,3.0194908380508423,0.6671237647533417,0.039721478
1969,3.8023987412452698,0.7058960497379303,0.03629778
1970,5.166056752204895,0.7666550576686859,0.031023959
1971,6.228634715080261,0.8075516372919083,0.027451636
1972,9.591781497001648,0.9010174125432968,0.018638497
1973,4.021393656730652,0.7162525057792664,0.035394058
1974,6.28851056098938,0.8096879124641418,0.02726305
1975,2.9150742292404175,0.6617766320705414,0.04020188
1976,3.1682732701301575,0.6746976971626282,0.039046876
1977,3.491673469543457,0.6908268332481384,0.03761979
1978,3.5849064588546753,0.6953929960727692,0.037218146
1979,6.16870641708374,0.8054014146327972,0.027641699
1980,4.18537974357605,0.7238658666610718,0.0347321
1981,4.492249488830566,0.7377630472183228,0.033526447
1982,2.1572768688201904,0.6216912567615509,0.04386682
1983,2.831912338733673,0.6574772000312805,0.04058863
1984,2.1498848497867584,0.6212904751300812,0.04390417
1985,2.0904380083084106,0.6180644035339355,0.044205688
1986,4.759243428707123,0.7494826018810272,0.032511562
1987,4.934991896152496,0.7570038437843323,0.031860348
1988,2.6431313157081604,0.6476219892501831,0.04148045
1989,3.3773240447044373,0.68517205119133,0.038118325
1990,4.753286242485046,0.7492230832576752,0.03253387
1991,4.871024191379547,0.7542846202850342,0.032095846
1992,4.880959391593933,0.7547082453966141,0.032059155
1993,4.352246820926666,0.7314795255661011,0.034071222
1994,2.437438666820526,0.6367354094982147,0.042474482
1995,3.9572495222091675,0.7132467329502106,0.035656404
1996,5.940777063369751,0.7970460951328278,0.028376654
1997,4.043907821178436,0.7173072695732117,0.03530243
1998,7.061790823936462,0.8356238603591919,0.024940802
1999,4.962044358253479,0.7581479698419571,0.031761266
2000,1.5710695087909698,0.5894644856452942,0.04692956
2001,3.234671652317047,0.6780458986759186,0.03874953
2002,2.761622965335846,0.6538229882717133,0.04091842
2003,0.6121429428458214,0.5351802706718445,0.052407436
2004,6.371107697486877,0.8126015514135361,0.027005028
2005,3.7575557827949524,0.703747034072876,0.03648566
2006,5.001406669616699,0.7598059624433517,0.03161766
2007,7.550584077835083,0.8505074977874756,0.023576036
2008,4.431256353855133,0.7350368499755859,0.0337627
2009,4.531992077827454,0.7395298779010773,0.033373393
2010,2.926945984363556,0.662388265132904,0.040146966
2011,2.9641860723495483,0.6643022298812866,0.039975204
2012,4.621042013168335,0.7434588968753815,0.033032995
2013,2.073756158351898,0.6171587109565735,0.044290673
2014,3.7202268838882446,0.7019521296024323,0.036642797
2015,2.8768229484558105,0.6598021686077118,0.04037931
2016,3.7812259793281555,0.7048836052417755,0.036386367
2017,2.5348925590515137,0.6419138014316559,0.042000584
2018,3.3143019676208496,0.6820368468761444,0.0383959
2019,4.867036044597626,0.7541141510009766,0.032110587
2020,4.141806960105896,0.7218550443649292,0.034906767
2021,5.99458634853363,0.7990414500236511,0.028201401
2022,4.859655499458313,0.7537982612848282,0.032137886
2023,3.8187527656555176,0.7066798806190491,0.036229502
2024,6.539931893348694,0.8184480518102646,0.026485214
2025,3.791421949863434,0.7053731381893158,0.036343683
2026,5.293328166007996,0.7718560099601746,0.030572684
2027,5.596317648887634,0.7839094251394272,0.029524606
2028,6.946775913238525,0.8319565653800964,0.02527326
2029,1.7474985122680664,0.5992591977119446,0.04598594
2030,1.9540901482105255,0.6106263697147369,0.044905085
2031,2.982426881790161,0.6652361154556274,0.03989134
2032,1.262740045785904,0.5721814036369324,0.048625384
2033,3.785546123981476,0.705090194940567,0.03636828
2034,3.5236603021621704,0.6923975050449371,0.0374815
2035,2.1883082389831543,0.6233686804771423,0.043710385
2036,4.934370517730713,0.7569777369499207,0.031862624
2037,6.557357907295227,0.8190448582172394,0.026432127
2038,7.930164337158203,0.8612836301326752,0.022567935
2039,3.0833005905151367,0.6703914701938629,0.039430745
2040,1.6800251603126526,0.5955217778682709,0.046344556
2041,3.354542851448059,0.684042364358902,0.03821844
2042,4.23180490732193,0.725997269153595,0.03454696
2043,3.016866147518158,0.6670025289058685,0.039733488
2044,2.873889207839966,0.6596494615077972,0.04039295
2045,3.7572064995765686,0.7037310600280762,0.036487132
2046,2.6481208205223083,0.6478842198848724,0.041456625
2047,1.3586382567882538,0.5775777399539948,0.04809147
2048,4.131854772567749,0.7213953733444214,0.034946788
2049,3.574792444705963,0.6948992311954498,0.0372615
2050,7.27043092250824,0.8421192467212677,0.024348853
2051,3.896231949329376,0.7103648483753204,0.03590777
2052,4.608728289604187,0.742919534444809,0.033079855
2053,2.032485753297806,0.6149095892906189,0.044501606
2054,4.270265102386475,0.7277554869651794,0.034394324
2055,3.395795226097107,0.686091810464859,0.03803735
2056,3.356446921825409,0.6841370463371277,0.038210057
2057,3.688461184501648,0.700420081615448,0.03677706
2058,4.380789399147034,0.7327683866024017,0.03395944
2059,2.5615063309669495,0.6433205902576447,0.041872095
2060,4.812584817409515,0.7517814338207245,0.03231252
2061,2.3687806725502014,0.6330728530883789,0.042811554
2062,2.9927322268486023,0.665780782699585,0.039844044
2063,4.128101170063019,0.721221923828125,0.03496189
2064,4.469027519226074,0.736726701259613,0.0336162
2065,2.198723703622818,0.6239326596260071,0.043658003
2066,7.94037401676178,0.8615636825561523,0.022541422
2067,3.3129626512527466,0.6819701194763184,0.038401827
2068,3.7542587518692017,0.7035898566246033,0.03649951
2069,2.7409571409225464,0.6527453362941742,0.041015893
2070,4.568839967250824,0.7411610186100006,0.03323212
2071,6.517090797424316,0.8176662176847458,0.026554953
2072,6.079599857330322,0.8021643906831741,0.027926728
2073,3.252466320991516,0.6789417862892151,0.038670223
2074,4.732368588447571,0.7483192682266235,0.032612313
2075,11.042680740356445,0.9270765334367752,0.015771247
2076,3.921295404434204,0.7115367650985718,0.035804305
2077,2.2119808197021484,0.6246489882469177,0.043591417
2078,3.19297194480896,0.6759469211101532,0.03893601
2079,3.1096023321151733,0.6717290282249451,0.03931153
2080,4.043916761875153,0.717307835817337,0.035302393
2081,1.6182151436805725,0.5920886397361755,0.04667553
2082,4.080054759979248,0.7189900577068329,0.035155825
2083,3.10367614030838,0.6714273393154144,0.039338358
2084,6.545013785362244,0.8186230957508087,0.026469719
2085,2.7308475971221924,0.6522176861763,0.041063655
2086,2.703647017478943,0.6507959067821503,0.041192457
2087,2.442379891872406,0.6370026767253876,0.042450327
2088,5.028049349784851,0.7609216719865799,0.03152082
2089,7.2910767793655396,0.8427508324384689,0.024291046
2090,4.933080971240997,0.7569199502468109,0.031867355
2091,5.818156003952026,0.7924300581216812,0.028780093
2092,2.0374737679958344,0.6151817739009857,0.044476062
2093,4.697977900505066,0.7468243539333344,0.032741696
2094,4.41166877746582,0.7341507375240326,0.033838924
2095,2.7211394906044006,0.6517111361026764,0.04110958
2096,7.357306480407715,0.8447605073451996,0.024106527
2097,1.6896095871925354,0.5960532426834106,0.04629345
2098,3.144526481628418,0.6734996736049652,0.03915378
2099,5.781792402267456,0.7910568118095398,0.028900836
2100,7.578755021095276,0.8513302356004715,0.023499697
2101,7.016459107398987,0.834188386797905,0.02507131
2102,3.1185880303382874,0.6721843481063843,0.03927087
2103,5.147568583488464,0.7658940702676773,0.031090058
2104,4.380068778991699,0.7327359914779663,0.03396226
2105,1.9215933978557587,0.6088457107543945,0.045073397
2106,3.8795265555381775,0.7095701992511749,0.03597689
2107,4.200633764266968,0.7245672345161438,0.034671158
2108,2.8400060534477234,0.6578963696956635,0.040550828
2109,5.256078839302063,0.7703476697206497,0.03070408
2110,3.6313748359680176,0.6976548135280609,0.037019562
2111,2.3332184553146362,0.6311712265014648,0.042987198
2112,1.936652809381485,0.6096713244915009,0.044995323
2113,4.486593008041382,0.7375118732452393,0.033548288
2114,2.198280841112137,0.6239089071750641,0.04366023
2115,5.937871932983398,0.7969347089529037,0.028386146
2116,3.5700973868370056,0.6946703493595123,0.03728165
2117,7.424250245094299,0.8467713743448257,0.023921449
2118,3.0900877714157104,0.6707366704940796,0.039399944
2119,3.565478026866913,0.6944445073604584,0.037301492
2120,1.936672329902649,0.6096721589565277,0.044995226
2121,4.80501115322113,0.7514574229717255,0.032340705
2122,3.957388699054718,0.7132482826709747,0.03565583
2123,3.4132805466651917,0.6869584321975708,0.037960853
2124,3.7987303733825684,0.7057206034660339,0.036313113
2125,3.2831037044525146,0.6804764866828918,0.038534064
2126,2.595553994178772,0.6451180577278137,0.04170828
2127,4.442961812019348,0.7355622351169586,0.033717234
2128,4.555615186691284,0.7405771613121033,0.033282753
2129,4.004550576210022,0.7154661118984222,0.03546276
2130,2.2062939405441284,0.6243419051170349,0.043619968
2131,3.696995973587036,0.7008323669433594,0.036740936
2132,4.021109342575073,0.7162415087223053,0.035395212
2133,1.3631629943847656,0.5778320133686066,0.048066426
2134,4.498212039470673,0.738029420375824,0.03350344
2135,2.903831899166107,0.661195307970047,0.04025394
2136,4.517391920089722,0.7388808727264404,0.03342954
2137,6.582844257354736,0.819912314414978,0.026354684
2138,1.4767749607563019,0.584199845790863,0.04744181
2139,7.546911239624023,0.850401297211647,0.02358601
2140,3.3082082867622375,0.6817264258861542,0.038422853
2141,3.5217326879501343,0.6923032402992249,0.03748982
2142,3.3286964893341064,0.6827530860900879,0.038332332
2143,1.4517167210578918,0.5827980637550354,0.04757887
2144,0.8783808350563049,0.5503925979137421,0.050825417
2145,6.127086281776428,0.8038942664861679,0.027774466
2146,6.109795570373535,0.803265780210495,0.02782981
2147,3.3032074570655823,0.6814820766448975,0.038444977
2148,5.084409713745117,0.7632777988910675,0.031316955
2149,2.1426552534103394,0.6209007203578949,0.043940727
2150,4.23592209815979,0.7261857986450195,0.034530584
2151,3.1580719351768494,0.6741870939731598,0.039092764
2152,4.5665571093559265,0.7410604357719421,0.033240855
2153,1.884741336107254,0.6068231165409088,0.04526504
2154,2.715345621109009,0.651407390832901,0.041137017
2155,2.9977011680603027,0.6660217046737671,0.03982126
2156,4.914532005786896,0.7561366558074951,0.031935476
2157,6.774833798408508,0.8263481259346008,0.025778541
2158,3.3550414443016052,0.6840645372867584,0.038216237
2159,4.595555663108826,0.7423397600650787,0.03313006
2160,4.345212280750275,0.7311617136001587,0.034098823
2161,4.908738434314728,0.7558893412351608,0.03195679
2162,2.104153484106064,0.6188097894191742,0.044135936
2163,5.486851334571838,0.779609352350235,0.029899055
2164,0.6640109419822693,0.5381499826908112,0.05209541
2165,4.0371787548065186,0.7169927954673767,0.035329796
2166,4.110712110996246,0.7204160392284393,0.03503196
2167,1.5133439004421234,0.5862443447113037,0.0472425
2168,4.3131908774375916,0.7297094166278839,0.034224764
2169,3.6809059977531433,0.7000526487827301,0.03680906
2170,2.716894745826721,0.6514884829521179,0.04112967
2171,2.9692304134368896,0.6645618677139282,0.039952
2172,4.691815078258514,0.7465579807758331,0.03276493
2173,4.482300281524658,0.7373205125331879,0.03356487
2174,2.4984177947044373,0.6399810612201691,0.042177334
2175,4.785491526126862,0.7506159245967865,0.032413468
2176,5.351148247718811,0.7741918414831161,0.030369852
2177,3.6563873291015625,0.6988673508167267,0.036913108
2178,4.25867885351181,0.7272266745567322,0.034440234
2179,4.738683998584747,0.7485860288143158,0.032588605
2180,3.29606294631958,0.6811210513114929,0.038476612
2181,2.141651213169098,0.6208442449569702,0.04394581
2182,6.498290300369263,0.8170199543237686,0.02661249
2183,4.814790189266205,0.7518734633922577,0.032304313
2184,3.9888715744018555,0.7147329449653625,0.035526827
2185,7.280639410018921,0.8424319326877594,0.024320249
2186,5.186641812324524,0.7674998193979263,0.03095051
2187,4.895066022872925,0.7553090155124664,0.03200713
2188,2.4177286028862,0.6356891095638275,0.04257097
2189,5.3939032554626465,0.775909036397934,0.030220723
2190,3.4311386942863464,0.6878416240215302,0.03788289
2191,7.452797293663025,0.8476225733757019,0.02384296
2192,5.97236692905426,0.7982151359319687,0.028273636
2193,1.7753365635871887,0.6007966697216034,0.045838796
2194,4.158085584640503,0.7226076424121857,0.034841415
2195,2.5123724341392517,0.6407228410243988,0.042109627
2196,1.934264600276947,0.6095380783081055,0.0450077
2197,3.1122273206710815,0.6718610227108002,0.03929965
2198,2.2322991490364075,0.6257453858852386,0.043489568
2199,9.506978392601013,0.8992629945278168,0.018821364
2200,1.5176516771316528,0.5864850580692291,0.047219068
2201,2.5906431674957275,0.6448591649532318,0.04173187
2202,4.3218278884887695,0.7301014065742493,0.03419075
2203,6.825127601623535,0.8280035108327866,0.025629709
2204,6.952489018440247,0.8321401029825211,0.02525664
2205,3.6155664920806885,0.6968869268894196,0.037087
2206,6.984200477600098,0.8331598341464996,0.0251646
2207,2.5263720750808716,0.6414627432823181,0.042041805
2208,5.8913034200668335,0.7951909303665161,0.028538747
2209,2.715461552143097,0.6514134705066681,0.04113646
2210,2.044118046760559,0.6155435740947723,0.044442054
2211,4.402112066745758,0.7337287366390228,0.033876184
2212,4.74991112947464,0.7490793168544769,0.032546513
2213,1.188741996884346,0.5680054128170013,0.049041413
2214,3.808799684047699,0.7062017619609833,0.036271043
2215,3.0500605702400208,0.6686980426311493,0.039581936
2216,3.0584928393363953,0.669124037027359,0.03954352
2217,3.2891425490379333,0.6807786822319031,0.038507286
2218,3.3818450570106506,0.685394674539566,0.038098488
2219,2.0847995579242706,0.6177579164505005,0.04423439
2220,4.385358989238739,0.7329739332199097,0.033941578
2221,4.4474196434021,0.7357619404792786,0.03369993
2222,6.442520618438721,0.8150923550128937,0.02678391
2223,2.4352754652500153,0.6366244256496429,0.04248506
2224,2.568872570991516,0.6437102854251862,0.041836597
2225,3.20122092962265,0.6763623058795929,0.038899045
2226,4.503626823425293,0.7382684648036957,0.03348256
2227,6.863031983375549,0.8292435556650162,0.025518106
2228,2.6550504565238953,0.6482480466365814,0.041423567
2229,4.251295626163483,0.7268893718719482,0.03446952
2230,3.6665958166122437,0.6993629634380341,0.03686975
2231,3.3790168166160583,0.6852550506591797,0.038110893
2232,0.7378643751144409,0.5423729419708252,0.05165433
2233,3.6383605003356934,0.6979960799217224,0.0369898
2234,3.9778372645378113,0.7142128944396973,0.035571992
2235,2.6553818583488464,0.6482655107975006,0.041421983
2236,4.778141975402832,0.7502992451190948,0.0324409
2237,2.4508406221866608,0.6374539136886597,0.042409
2238,3.706713914871216,0.7012976109981537,0.03669985
2239,6.059392094612122,0.8014252781867981,0.027991772
2240,5.031634569168091,0.7610745131969452,0.03150782
2241,2.331467568874359,0.631076991558075,0.042995855
2242,4.074432849884033,0.7187306880950928,0.035178583
2243,4.522671699523926,0.7391170859336853,0.033409227
2244,4.854778051376343,0.7535904347896576,0.032155935
2245,6.346142888069153,0.8117244839668274,0.027082758
2246,5.8062320947647095,0.7919864356517792,0.028819632
2247,5.133214592933655,0.7652985006570816,0.03114148
2248,0.6355307996273041,0.5365188419818878,0.052266505
2249,3.5295897722244263,0.6926880776882172,0.037455928
2250,5.15593945980072,0.7662400305271149,0.031060113
2251,0.9551980346441269,0.5547652244567871,0.05037791
2252,4.384968876838684,0.7329568266868591,0.033943105
2253,3.974481523036957,0.7140549123287201,0.03558573
2254,3.471367061138153,0.6898287236690521,0.03770784
2255,3.170540928840637,0.6748147308826447,0.039036687
2256,4.211120903491974,0.7250491082668304,0.03462932
2257,3.511277735233307,0.6917920410633087,0.037534975
2258,6.958420276641846,0.8323303461074829,0.025239397
2259,2.6876747608184814,0.6499592363834381,0.04126827
2260,5.978596210479736,0.7984448373317719,0.028253369
2261,4.127073585987091,0.7211741209030151,0.034966033
2262,4.665497839450836,0.7454081773757935,0.032864355
2263,6.354069113731384,0.8120029419660568,0.02705805
2264,2.6476001739501953,0.6478569507598877,0.04145911
2265,3.1971997022628784,0.6761605143547058,0.038917065
2266,3.9298424124717712,0.7119466364383698,0.035769086
2267,7.943238019943237,0.8616408258676529,0.022533992
2268,3.08170348405838,0.6703101694583893,0.039437998
2269,1.9167065620422363,0.6085759401321411,0.04509877
2270,1.8523919582366943,0.6050457060337067,0.045433942
2271,2.6305413246154785,0.6469603180885315,0.04154062
2272,10.763825178146362,0.9226161018013954,0.01628579
2273,3.425478935241699,0.6875623464584351,0.037907578
2274,4.832674562931061,0.7526441216468811,0.03223787
2275,6.257210373878479,0.8085748106241226,0.027361475
2276,6.097952127456665,0.8028341978788376,0.027867783
2277,4.591868221759796,0.7421773672103882,0.03314413
2278,0.7902838289737701,0.5453673601150513,0.051343534
2279,1.1681576073169708,0.5668438673019409,0.04915777
2280,0.833280086517334,0.5478197932243347,0.05109001
2281,2.28776752948761,0.6287311911582947,0.04321272
2282,3.1818920373916626,0.6753882467746735,0.03898571
2283,2.1558640897274017,0.6216145753860474,0.04387396
2284,4.460584223270416,0.7363508343696594,0.033648893
2285,2.1236735582351685,0.6198694109916687,0.04403686
2286,2.8564295172691345,0.658740222454071,0.04047423
2287,5.333364009857178,0.7734774947166443,0.030432092
2288,3.2909849286079407,0.6808708012104034,0.038499113
2289,3.195410370826721,0.6760706901550293,0.038925074
2290,2.3798201978206635,0.6336648762226105,0.042757176
2291,5.008649826049805,0.7601101398468018,0.0315913
2292,2.7315032482147217,0.6522517502307892,0.041060556
2293,4.635885059833527,0.744111955165863,0.032976594
2294,4.712220728397369,0.7474440932273865,0.03268805
2295,3.344913125038147,0.6835635900497437,0.03826083
2296,4.170120656490326,0.7231629490852356,0.03479317
2297,3.9426347613334656,0.7125547826290131,0.035716448
2298,2.3228369653224945,0.6306142807006836,0.043038603
2299,3.927064836025238,0.711818516254425,0.035780534
2300,3.9589443802833557,0.7133236527442932,0.03564945
2301,7.318352460861206,0.8435773402452469,0.024214886
2302,4.007306694984436,0.7155952751636505,0.035451505
2303,4.307634234428406,0.7294556498527527,0.034246664
2304,2.641952931880951,0.647560179233551,0.041486077
2305,0.6135407462716103,0.5352608263492584,0.052399
2306,2.5327035784721375,0.6417958736419678,0.04201118
2307,4.728685915470123,0.7481593191623688,0.032626145
2308,1.8979698419570923,0.6075494587421417,0.045196157
2309,3.84095698595047,0.7077356576919556,0.036137007
2310,3.075970709323883,0.6700184643268585,0.03946403
2311,2.7459457516670227,0.6530057489871979,0.04099234
2312,5.615715980529785,0.7846577763557434,0.029458746
2313,3.188718259334564,0.6757160127162933,0.03895508
2314,5.020813345909119,0.7606203705072403,0.031547092
2315,7.334848046302795,0.8440785557031631,0.024168942
2316,2.3811548948287964,0.6337273120880127,0.042750604
2317,4.762496650218964,0.7496229410171509,0.032499395
2318,4.488616585731506,0.7376028597354889,0.033540476
2319,2.2171665728092194,0.6249297559261322,0.043565396
2320,5.109452605247498,0.7643188536167145,0.031226793
2321,2.651384174823761,0.6480558216571808,0.041441053
2322,6.151070594787598,0.8047634810209274,0.027697878
2323,2.356255054473877,0.6324048340320587,0.04287334
2324,1.784227043390274,0.6012876331806183,0.0457919
2325,6.8997722864151,0.8304375112056732,0.025410399
2326,3.3407315611839294,0.6833476424217224,0.038279254
2327,4.800630807876587,0.751267820596695,0.03235702
2328,3.108418881893158,0.6716681718826294,0.03931688
2329,3.645091950893402,0.6983153522014618,0.036961146
2330,6.478866934776306,0.816350445151329,0.026672069
2331,3.030659258365631,0.6677075028419495,0.039670445
2332,8.297942280769348,0.8710945546627045,0.02163231
2333,7.330231666564941,0.8439415693283081,0.02418179
2334,6.149832606315613,0.8047185838222504,0.027701825
2335,5.837026238441467,0.7931512296199799,0.028717633
2336,5.397306680679321,0.7760488390922546,0.030208884
2337,3.284485638141632,0.6805429458618164,0.038527932
2338,3.469133675098419,0.6897170543670654,0.03771754
2339,2.517738938331604,0.6410054266452789,0.042083617
2340,3.788875639438629,0.7052492499351501,0.03635434
2341,4.376399219036102,0.7325697243213654,0.03397661
2342,2.6340606808662415,0.6471435129642487,0.041523788
2343,2.1802404522895813,0.622930258512497,0.043751005
2344,2.816414535045624,0.6566726863384247,0.04066111
2345,5.216954350471497,0.7687460333108902,0.030842694
2346,2.558954358100891,0.6431860029697418,0.041884396
2347,4.91873562335968,0.7563150078058243,0.031920027
2348,4.414130449295044,0.7342682182788849,0.03382934
2349,2.307964712381363,0.6298160254955292,0.04311236
2350,2.0361629128456116,0.6151098012924194,0.044482775
2351,3.6865144968032837,0.7003256380558014,0.0367853
2352,2.995675206184387,0.6659179627895355,0.03983055
2353,2.0295454561710358,0.6147493124008179,0.044516675
2354,4.799613654613495,0.751225471496582,0.032360807
2355,2.128380537033081,0.6201247870922089,0.044013005
2356,3.046503961086273,0.6685175597667694,0.03959815
2357,4.859524965286255,0.7537910044193268,0.032138366
2358,2.333521842956543,0.6311872005462646,0.04298569
2359,2.079346477985382,0.6174613535404205,0.04426217
2360,7.641009092330933,0.8531344681978226,0.023331873
2361,2.4866795539855957,0.6393580138683319,0.042234372
2362,5.021294951438904,0.7606418132781982,0.031545345
2363,4.541255533695221,0.7399410903453827,0.03333782
2364,1.3296540081501007,0.5759487450122833,0.048252217
2365,6.120940446853638,0.8036710172891617,0.027794125
2366,2.935802638530731,0.6628431379795074,0.04010605
2367,3.453707993030548,0.688949316740036,0.037784584
2368,3.9554563164711,0.7131557166576385,0.035663765
2369,2.24892720580101,0.6266409754753113,0.04340639
2370,6.550149917602539,0.818798303604126,0.026454074
2371,7.384092807769775,0.8455663323402405,0.024032302
2372,4.505110085010529,0.738336443901062,0.03347684
2373,4.541362226009369,0.7399457693099976,0.033337418
2374,4.589789509773254,0.7420856058597565,0.033152062
2375,4.103391468524933,0.7200763821601868,0.035061497
2376,3.181309401988983,0.6753582656383514,0.03898833
2377,4.263863265514374,0.7274636030197144,0.03441968
2378,3.9607498049736023,0.7134095132350922,0.03564204
2379,3.9515531063079834,0.7129752039909363,0.0356798
2380,4.384890496730804,0.7329532206058502,0.03394342
2381,9.416471123695374,0.897358313202858,0.01901851
2382,3.698779046535492,0.7009186148643494,0.036733393
2383,3.098638355731964,0.6711691915988922,0.03936118
2384,7.601010799407959,0.8519787341356277,0.023439562
2385,5.469496846199036,0.7789196074008942,0.029958853
2386,5.113044381141663,0.7644644528627396,0.031213883
2387,1.9042737782001495,0.6078974604606628,0.045163367
2388,2.8204265236854553,0.6568824946880341,0.04064234
2389,3.3656826615333557,0.6845947504043579,0.038169444
2390,1.5729224681854248,0.5895678400993347,0.046919554
2391,3.7670791149139404,0.7042041718959808,0.03644568
2392,6.063434481620789,0.8015734404325485,0.027978752
2393,5.16585111618042,0.7666483819484711,0.031024693
2394,1.8794208765029907,0.6065299808979034,0.045292784
2395,2.569756805896759,0.6437569558620453,0.041832343
2396,6.740593314170837,0.8252135068178177,0.025880361
2397,4.422957599163055,0.7346658706665039,0.03379498
2398,7.205819487571716,0.8401308506727219,0.02453065
2399,4.073805212974548,0.7187013626098633,0.035181124
2400,1.9048972427845001,0.6079427003860474,0.04516013
2401,3.0440348386764526,0.6683892905712128,0.039609402
2402,4.782497584819794,0.7504855543375015,0.03242464
2403,6.17360532283783,0.8055773377418518,0.02762611
2404,5.13832688331604,0.7655104249715805,0.03112316
2405,4.889249205589294,0.7550603151321411,0.032028574
2406,7.36164927482605,0.8448915332555771,0.024094475
2407,1.9080300629138947,0.6081016659736633,0.04514384
2408,4.232531785964966,0.7260291874408722,0.034544062
2409,5.581193566322327,0.7833191305398941,0.029576061
2410,4.838285148143768,0.7528845518827438,0.032217044
2411,2.8009137511253357,0.6558777093887329,0.040733743
2412,1.7930999398231506,0.6017773151397705,0.04574515
2413,6.930644512176514,0.8314360529184341,0.025320238
2414,1.2483751028776169,0.5713723003864288,0.048705865
2415,4.858863651752472,0.7537641823291779,0.032140817
2416,3.9183583855628967,0.7114089727401733,0.035816416
2417,5.336281061172485,0.7735950946807861,0.030421874
2418,4.104728698730469,0.7201384902000427,0.035056096
2419,9.697526693344116,0.9031690508127213,0.018412964
2420,4.260348975658417,0.7273029685020447,0.034433614
2421,4.074530601501465,0.7187342047691345,0.03517819
2422,3.2604852318763733,0.6793419718742371,0.03863454
2423,3.064207136631012,0.669419139623642,0.039517518
2424,7.831958532333374,0.8585596978664398,0.022824543
2425,7.642421126365662,0.8531758487224579,0.023328073
2426,3.2770314812660217,0.6801724433898926,0.038561013
2427,6.822336912155151,0.827909380197525,0.025637941
2428,4.38222736120224,0.7328346967697144,0.033953823
2429,3.819337487220764,0.7067101001739502,0.036227062
2430,4.961340129375458,0.7581180930137634,0.031763837
2431,4.254622459411621,0.7270412147045135,0.034456324
2432,6.2463390827178955,0.8081880509853363,0.02739574
2433,2.0450016856193542,0.6155918836593628,0.04443753
2434,5.867130756378174,0.7942859083414078,0.028618274
2435,4.638100266456604,0.7442093193531036,0.032968182
2436,6.388065218925476,0.8131963759660721,0.02695236
2437,3.635563552379608,0.697858452796936,0.037001714
2438,4.203805029392242,0.7247130870819092,0.0346585
2439,4.373037219047546,0.7324186563491821,0.03398977
2440,1.8412120640277863,0.6044290661811829,0.045492455
2441,1.8433263897895813,0.6045456528663635,0.04548138
2442,4.4538795948028564,0.7360510230064392,0.03367488
2443,2.1597647666931152,0.6218254268169403,0.04385426
2444,3.7030404806137085,0.7011238038539886,0.036715377
2445,4.67317521572113,0.7457397878170013,0.03283532
2446,3.1154292821884155,0.6720273792743683,0.03928516
2447,4.366414248943329,0.7321197986602783,0.034015693
2448,4.40904825925827,0.7340402603149414,0.033849135
2449,4.678980708122253,0.7459948360919952,0.03281338
2450,4.57074373960495,0.7412454783916473,0.033224836
2451,3.4112906455993652,0.686859518289566,0.037969556
2452,2.6886260509490967,0.6500098407268524,0.04126375
2453,5.174970626831055,0.7670218348503113,0.030992135
2454,1.7511734366416931,0.5994614064693451,0.045966487
2455,8.297290802001953,0.8710780590772629,0.021633934
2456,7.691051959991455,0.8545741736888885,0.023197835
2457,2.8693372011184692,0.6594152450561523,0.040414114
2458,3.000422418117523,0.6661633253097534,0.039808784
2459,7.9701149463653564,0.8623783737421036,0.022464372
2460,2.4786026775836945,0.6389273405075073,0.04227366
2461,4.093670547008514,0.7196250855922699,0.035100754
2462,4.625259637832642,0.7436451017856598,0.033016957
2463,7.363523840904236,0.8449471741914749,0.024089279
2464,0.6775198131799698,0.5389221012592316,0.05201445
2465,3.47729355096817,0.6901197135448456,0.037682123
2466,2.1833716332912445,0.6231028735637665,0.043735232
2467,4.98384952545166,0.7590674757957458,0.03168163
2468,7.591115832328796,0.8516786992549896,0.023466276
2469,7.2843581438064575,0.8425446152687073,0.024309844
2470,1.9127312302589417,0.6083589494228363,0.045119412
2471,2.5206372141838074,0.6411594152450562,0.042069588
2472,6.922599673271179,0.8311766386032104,0.0253437
2473,2.1944333612918854,0.6237012445926666,0.04367958
2474,7.799849510192871,0.8576593548059464,0.022909071
2475,5.831089019775391,0.7929271459579468,0.028737273
2476,6.17268979549408,0.8055442869663239,0.02762902
2477,2.6365110278129578,0.6472742259502411,0.041512076
2478,6.478166580200195,0.8163255751132965,0.02667422
2479,2.357996106147766,0.6324959099292755,0.042864744
2480,5.586996674537659,0.7835460305213928,0.02955631
2481,3.1119000911712646,0.6718454360961914,0.03930113
2482,2.099992483854294,0.6185837090015411,0.044157088
2483,4.790073037147522,0.7508134543895721,0.032396372
2484,4.262622594833374,0.7274073958396912,0.034424596
2485,4.635442495346069,0.7440926134586334,0.032978274
2486,4.829203486442566,0.7524950355291367,0.032250755
2487,3.9902466535568237,0.7147951424121857,0.0355212
2488,4.8452454805374146,0.7531824111938477,0.032191243
2489,4.149563908576965,0.7222143411636353,0.034875613
2490,3.6669334769248962,0.6993796825408936,0.036868323
2491,2.428869754076004,0.6362830102443695,0.042516414
2492,2.270796298980713,0.6278187334537506,0.04329723
2493,2.4777181446552277,0.6388829052448273,0.04227797
2494,6.170274019241333,0.8054571002721786,0.027636714
2495,4.19013649225235,0.7240847051143646,0.034713086
2496,4.989141523838043,0.7592901438474655,0.031662337
2497,4.2158567905426025,0.7252668738365173,0.034610443
2498,6.692911386489868,0.8236246258020401,0.026022824
2499,2.197422683238983,0.6238625049591064,0.043664537
2500,4.370130896568298,0.7322855293750763,0.034001134
2501,2.4816694855690002,0.6390919983386993,0.04225874
2502,2.720029652118683,0.6516562700271606,0.041114833
2503,1.8110579252243042,0.6027708649635315,0.045650665
2504,4.676333069801331,0.7458812892436981,0.032823384
2505,5.03008246421814,0.7610085904598236,0.03151344
2506,4.84817236661911,0.7533073127269745,0.0321804
2507,6.731900572776794,0.8249276727437973,0.025906278
2508,5.066691040992737,0.7625386565923691,0.031380903
2509,4.995530545711517,0.7595595121383667,0.03163905
2510,4.387937784194946,0.7330895364284515,0.033931505
2511,4.368971586227417,0.7322351932525635,0.03400568
2512,6.7232197523117065,0.8246355652809143,0.025932182
2513,5.380532145500183,0.7753747552633286,0.030267285
2514,3.8054782152175903,0.7060433030128479,0.036284916
2515,5.32412588596344,0.7731045931577682,0.030464478
2516,3.2180285453796387,0.6772065162658691,0.038823854
2517,6.719398498535156,0.8245081603527069,0.025943592
2518,0.61416145414114,0.5352950990200043,0.05239525
2519,2.1193376183509827,0.6196343898773193,0.04405885
2520,0.5481204017996788,0.531510055065155,0.05279515
2521,4.0852090716362,0.7192316651344299,0.035134967
2522,6.543826460838318,0.8185805529356003,0.026473338
2523,2.662782371044159,0.6486540734767914,0.041386712
2524,5.667777061462402,0.786684513092041,0.029282704
2525,1.7444230616092682,0.599088191986084,0.046002224
2526,4.87993061542511,0.7546575367450714,0.03206295
2527,3.9232224225997925,0.7116389870643616,0.035796363
2528,1.0965128988027573,0.5627870261669159,0.049564917
2529,3.225245475769043,0.6775727868080139,0.03879161
2530,4.097008407115936,0.7197800278663635,0.035087273
2531,6.183947324752808,0.8059495687484741,0.02759324
2532,1.7239086329936981,0.5979532599449158,0.046111003
2533,1.7693668603897095,0.6004665791988373,0.04587031
2534,2.053920179605484,0.6160773038864136,0.044391926
2535,3.2815182209014893,0.6803955733776093,0.038541097
2536,4.25576776266098,0.7270937263965607,0.03445178
2537,7.257829904556274,0.8417329341173172,0.024384199
2538,2.400481253862381,0.634768933057785,0.042655587
2539,8.130462765693665,0.8667018711566925,0.022053467
2540,1.9079738855361938,0.6080991923809052,0.045144137
2541,3.367328643798828,0.684678703546524,0.038162213
2542,6.25274658203125,0.8084188401699066,0.02737554
2543,10.698906183242798,0.921540305018425,0.016407965
2544,4.203603565692902,0.7247036397457123,0.034659304
2545,2.5550609827041626,0.6429805755615234,0.04190318
2546,7.212920784950256,0.8403512388467789,0.024510603
2547,1.2736664712429047,0.5727971196174622,0.04856425
2548,2.4407097697257996,0.6369144320487976,0.042458486
2549,3.0326735973358154,0.667811930179596,0.039661244
2550,4.785316288471222,0.7506081312894821,0.03241412
2551,5.783491730690002,0.7911214232444763,0.028895183
2552,3.49546879529953,0.6910133361816406,0.037603356
2553,1.8083515763282776,0.602618545293808,0.045664888
2554,5.623984336853027,0.7849885076284409,0.029430715
2555,4.301789700984955,0.7291911244392395,0.034269717
2556,5.136839151382446,0.765449121594429,0.031128488
2557,3.68151992559433,0.7000846564769745,0.036806457
2558,1.4667816460132599,0.5836412012577057,0.04749642
2559,3.8571810722351074,0.7085079550743103,0.036069572
2560,4.56230103969574,0.7408725321292877,0.03325714
2561,7.027289867401123,0.8345299959182739,0.02504007
2562,2.0656707882881165,0.6167169213294983,0.044331912
2563,4.575293064117432,0.7414457499980927,0.03320744
2564,2.3566243052482605,0.6324246227741241,0.042871512
2565,4.95510995388031,0.7578555047512054,0.03178663
2566,3.23710560798645,0.6781691312789917,0.03873867
2567,7.45419442653656,0.8476639837026596,0.023839124
2568,3.2213732600212097,0.6773768961429596,0.0388089
2569,2.673046588897705,0.6491946876049042,0.041337825
2570,6.630530953407288,0.8215268105268478,0.026210386
2571,1.8987490236759186,0.6075924336910248,0.045192104
2572,4.2708620429039,0.7277835011482239,0.03439196
2573,3.395903706550598,0.6860971748828888,0.038036875
2574,3.1792989373207092,0.6752572655677795,0.03899735
2575,4.259840548038483,0.7272793650627136,0.03443563
2576,2.970518171787262,0.6646189987659454,0.039946083
2577,5.437019467353821,0.7776319533586502,0.030071082
2578,4.402776062488556,0.7337586581707001,0.03387359
2579,7.099314332008362,0.8368082940578461,0.024833295
2580,1.6153629124164581,0.5919303596019745,0.046690855
2581,4.169438183307648,0.7231315076351166,0.0347959
2582,1.5557213127613068,0.5886096358299255,0.04701256
2583,4.28074449300766,0.7282367646694183,0.03435285
2584,4.007901549339294,0.7156231105327606,0.03544908
2585,6.460532546043396,0.8157161474227905,0.026728429
2586,5.8732688426971436,0.7945170253515244,0.02859806
2587,2.1705399453639984,0.6224088668823242,0.04379989
2588,5.715659260749817,0.7885280251502991,0.029121725
2589,4.45195734500885,0.7359665930271149,0.03368233
2590,4.77843314409256,0.7502859085798264,0.032439817
2591,6.866849064826965,0.8293678015470505,0.025506893
2592,4.4960737228393555,0.7379378378391266,0.033511687
2593,2.797221839427948,0.6556763052940369,0.040751062
2594,2.442834824323654,0.6370269358158112,0.042448103
2595,4.661265313625336,0.745223879814148,0.032880373
2596,0.8161826431751251,0.5468449890613556,0.051190678
2597,4.272025525569916,0.7278358638286591,0.034387354
2598,3.2385918498039246,0.6782438158988953,0.038732048
2599,2.5670230388641357,0.6436158120632172,0.04184551
2600,4.309025406837463,0.7295182347297668,0.034241185
2601,4.600960910320282,0.7425778210163116,0.033109445
2602,2.4782395362854004,0.6388996243476868,0.04227543
2603,2.93830543756485,0.6629727184772491,0.0400945
2604,0.7174692302942276,0.5412069857120514,0.05177577
2605,1.3922443985939026,0.5794646143913269,0.047905765
2606,3.349619209766388,0.6837984323501587,0.038240105
2607,2.053229957818985,0.6160401105880737,0.044395458
2608,3.3733975887298584,0.6849835515022278,0.038135562
2609,9.731938242912292,0.9038572013378143,0.018340161
2610,3.146681487560272,0.6736053824424744,0.039144065
2611,4.3291208148002625,0.7304322719573975,0.034162052
2612,5.791770815849304,0.7914360463619232,0.028867653
2613,5.259500741958618,0.7704838067293167,0.030691985
2614,3.077819347381592,0.6701133847236633,0.039455637
2615,2.269592136144638,0.6277537941932678,0.043303244
2616,4.07180517911911,0.7186083197593689,0.035189234
2617,2.5417673587799072,0.6422773003578186,0.041967366
2618,6.8882352113723755,0.8300630450248718,0.025444169
2619,4.065524935722351,0.7183153033256531,0.03521468
2620,4.030613601207733,0.716684877872467,0.035356507
2621,3.4280824661254883,0.6876907050609589,0.037896223
2622,3.5345348715782166,0.6929299831390381,0.037434608
2623,5.3527528047561646,0.7742512226104736,0.030364232
2624,6.713864803314209,0.8243245482444763,0.025960125
2625,4.124903976917267,0.7210732102394104,0.03497477
2626,4.294337034225464,0.7288525700569153,0.034299135
2627,8.83868157863617,0.8844418376684189,0.020326655
2628,1.1820796877145767,0.5676286816596985,0.049079034
2629,2.3333224654197693,0.6311767101287842,0.04298668
2630,4.082095623016357,0.7190869450569153,0.035147566
2631,4.079275727272034,0.718940943479538,0.035158977
2632,5.496601462364197,0.7799949944019318,0.029865509
2633,3.4015467762947083,0.6863753199577332,0.03801217
2634,6.894657611846924,0.8302709013223648,0.02542536
2635,3.6122292280197144,0.696723997592926,0.03710125
2636,3.2685545086860657,0.6797471940517426,0.038598664
2637,2.225828766822815,0.6253964304924011,0.043521974
2638,4.3168336153030396,0.729874849319458,0.034210414
2639,3.1340619921684265,0.6729695796966553,0.039200973
2640,4.411334693431854,0.7341434359550476,0.033840228
2641,5.928640365600586,0.7965895533561707,0.028416332
2642,3.8217979669570923,0.7068230211734772,0.036216807
2643,2.509720027446747,0.6405800879001617,0.04212249
2644,3.5463830828666687,0.6935108602046967,0.037383582
2645,6.057561039924622,0.801355168223381,0.027997676
2646,2.0412932336330414,0.6153900027275085,0.04445651
2647,4.572054743766785,0.7413041889667511,0.03321982
2648,2.756340801715851,0.6535485982894897,0.040943317
2649,5.958042740821838,0.7976836711168289,0.028320305
2650,3.321695327758789,0.6824056208133698,0.038363237
2651,4.043931066989899,0.7173056304454803,0.035302334
2652,6.838029623031616,0.8284262716770172,0.025591664
2653,2.404836267232895,0.635001540184021,0.042634204
2654,2.666170299053192,0.6488319933414459,0.041370567
2655,4.4031402468681335,0.7337744235992432,0.03387217
2656,4.2533522844314575,0.7269825041294098,0.03446136
2657,5.493984818458557,0.7798919975757599,0.02987451
2658,1.6494832932949066,0.5938262641429901,0.046507806
2659,2.591578960418701,0.6449083387851715,0.04172737
2660,3.3856725692749023,0.6855813562870026,0.038081698
2661,2.829284369945526,0.6573409140110016,0.040600915
2662,2.3962493240833282,0.6345431208610535,0.042676374
2663,2.83909410238266,0.6578491926193237,0.040555082
2664,4.318489134311676,0.7299499213695526,0.034203894
2665,3.9222896099090576,0.711595356464386,0.035800207
2666,6.785808205604553,0.8267103135585785,0.025745988
2667,11.579898595809937,0.9350125789642334,0.014825354
2668,4.986359179019928,0.7591748833656311,0.031672478
2669,5.476556420326233,0.7792022824287415,0.02993451
2670,3.4497371315956116,0.6887600123882294,0.03780186
2671,3.0506160855293274,0.6687268018722534,0.0395794
2672,3.6775830388069153,0.6998942196369171,0.036823146
2673,4.336534142494202,0.7307702600955963,0.03413291
2674,3.8176587224006653,0.7066258192062378,0.03623407
2675,2.4969670176506042,0.6399029493331909,0.04218438
2676,2.8606635332107544,0.6589665710926056,0.0404545
2677,7.049379348754883,0.8352333605289459,0.024976473
2678,4.258336424827576,0.7272108495235443,0.034441594
2679,3.779228925704956,0.7047856748104095,0.036394738
2680,5.920917987823486,0.7963036596775055,0.028441602
2681,7.425161600112915,0.8467945903539658,0.023918942
2682,4.583103656768799,0.7417888045310974,0.033177596
2683,2.4560797214508057,0.6377314925193787,0.04238343
2684,3.8636907935142517,0.7088170945644379,0.03604255
2685,6.1682188510894775,0.8053821474313736,0.02764325
2686,4.968646168708801,0.7584246098995209,0.031737134
2687,7.758696675300598,0.8564989864826202,0.023017874
2688,7.357785701751709,0.8447683900594711,0.0241052
2689,5.1755291223526,0.7670476883649826,0.030990144
2690,5.46031653881073,0.7785549610853195,0.02999053
2691,1.322093904018402,0.5755234062671661,0.048294242
2692,5.332908630371094,0.7734612673521042,0.030433686
2693,4.8872798681259155,0.7549775093793869,0.03203583
2694,2.9611220955848694,0.6641447246074677,0.039989308
2695,4.206100106239319,0.7248184978961945,0.03464934
2696,7.7306318283081055,0.8557022660970688,0.023092367
2697,3.1003254652023315,0.6712565422058105,0.039353535
2698,5.95991849899292,0.7977543771266937,0.028314186
2699,4.208851456642151,0.7249448597431183,0.034638368
2700,3.9606845378875732,0.713405430316925,0.035642307
2701,2.85927951335907,0.658894807100296,0.040460948
2702,2.7109190821647644,0.6511780917644501,0.04115798
2703,7.16911256313324,0.8389925509691238,0.024634538
2704,4.93598997592926,0.7570454031229019,0.031856682
2705,2.597189247608185,0.6452042460441589,0.041700434
2706,3.6892101168632507,0.700457900762558,0.03677389
2707,4.219284355640411,0.7254228293895721,0.034596793
2708,2.6028594374656677,0.6455029249191284,0.04167322
2709,4.989715218544006,0.7593155205249786,0.031660244
2710,6.1352211236953735,0.8041893839836121,0.027748467
2711,7.853586673736572,0.859162226319313,0.022767778
2712,8.738299012184143,0.8820581957697868,0.020562932
2713,4.191223382949829,0.7241345047950745,0.03470874
2714,4.05318021774292,0.7177401185035706,0.035264764
2715,1.411806344985962,0.5805617570877075,0.047798
2716,6.17862343788147,0.8057582080364227,0.027610153
2717,2.456689178943634,0.6377650201320648,0.04238045
2718,1.371770203113556,0.5783153772354126,0.04801882
2719,2.5016701221466064,0.6401548683643341,0.042161547
2720,4.941501617431641,0.7572784572839737,0.031836472
2721,9.31475043296814,0.895181693136692,0.019242544
2722,1.4420025050640106,0.582254946231842,0.047632117
2723,2.1127575635910034,0.6192769408226013,0.04409224
2724,0.7491887360811234,0.543020099401474,0.051587038
2725,4.643046855926514,0.744425892829895,0.032949418
2726,4.184007942676544,0.7238026261329651,0.034737587
2727,0.053194714710116386,0.5030659139156342,0.05589079
2728,3.1016123294830322,0.671327143907547,0.03934771
2729,2.8196674585342407,0.6568420231342316,0.04064589
2730,3.003869950771332,0.6663362383842468,0.03979299
2731,4.425050914287567,0.7347593009471893,0.033786833
2732,9.43578839302063,0.8977690115571022,0.018976258
2733,4.599703550338745,0.7425224184989929,0.033114243
2734,3.075804114341736,0.6700097918510437,0.03946479
2735,4.610777795314789,0.7430098354816437,0.033072054
2736,3.0402758717536926,0.66819828748703,0.039626546
2737,5.888351202011108,0.7950830906629562,0.028548444
2738,2.311798632144928,0.630018562078476,0.04309334
2739,3.340478539466858,0.6833420991897583,0.038280364
2740,2.1474646031856537,0.6211592853069305,0.04391641
2741,9.924386739730835,0.9076401144266129,0.017938277
2742,2.3614366352558136,0.6326822340488434,0.042847767
2743,3.941597640514374,0.712505966424942,0.035720713
2744,4.006374776363373,0.7155518233776093,0.03545531
2745,7.167178392410278,0.8389324098825455,0.024640022
2746,2.3899631202220917,0.6342071890830994,0.04270728
2747,4.0079498291015625,0.7156256139278412,0.03544888
2748,4.858287274837494,0.7537395656108856,0.032142945
2749,3.6144790053367615,0.6968308985233307,0.037091643
2750,4.676983952522278,0.7459104955196381,0.032820925
2751,2.145693153142929,0.6210632920265198,0.04392536
2752,3.864752948284149,0.7088660001754761,0.03603814
2753,5.330403447151184,0.7733580023050308,0.030442465
2754,6.266489028930664,0.8089001029729843,0.027332261
2755,2.672198712825775,0.6491481959819794,0.041341867
2756,3.1304633617401123,0.6727868318557739,0.039217222
2757,3.2439103722572327,0.6785150170326233,0.038708333
2758,4.030725359916687,0.7166867852210999,0.03535605
2759,3.39192658662796,0.685899168252945,0.0380543
2760,4.863622784614563,0.7539661228656769,0.032123208
2761,1.2286164611577988,0.5702569484710693,0.048816785
2762,3.151662051677704,0.6738607585430145,0.039121628
2763,3.840723931789398,0.7077243328094482,0.03613798
2764,4.7739604115486145,0.7501183450222015,0.03245653
2765,7.473894953727722,0.8482478559017181,0.023785118
2766,7.822847962379456,0.8583038300275803,0.022848496
2767,3.184444010257721,0.6755162477493286,0.03897425
2768,0.9114436060190201,0.5522750616073608,0.050632324
2769,3.194066882133484,0.6760026216506958,0.038931098
2770,3.67520809173584,0.6997790634632111,0.03683321
2771,3.0932480096817017,0.6708974838256836,0.03938561
2772,3.182404041290283,0.6754133701324463,0.03898341
2773,7.679370045661926,0.8542330712080002,0.023229055
2774,4.013952016830444,0.7159066200256348,0.035424393
2775,3.9441072940826416,0.7126240730285645,0.035710398
2776,3.1694436073303223,0.6747588813304901,0.03904162
2777,2.2989018261432648,0.6293292939662933,0.04315737
2778,2.961634397506714,0.6641719043254852,0.039986953
2779,9.535740613937378,0.8998616486787796,0.018759143
2780,3.3477169275283813,0.6837022304534912,0.038248483
2781,4.103304445743561,0.7200724184513092,0.035061847
2782,3.5013291239738464,0.6913016140460968,0.037577987
2783,4.047815501689911,0.7174897193908691,0.03528655
2784,4.2436423897743225,0.7265393137931824,0.034499906
2785,4.6811643242836,0.7460916340351105,0.032805134
2786,7.192191481590271,0.8397106379270554,0.024569165
2787,2.3333382606506348,0.6311773955821991,0.0429866
2788,7.3069024085998535,0.8432320952415466,0.024246829
2789,6.769907474517822,0.8261851519346237,0.025793167
2790,1.5994851291179657,0.5910471975803375,0.046776287
2791,4.663608372211456,0.7453254759311676,0.032871503
2792,1.8567031621932983,0.6052821278572083,0.0454114
2793,7.266960144042969,0.8420120626688004,0.024358582
2794,4.604015052318573,0.7427120804786682,0.033097815
2795,6.400661468505859,0.813634991645813,0.026913304
2796,3.1848591566085815,0.6755379140377045,0.038972393
2797,4.469204843044281,0.7367349565029144,0.033615515
2798,2.53539502620697,0.64194056391716,0.041998155
2799,5.998139381408691,0.7991664558649063,0.02818987
2800,3.1486067175865173,0.673705667257309,0.039135393
2801,4.713293015956879,0.7474907040596008,0.032684017
2802,2.487018257379532,0.6393759846687317,0.04223273
2803,5.709075331687927,0.7882708609104156,0.029143805
2804,3.2820484042167664,0.6804235279560089,0.03853875
2805,5.625095963478088,0.7850303053855896,0.029426947
2806,6.9450730085372925,0.8319012522697449,0.02527821
2807,3.286677598953247,0.680654376745224,0.038518216
2808,4.162164926528931,0.722795844078064,0.034825053
2809,2.0263783633708954,0.6145769357681274,0.044532914
2810,1.4860890805721283,0.5847210884094238,0.047390964
2811,3.443063199520111,0.6884307563304901,0.03783092
2812,6.20197594165802,0.8065979480743408,0.027536022
2813,4.3571412563323975,0.7317000031471252,0.034052026
2814,8.1121164560318,0.8662132322788239,0.022100098
2815,3.5820892453193665,0.6952553689479828,0.03723022
2816,4.073233604431152,0.7186753153800964,0.03518344
2817,9.691908359527588,0.9030554443597794,0.018424876
2818,7.897331714630127,0.8603772222995758,0.022653403
2819,1.3830089569091797,0.5789463222026825,0.04795673
2820,2.585846185684204,0.6446058750152588,0.04175493
2821,3.131476938724518,0.6728380918502808,0.039212644
2822,8.091383576393127,0.8656596541404724,0.022152914
2823,4.560457766056061,0.7407914996147156,0.03326421
2824,3.231780230998993,0.6779018342494965,0.03876243
2825,3.2618358731269836,0.6794131398200989,0.038628533
2826,3.797897696495056,0.7056803405284882,0.036316596
2827,3.026488423347473,0.6674944460391998,0.039689496
2828,3.4223535656929016,0.6874072849750519,0.037921224
2829,6.4798325300216675,0.8163843899965286,0.026669102
2830,4.186824858188629,0.7239324450492859,0.034726318
2831,3.5667744278907776,0.6945075690746307,0.037295923
2832,1.131608784198761,0.5647751688957214,0.049365047
2833,1.344677358865738,0.5767932534217834,0.048168838
2834,7.314843535423279,0.8434735536575317,0.024224667
2835,6.063041090965271,0.8015633225440979,0.027980018
2836,9.667361378669739,0.9025596231222153,0.01847702
2837,5.97563624382019,0.7983383238315582,0.028262997
2838,3.788207471370697,0.705218106508255,0.036357135
2839,4.256806671619415,0.7271410524845123,0.034447655
2840,2.435900717973709,0.6366589367389679,0.042481996
2841,4.398398995399475,0.7335616946220398,0.033890665
2842,3.4494873881340027,0.6887480914592743,0.03780295
2843,5.524085760116577,0.78107950091362,0.02977116
2844,5.372788310050964,0.7750573456287384,0.030294279
2845,9.919878244400024,0.907554529607296,0.01794759
2846,6.915799975395203,0.8309537321329117,0.025363548
2847,4.584044516086578,0.741832435131073,0.033173997
2848,2.166542112827301,0.6221924722194672,0.043820053
2849,10.215312242507935,0.9131052270531654,0.0173474
2850,2.565598785877228,0.6435375809669495,0.041852377
2851,3.2146763801574707,0.6770410239696503,0.03883883
2852,3.8393816351890564,0.7076575458049774,0.03614356
2853,3.126232624053955,0.6725724935531616,0.039236326
2854,2.580447793006897,0.6443212926387787,0.041780885
2855,2.314681112766266,0.6301797330379486,0.043079033
2856,3.440447449684143,0.6883003115653992,0.037842307
2857,2.6425525546073914,0.6475917100906372,0.041483212
2858,8.707660436630249,0.8813226744532585,0.020635594
2859,3.3987250924110413,0.6862370371818542,0.03802452
2860,1.8880157172679901,0.6070031225681305,0.045247987
2861,8.668000102043152,0.880363792181015,0.020730034
2862,4.079397618770599,0.7189591825008392,0.035158485
2863,2.8279870748519897,0.6572728455066681,0.040606976
2864,4.3716514110565186,0.7323558926582336,0.033995185
2865,2.1135415136814117,0.6193196177482605,0.044088256
2866,4.867933690547943,0.7541521340608597,0.032107268
2867,3.8760849833488464,0.7094055712223053,0.03599115
2868,3.4882766008377075,0.6906586289405823,0.037634503
2869,2.207350432872772,0.6244020462036133,0.043614652
2870,4.79197233915329,0.7508977949619293,0.032389287
2871,3.4294113516807556,0.6877505779266357,0.037890423
2872,3.8242027163505554,0.7069372832775116,0.03620678
2873,5.967282056808472,0.7980245500802994,0.028290192
2874,5.554754734039307,0.7822839915752411,0.029666226
2875,5.200790166854858,0.7680864930152893,0.030900145
2876,6.756352186203003,0.8257372230291367,0.02583345
2877,2.606857717037201,0.6457140445709229,0.04165404
2878,3.244982659816742,0.6785679757595062,0.03870356
2879,4.796020686626434,0.7510694861412048,0.032374196
2880,6.5722328424453735,0.8195525407791138,0.026386898
2881,4.282771050930023,0.7283239960670471,0.034344837
2882,3.9874333143234253,0.7146647274494171,0.03553271
2883,5.16520082950592,0.7666217535734177,0.031027017
2884,7.441790699958801,0.8472945094108582,0.023873193
2885,3.409793972969055,0.6867859661579132,0.0379761
2886,4.209241569042206,0.7249624729156494,0.034636814
2887,2.232367694377899,0.6257473230361938,0.04348922
2888,2.4531714618206024,0.637577086687088,0.042397622
2889,9.669327735900879,0.9025992378592491,0.018472837
2890,4.003113210201263,0.7153962254524231,0.035468627
2891,6.502355337142944,0.8171598762273788,0.026600037
2892,3.37294340133667,0.6849506795406342,0.038137555
2893,4.915866851806641,0.7561929821968079,0.031930573
2894,6.823381781578064,0.8279463052749634,0.025634862
2895,3.5257288813591003,0.6924990117549896,0.03747258
2896,5.65628707408905,0.7862399816513062,0.029321468
2897,3.9579421281814575,0.7132752239704132,0.03565356
2898,6.5995192527771,0.820476844906807,0.026304135
2899,1.836388260126114,0.6041634678840637,0.04551773
2900,2.398553490638733,0.6346663534641266,0.04266506
2901,4.183817207813263,0.7237939238548279,0.034738347
2902,4.768356680870056,0.749870240688324,0.03247747
2903,5.163140892982483,0.7665282785892487,0.03103437
2904,5.90027928352356,0.795529693365097,0.028509267
2905,3.731364905834198,0.7024886012077332,0.036595844
2906,2.509726881980896,0.6405816972255707,0.042122457
2907,4.275988340377808,0.7280168235301971,0.034371667
2908,3.5182270407676697,0.6921242475509644,0.037504952
2909,2.16705322265625,0.6222198903560638,0.043817475
2910,6.472010612487793,0.8161136209964752,0.02669313
2911,5.495498180389404,0.7799517214298248,0.029869303
2912,6.3492971658706665,0.8118352293968201,0.027072925
2913,7.016626000404358,0.834194540977478,0.02507083
2914,4.407515227794647,0.7339718341827393,0.033855114
2915,4.511179327964783,0.7386063635349274,0.033453465
2916,5.122841000556946,0.7648715823888779,0.031178696
2917,3.745076358318329,0.7031484246253967,0.036538117
2918,4.349048137664795,0.7313345670700073,0.034083765
2919,7.905048131942749,0.8605879843235016,0.022633284
2920,1.798786073923111,0.6020910441875458,0.045715213
2921,4.700213968753815,0.7469221651554108,0.03273327
2922,6.854754686355591,0.8289728909730911,0.025542434
2923,3.350437879562378,0.6838379502296448,0.038236495
2924,3.0730941891670227,0.6698721051216125,0.039477106
2925,5.259441137313843,0.7704802751541138,0.030692196
2926,4.109158515930176,0.7203353643417358,0.03503822
2927,1.4514338970184326,0.5827821493148804,0.04758043
2928,4.390964508056641,0.7332269847393036,0.03391968
2929,3.8307014107704163,0.7072471082210541,0.0361797
2930,3.774494230747223,0.7045603096485138,0.036414575
2931,0.7478387653827667,0.5429439544677734,0.05159505
2932,2.5541138648986816,0.6429290175437927,0.041907746
2933,5.682982802391052,0.7872714996337891,0.029231487
2934,4.666615128517151,0.7454549670219421,0.03286013
2935,6.021243929862976,0.8000238835811615,0.028114982
2936,2.108571380376816,0.6190499663352966,0.04411349
2937,3.9611855149269104,0.7134241759777069,0.03564025
2938,2.3650655150413513,0.6328761577606201,0.042829867
2939,3.999302387237549,0.7152199447154999,0.035484187
2940,7.089097499847412,0.8364880979061127,0.02486252
2941,2.1942897140979767,0.6236932873725891,0.043680288
2942,6.122746467590332,0.8037359863519669,0.02778835
2943,4.838866591453552,0.75290946662426,0.032214895
2944,9.785624742507935,0.9049260765314102,0.01822715
2945,2.10686594247818,0.6189568340778351,0.044122152
2946,2.8041821718215942,0.656035304069519,0.04071842
2947,2.2348611056804657,0.6258832216262817,0.043476738
2948,4.700758457183838,0.746948629617691,0.03273121
2949,3.102378249168396,0.6713637709617615,0.039344233
2950,3.0432945489883423,0.6683529019355774,0.039612774
2951,2.4057893455028534,0.6350546479225159,0.042629533
2952,5.604004263877869,0.784209743142128,0.02949849
2953,2.8269052505493164,0.6572174429893494,0.04061204
2954,3.937126398086548,0.7122951447963715,0.035739105
2955,3.947160243988037,0.7127708792686462,0.03569785
2956,1.2988723814487457,0.5742168724536896,0.04842353
2957,5.667179226875305,0.7866605669260025,0.02928472
2958,3.476567566394806,0.6900834143161774,0.037685268
2959,3.1153005361557007,0.672017902135849,0.03928575
2960,2.072429805994034,0.6170853078365326,0.04429743
2961,3.819209039211273,0.7066992223262787,0.0362276
2962,1.9888216257095337,0.6125260293483734,0.04472588
2963,2.9418477416038513,0.6631554067134857,0.040078145
2964,2.4677670001983643,0.6383534967899323,0.042326428
2965,3.1826913356781006,0.6754308044910431,0.038982123
2966,3.010956645011902,0.6666998863220215,0.039760534
2967,3.350357413291931,0.6838341653347015,0.03823685
2968,4.599346220493317,0.7425065338611603,0.033115603
2969,6.443089842796326,0.8151121884584427,0.026782153
2970,7.846008539199829,0.8589520752429962,0.022787657
2971,2.316354066133499,0.6302655637264252,0.043070737
2972,2.4604249000549316,0.6379629969596863,0.042362224
2973,2.39718034863472,0.6345926821231842,0.0426718
2974,4.496683776378632,0.7379613220691681,0.033509336
2975,4.46516215801239,0.7365663349628448,0.03363117
2976,6.084544658660889,0.8023462295532227,0.02791083
2977,2.5672200322151184,0.6436224281787872,0.04184456
2978,4.260155558586121,0.7272869944572449,0.034434382
2979,7.334276437759399,0.8440645486116409,0.02417053
2980,3.967348039150238,0.713718980550766,0.03561497
2981,3.847622573375702,0.7080516815185547,0.036109287
2982,3.387368619441986,0.685673862695694,0.03807427
2983,5.733359456062317,0.789207398891449,0.02906244
2984,5.1448798179626465,0.7657842338085175,0.031099686
2985,4.236797094345093,0.7262260615825653,0.034527104
2986,5.564920902252197,0.7826842963695526,0.029631527
2987,3.399696946144104,0.6862852871417999,0.038020264
2988,2.5302889943122864,0.6416700482368469,0.042022858
2989,7.16058611869812,0.8387269377708435,0.024658727
2990,3.563307821750641,0.6943387687206268,0.037310805
2991,2.2818265855312347,0.6284238696098328,0.04324229
2992,4.226725995540619,0.725761204957962,0.03456716
2993,3.048175871372223,0.6686000525951385,0.039590523
2994,9.527827501296997,0.8996972367167473,0.01877624
2995,5.541702508926392,0.7817748636007309,0.029710837
2996,3.5314208269119263,0.6927760541439056,0.037448026
2997,4.375348687171936,0.7325229942798615,0.033980723
2998,4.18248176574707,0.7237319052219391,0.034743685
2999,4.150170683860779,0.7222423851490021,0.034873176
3000,3.338657319545746,0.6832513511180878,0.038288392
3001,0.5813359841704369,0.5334122776985168,0.052593637
3002,3.3824533224105835,0.6854298114776611,0.038095824
3003,4.534907639026642,0.7396595478057861,0.0333622
3004,3.5578668117523193,0.6940723359584808,0.03733418
3005,5.299513339996338,0.7721089422702789,0.030550923
3006,4.312137067317963,0.7296617925167084,0.034228917
3007,1.259216070175171,0.5719825029373169,0.048645113
3008,2.659827768802643,0.6484991610050201,0.041400794
3009,4.341375529766083,0.7309853434562683,0.03411389
3010,4.538498222827911,0.7398190200328827,0.033348408
3011,3.2915353775024414,0.6808985471725464,0.038496677
3012,4.100781083106995,0.7199552357196808,0.035072036
3013,2.9028207063674927,0.661144495010376,0.04025863
3014,4.063586890697479,0.7182253003120422,0.035222538
3015,7.282758951187134,0.8424962908029556,0.024314318
3016,3.900480270385742,0.7105629444122314,0.03589021
3017,3.5152724385261536,0.6919873654842377,0.037517715
3018,4.904741942882538,0.7557204812765121,0.031971492
3019,6.020823121070862,0.800011157989502,0.02811635
3020,7.931618690490723,0.8613230586051941,0.022564156
3021,3.502909243106842,0.6913791298866272,0.03757116
3022,4.494394361972809,0.7378603518009186,0.03351817
3023,2.6116758584976196,0.645968496799469,0.04163094
3024,2.3019854724407196,0.6294951736927032,0.043142043
3025,7.089551091194153,0.8365020751953125,0.024861228
3026,4.151845574378967,0.7223199009895325,0.03486645
3027,3.9586156606674194,0.7133041322231293,0.035650797
3028,4.061779975891113,0.7181395590305328,0.035229865
3029,4.123638570308685,0.721015214920044,0.03497986
3030,7.381945252418518,0.8455030620098114,0.024038246
3031,5.361159443855286,0.7745935618877411,0.030334864
3032,9.746320247650146,0.9041464254260063,0.018309817
3033,4.889310300350189,0.7550639361143112,0.032028344
3034,2.13912233710289,0.620707243680954,0.043958608
3035,1.8589739501476288,0.6054070889949799,0.045399528
3036,4.692888259887695,0.7466033399105072,0.03276089
3037,2.551310658454895,0.6427832245826721,0.041921273
3038,4.1023290157318115,0.7200293838977814,0.03506578
3039,4.107948541641235,0.7202845811843872,0.035043105
3040,2.2577741742134094,0.627117931842804,0.043362197
3041,3.283659815788269,0.6805053055286407,0.038531598
3042,4.1697123646736145,0.7231441140174866,0.034794807
3043,2.888287305831909,0.6603940427303314,0.040326044
3044,6.7942774295806885,0.8269925862550735,0.025720898
3045,3.752566874027252,0.703508585691452,0.036506627
3046,3.6845192313194275,0.7002296447753906,0.036793757
3047,2.140537053346634,0.6207848489284515,0.043951437
3048,5.075942873954773,0.7629242539405823,0.031347502
3049,2.2866521775722504,0.6286724507808685,0.043218274
3050,6.0484760999679565,0.8010248839855194,0.028026976
3051,1.6700483858585358,0.5949679613113403,0.046397816
3052,10.517170429229736,0.9184645339846611,0.016754886
3053,6.081186532974243,0.8022226840257645,0.027921628
3054,2.177828699350357,0.6228035390377045,0.043763146
3055,3.7181255221366882,0.7018516659736633,0.036651667
3056,2.2908835113048553,0.6288987696170807,0.043197222
3057,4.4124796986579895,0.7341964244842529,0.03383577
3058,4.554525017738342,0.7405286133289337,0.03328693
3059,1.766688972711563,0.6003192365169525,0.045884456
3060,3.3747825026512146,0.685048371553421,0.03812947
3061,2.546108365058899,0.6425069570541382,0.041946393
3062,4.3462935090065,0.7312101423740387,0.03409458
3063,2.9662075638771057,0.6644066274166107,0.03996591
3064,3.27675461769104,0.6801609992980957,0.038562246
3065,1.6786286234855652,0.5954443216323853,0.046352014
3066,7.122822403907776,0.8375459611415863,0.024766173
3067,2.71977037191391,0.6516367495059967,0.04111606
3068,4.259661138057709,0.7272720634937286,0.034436338
3069,4.202614426612854,0.7246528267860413,0.034663253
3070,4.1356441378593445,0.7215710282325745,0.034931544
3071,2.4133171141147614,0.6354535818099976,0.0425926
3072,4.2826032638549805,0.728318065404892,0.034345496
3073,5.382450819015503,0.7754521369934082,0.030260596
3074,5.090087056159973,0.7635125815868378,0.031296495
3075,6.670058965682983,0.822859451174736,0.026091386
3076,2.9293012619018555,0.66250941157341,0.040136077
3077,5.0727808475494385,0.7627935856580734,0.031358913
3078,10.591874122619629,0.9197399765253067,0.016611401
3079,2.4574778974056244,0.6378068029880524,0.042376604
3080,4.287694990634918,0.7285500168800354,0.034325376
3081,4.340345561504364,0.7309402823448181,0.034117937
3082,3.826521635055542,0.7070479094982147,0.03619711
3083,8.122342824935913,0.8664859533309937,0.022074096
3084,5.0815349817276,0.7631568014621735,0.03132732
3085,4.571335017681122,0.7412710189819336,0.03322257
3086,6.870615482330322,0.8294900804758072,0.025495835
3087,2.1016690135002136,0.6186747550964355,0.04414856
3088,2.19529390335083,0.6237470805644989,0.043675244
3089,2.774237096309662,0.654480516910553,0.04085904
3090,6.980149149894714,0.8330269157886505,0.025176335
3091,5.506794452667236,0.7803976982831955,0.029830487
3092,4.145175516605377,0.7220114767551422,0.034893237
3093,4.450989067554474,0.735921323299408,0.033686083
3094,4.262715280056,0.7274057567119598,0.03442423
3095,3.835384249687195,0.7074703872203827,0.0361602
3096,5.281124114990234,0.7713643908500671,0.03061567
3097,1.6909781098365784,0.5961290001869202,0.046286155
3098,8.497997522354126,0.8761793375015259,0.021139765
3099,3.648601472377777,0.698493242263794,0.03694621
3100,2.7198994159698486,0.6516479253768921,0.04111545
3101,3.904384970664978,0.7107474505901337,0.035874076
3102,0.645386129617691,0.5370830297470093,0.052207235
3103,6.247854232788086,0.8082417696714401,0.027390962
3104,2.765786051750183,0.6540397703647614,0.04089882
3105,3.4167078137397766,0.6871280670166016,0.037945885
3106,3.4517672657966614,0.6888607740402222,0.03779303
3107,3.0657604336738586,0.6694984138011932,0.03951046
3108,4.260363876819611,0.727303683757782,0.034433547
3109,3.2422158122062683,0.6784345805644989,0.03871589
3110,10.042275190353394,0.9098900109529495,0.017696451
3111,1.8198870122432709,0.6032546162605286,0.045604285
3112,2.5520530343055725,0.6428216099739075,0.041917693
3113,5.3810495138168335,0.7753954976797104,0.030265477
3114,7.512500882148743,0.849388375878334,0.02367963
3115,2.6283493638038635,0.6468450427055359,0.041551102
3116,0.5070945248007774,0.5291573107242584,0.0530451
3117,4.918214380741119,0.7562915086746216,0.03192194
3118,5.1853567361831665,0.7674505561590195,0.0309551
3119,3.030368685722351,0.6676928102970123,0.039671768
3120,3.1149491667747498,0.6719997227191925,0.039287336
3121,9.016699194908142,0.8885665908455849,0.019914301
3122,1.865689903497696,0.6057852208614349,0.04536444
3123,2.537434697151184,0.6420483589172363,0.0419883
3124,2.69328236579895,0.650251567363739,0.04124164
3125,6.7707884311676025,0.8262151330709457,0.02579055
3126,5.833194255828857,0.7930080890655518,0.02873031
3127,3.5552483797073364,0.6939404904842377,0.037345443
3128,5.3399258852005005,0.773739755153656,0.030409109
3129,2.669667601585388,0.6490154266357422,0.04135391
3130,1.5812130272388458,0.5900281071662903,0.04687479
3131,7.128658294677734,0.8377295285463333,0.024749538
3132,4.091846346855164,0.7195395827293396,0.03510813
3133,3.449893891811371,0.6887684762477875,0.037801173
3134,3.0967935919761658,0.6710778176784515,0.03936954
3135,5.210867524147034,0.768497958779335,0.030864311
3136,5.479055643081665,0.7792974561452866,0.0299259
3137,4.942253232002258,0.757313072681427,0.031833716
3138,4.795477986335754,0.7510460019111633,0.032376215
3139,5.422451496124268,0.7770487815141678,0.030121557
3140,4.505218863487244,0.7383397817611694,0.033476427
3141,4.852465391159058,0.7534915804862976,0.032164495
3142,1.0507498681545258,0.5601927042007446,0.049826745
3143,3.488774001598358,0.6906838119029999,0.037632346
3144,4.270529747009277,0.727767288684845,0.034393273
3145,2.6116490364074707,0.6459661424160004,0.041631073
3146,4.459174275398254,0.736286461353302,0.033654355
3147,3.182220458984375,0.6754049360752106,0.03898423
3148,3.4985175728797913,0.6911630630493164,0.037590157
3149,1.9804015755653381,0.6120657026767731,0.04476927
3150,4.3968334794044495,0.7334918975830078,0.03389677
3151,7.235320210456848,0.8410411328077316,0.024447475
3152,6.016474962234497,0.7998492270708084,0.028130423
3153,6.759016513824463,0.8258250504732132,0.025825525
3154,3.5150283575057983,0.6919754445552826,0.037518766
3155,2.642466723918915,0.6475872695446014,0.041483626
3156,7.367764711380005,0.8450736105442047,0.024077522
3157,5.201361179351807,0.7681075781583786,0.03089811
3158,1.276586800813675,0.5729619562625885,0.048547924
3159,3.1253117322921753,0.6725254952907562,0.03924049
3160,0.6019292026758194,0.5345951616764069,0.05246909
3161,3.0852216482162476,0.6704870164394379,0.039422024
3162,6.129410266876221,0.8039786964654922,0.027767036
3163,5.5430006980896,0.7818232178688049,0.029706396
3164,1.8622951209545135,0.6055891513824463,0.04538217
3165,5.032212734222412,0.761106014251709,0.03150572
3166,7.421506643295288,0.8466889560222626,0.023929007
3167,1.2671978771686554,0.5724325180053711,0.048600428
3168,2.597930431365967,0.645243376493454,0.041696873
3169,2.406734973192215,0.6351000666618347,0.04262489
3170,2.706070840358734,0.650926023721695,0.04118096
3171,7.297975420951843,0.8429602384567261,0.024271758
3172,4.7837430238723755,0.7505401968955994,0.03242
3173,6.129377484321594,0.8039781004190445,0.027767139
3174,5.414456725120544,0.7767306268215179,0.030149298
3175,9.00463342666626,0.8882904872298241,0.019941984
3176,3.1087473034858704,0.6716848015785217,0.0393154
3177,3.137318789958954,0.673134058713913,0.039186284
3178,2.3849977552890778,0.6339416205883026,0.0427317
3179,4.014887511730194,0.7159503698348999,0.035420574
3180,6.924611330032349,0.8312423676252365,0.025337832
3181,4.049813449382782,0.7175848484039307,0.035278436
3182,2.417103499174118,0.6356561481952667,0.042574044
3183,8.408319354057312,0.8739191889762878,0.021359153
3184,2.3009486496448517,0.6294394731521606,0.043147195
3185,7.901365160942078,0.8604889810085297,0.022642886
3186,10.624202489852905,0.9202879890799522,0.01654969
3187,3.5866010189056396,0.6954789161682129,0.037210878
3188,4.152026474475861,0.7223281562328339,0.034865726
3189,-0.14253318309783936,0.49180275201797485,0.057164542
3190,3.470548987388611,0.6897813081741333,0.037711393
3191,2.9998543858528137,0.6661317050457001,0.039811388
3192,2.9174864292144775,0.6619006395339966,0.04019071
3193,5.501384139060974,0.7801843732595444,0.029849071
3194,2.658129036426544,0.648409366607666,0.041408885
3195,2.704489231109619,0.6508429050445557,0.041188464
3196,3.4106945991516113,0.686830073595047,0.03797216
3197,3.6084115505218506,0.6965395212173462,0.037117563
3198,6.579462885856628,0.8197974860668182,0.026364943
3199,3.56246680021286,0.694297581911087,0.037314415
3200,4.63058739900589,0.743884950876236,0.032996707
3201,0.6952034682035446,0.5399349927902222,0.051908657
3202,7.418407201766968,0.8465960770845413,0.02393755
3203,7.273314595222473,0.8422057032585144,0.024340767
3204,3.031701445579529,0.6677606105804443,0.039665684
3205,3.669966459274292,0.6995270252227783,0.036855448
3206,3.10435026884079,0.6714615523815155,0.039335303
3207,3.900977671146393,0.7105862200260162,0.035888154
3208,3.4371793270111084,0.6881408393383026,0.037856553
3209,2.546861171722412,0.6425470411777496,0.041942757
3210,2.543754279613495,0.6423832774162292,0.04195776
3211,4.725147783756256,0.7480059564113617,0.032639436
3212,2.5751101970672607,0.6440395712852478,0.041806564
3213,2.169957011938095,0.6223661601543427,0.04380283
3214,4.236041009426117,0.726192444562912,0.03453011
3215,1.884317547082901,0.6067998111248016,0.04526725
3216,4.5461127161979675,0.740156501531601,0.033319186
3217,3.235107660293579,0.6780684590339661,0.038747583
3218,2.723480463027954,0.6518172323703766,0.041098505
3219,4.141384959220886,0.7218362092971802,0.034908466
3220,3.0192577838897705,0.6671249568462372,0.03972255
3221,2.229282557964325,0.6255825757980347,0.043504667
3222,3.44136506319046,0.688348263502121,0.037838306
3223,4.948797523975372,0.757588192820549,0.031809743
3224,4.123191833496094,0.7209944128990173,0.034981657
3225,3.4456712007522583,0.6885548830032349,0.037819557
3226,1.6561093926429749,0.5941946506500244,0.04647234
3227,7.373224496841431,0.8452408462762833,0.02406239
3228,2.234659045934677,0.6258715093135834,0.043477748
3229,3.6209481954574585,0.6971480846405029,0.037064027
3230,3.7101083993911743,0.7014637589454651,0.03668551
3231,1.973884254693985,0.6117096245288849,0.044802867
3232,1.818556934595108,0.6031812429428101,0.045611277
3233,7.2217899560928345,0.8406238108873367,0.024485586
3234,7.310134172439575,0.8433303534984589,0.02423781
3235,2.856956124305725,0.6587744057178497,0.04047177
3236,5.284708738327026,0.7715082615613937,0.03060304
3237,3.784395158290863,0.7050345540046692,0.036373094
3238,4.866374731063843,0.7540837377309799,0.03211303
3239,3.4456491470336914,0.6885586678981781,0.037819654
3240,3.939211666584015,0.7123871445655823,0.035730533
3241,2.0760126411914825,0.617280125617981,0.04427916
3242,3.3790558576583862,0.6852618753910065,0.038110733
3243,0.2453698217868805,0.5141211450099945,0.054667797
3244,2.9136383533477783,0.6617023050785065,0.040208522
3245,2.7279841899871826,0.6520729064941406,0.041077197
3246,3.522726893424988,0.6923519968986511,0.037485532
3247,1.2538711726665497,0.57168248295784,0.04867505
3248,2.7648377418518066,0.6539889872074127,0.040903278
3249,3.894786238670349,0.7102930247783661,0.035913747
3250,4.610748589038849,0.7430067360401154,0.033072162
3251,5.803297758102417,0.7918735891580582,0.028829366
3252,0.6793757528066635,0.5390284359455109,0.052003343
3253,6.475464701652527,0.8162325769662857,0.026682518
3254,3.949621021747589,0.7128844559192657,0.03568773
3255,6.169787049293518,0.8054395616054535,0.027638258
3256,6.9181448221206665,0.8310328871011734,0.025356706
3257,3.34118515253067,0.6833773255348206,0.03827725
3258,3.5441645979881287,0.6934012472629547,0.03739313
3259,5.337094664573669,0.7736278921365738,0.030419027
3260,6.554446220397949,0.8189434558153152,0.02644099
3261,7.603129744529724,0.8520390540361404,0.023433844
3262,5.747858285903931,0.7897645980119705,0.029013967
3263,2.2939224541187286,0.6290629208087921,0.043182112
3264,1.854783296585083,0.6051761507987976,0.045421433
3265,3.742630183696747,0.7030311226844788,0.036548413
3266,5.014219284057617,0.760344073176384,0.031571053
3267,2.784877121448517,0.6550335884094238,0.04080902
3268,4.972338378429413,0.7585815936326981,0.031723645
3269,3.1783556938171387,0.675210028886795,0.039001584
3270,2.013309746980667,0.613863468170166,0.044599965
3271,5.9174394607543945,0.7961723357439041,0.028452998
3272,3.933981955051422,0.7121467292308807,0.035752043
3273,4.142357110977173,0.7218814790248871,0.034904554
3274,7.852963209152222,0.8591444492340088,0.022769414
3275,3.4893929958343506,0.6907136142253876,0.037629668
3276,2.7718424797058105,0.6543551981449127,0.040870305
3277,4.841454029083252,0.7530201226472855,0.032205302
3278,3.909570872783661,0.7109921276569366,0.035852663
3279,6.027836203575134,0.8002662807703018,0.028093653
3280,3.1467944383621216,0.6736143231391907,0.03914356
3281,1.5901029109954834,0.5905242562294006,0.04682684
3282,3.6166197061538696,0.6969369947910309,0.037082504
3283,3.8759496808052063,0.7093971371650696,0.035991717
3284,0.4253675788640976,0.5244691967964172,0.053546567
3285,6.743418574333191,0.825311154127121,0.025871947
3286,4.149350821971893,0.7222029864788055,0.034876466
3287,4.6250998973846436,0.7436390519142151,0.03301756
3288,4.4381144642829895,0.7353452146053314,0.033736054
3289,2.7502313256263733,0.6532243490219116,0.040972125
3290,3.6965128779411316,0.7008082270622253,0.03674298
3291,6.646565794944763,0.8220712095499039,0.026162045
3292,1.9987741112709045,0.6130698323249817,0.04467466
3293,6.914689540863037,0.8309212923049927,0.02536679
3294,5.179243683815002,0.7671975642442703,0.030976893
3295,3.103092312812805,0.6713980138301849,0.039341003
3296,7.755603790283203,0.8564110994338989,0.023026071
3297,4.3616268038749695,0.7319034039974213,0.034034446
3298,1.8833355605602264,0.6067469120025635,0.045272365
3299,4.879494905471802,0.7546657174825668,0.032064557
3300,4.572077393531799,0.7413044273853302,0.033219732
3301,1.398104727268219,0.5797932744026184,0.04787346
3302,1.1953193694353104,0.5683766603469849,0.049004283
3303,7.025105357170105,0.8344625383615494,0.025046367
3304,3.839116394519806,0.7076482474803925,0.036144666
3305,3.9481011033058167,0.712816059589386,0.035693977
3306,3.1072798371315002,0.6716141104698181,0.039322037
3307,4.150047600269318,0.7222365736961365,0.034873668
3308,2.6780250668525696,0.6494539678096771,0.04131414
3309,2.882545590400696,0.6600964367389679,0.040352713
3310,3.3085310459136963,0.6817490458488464,0.038421426
3311,5.175986886024475,0.7670654803514481,0.03098851
3312,4.0026021003723145,0.7153735160827637,0.035470717
3313,2.942686080932617,0.6631980240345001,0.040074278
3314,3.0137890577316284,0.6668453514575958,0.039747566
3315,4.014647603034973,0.7159386873245239,0.03542156
3316,2.6200509071350098,0.6464106440544128,0.041590817
3317,3.011718988418579,0.6667393147945404,0.03975704
3318,3.0634143948554993,0.6693788766860962,0.039521128
3319,3.434753119945526,0.6880205571651459,0.037867125
3320,2.1584005653858185,0.6217515170574188,0.043861147
3321,4.1906362771987915,0.72410449385643,0.03471108
3322,4.580342471599579,0.7416663467884064,0.03318814
3323,4.624465703964233,0.7436111867427826,0.033019975
3324,7.043382525444031,0.8350388258695602,0.024993721
3325,5.056905150413513,0.7621297985315323,0.03141628
3326,2.8383564949035645,0.6578115224838257,0.040558532
3327,3.4215274453163147,0.6873661279678345,0.037924834
3328,4.169130623340607,0.7231172919273376,0.034797136
3329,6.340121626853943,0.8115118145942688,0.027101541
3330,4.620230793952942,0.7434240877628326,0.033036076
3331,1.2042904645204544,0.568883627653122,0.0489537
3332,8.019270300865173,0.863716185092926,0.022337604
3333,2.357191741466522,0.632453054189682,0.042868715
3334,5.379667282104492,0.7753400653600693,0.030270295
3335,4.073009490966797,0.7186638414859772,0.035184354
3336,4.342501759529114,0.7310396432876587,0.034109466
3337,5.250419974327087,0.7701134085655212,0.030724088
3338,4.2841556668281555,0.7283888459205627,0.034339357
3339,6.603411436080933,0.8206108510494232,0.026292354
3340,2.034103125333786,0.6149978041648865,0.04449332
3341,3.7706321477890015,0.7043752074241638,0.036430776
3342,3.7303894758224487,0.7024420201778412,0.036599953
3343,4.397001564502716,0.7334988415241241,0.03389612
3344,4.898476600646973,0.7554539740085602,0.03199456
3345,4.566407799720764,0.7410581409931183,0.03324143
3346,3.4856390953063965,0.6905300319194794,0.037645932
3347,2.2003093361854553,0.6240184307098389,0.04365003
3348,6.448549032211304,0.8153019398450851,0.026765332
3349,6.0855865478515625,0.8023819625377655,0.027907485
3350,6.7497718334198,0.8255179524421692,0.025853027
3351,9.913122653961182,0.907423846423626,0.017961556
3352,3.139970302581787,0.6732646822929382,0.039174322
3353,1.7407205700874329,0.5988836884498596,0.046021838
3354,3.2995399832725525,0.6812988817691803,0.038461216
3355,3.808928430080414,0.7062077522277832,0.036270507
3356,4.397161900997162,0.7335060238838196,0.033895493
3357,4.73716527223587,0.7485268712043762,0.03259431
3358,2.440192848443985,0.6368861198425293,0.04246102
3359,3.649706244468689,0.6985442638397217,0.036941513
3360,4.6923828125,0.7465791404247284,0.032762785
3361,4.815797805786133,0.7519193142652512,0.032300565
3362,4.234351813793182,0.7261137366294861,0.034536827
3363,5.161476135253906,0.7664681822061539,0.031040324
3364,1.9113922119140625,0.6082861721515656,0.04512637
3365,2.3084014654159546,0.629839688539505,0.04311019
3366,4.88850474357605,0.755029708147049,0.032031316
3367,3.9476439356803894,0.7127902507781982,0.035695862
3368,6.608781814575195,0.8207924515008926,0.026276099
3369,2.7614927291870117,0.6538161337375641,0.040919036
3370,5.388256311416626,0.7756844013929367,0.030240374
3371,4.146836996078491,0.7220883667469025,0.03488656
3372,7.197267413139343,0.8398661017417908,0.024554813
3373,3.337271213531494,0.6831820905208588,0.038294513
3374,2.158863842487335,0.621776670217514,0.043858808
3375,3.3141180872917175,0.6820185780525208,0.03839672
3376,5.124829411506653,0.7649489492177963,0.03117156
3377,3.1101083755493164,0.6717512607574463,0.039309233
3378,3.6933213472366333,0.7006548643112183,0.036756482
3379,5.25014340877533,0.7701018303632736,0.03072507
3380,3.920201361179352,0.7114920914173126,0.03580882
3381,4.32533860206604,0.7302546203136444,0.03417693
3382,5.522294044494629,0.7810101807117462,0.029777303
3383,4.818804562091827,0.7520491182804108,0.032289386
3384,2.3249292373657227,0.6307264864444733,0.04302823
3385,4.2576077580451965,0.7271776795387268,0.03444448
3386,4.055969715118408,0.7178701460361481,0.035253447
3387,3.4578174352645874,0.6891592442989349,0.037766714
3388,2.727297842502594,0.6520317494869232,0.04108045
3389,6.602931022644043,0.8205953985452652,0.026293809
3390,7.293711304664612,0.8428302705287933,0.02428368
3391,5.386331081390381,0.7756023854017258,0.030247081
3392,5.3679221868515015,0.7748710811138153,0.030311257
3393,7.7131253480911255,0.8552044481039047,0.023138957
3394,6.020144820213318,0.7999837547540665,0.028118538
3395,2.879593074321747,0.6599456071853638,0.04036643
3396,6.605525612831116,0.8206825852394104,0.026285958
3397,7.75083601474762,0.8562757819890976,0.023038713
3398,2.1924760937690735,0.6235951781272888,0.043689415
3399,5.750568509101868,0.7898655831813812,0.029004915
3400,0.4064220190048218,0.52337846159935,0.053663492
3401,3.0414551496505737,0.6682561933994293,0.039621167
3402,6.324853301048279,0.8109739869832993,0.027149219
3403,2.6544901728630066,0.648218184709549,0.04142624
3404,3.9647573232650757,0.7135971784591675,0.0356256
3405,4.484591782093048,0.7374225854873657,0.03355602
3406,3.0160656571388245,0.6669617891311646,0.039737154
3407,1.9542311131954193,0.6106345057487488,0.04490435
3408,4.334183633327484,0.7306607365608215,0.03414215
3409,4.698700308799744,0.7468564212322235,0.032738972
3410,4.630254507064819,0.7438657283782959,0.032997973
3411,4.4650378823280334,0.7365497648715973,0.033631645
3412,4.407964646816254,0.7339915633201599,0.033853363
3413,2.5111183524131775,0.6406607627868652,0.042115707
3414,3.032318651676178,0.6677926182746887,0.03966286
3415,7.078307271003723,0.83614781498909,0.024893425
3416,4.366918504238129,0.7321424186229706,0.034013715
3417,4.051820337772369,0.7176656723022461,0.035270285
3418,1.900724619626999,0.6077012121677399,0.045181822
3419,4.348369538784027,0.7313040494918823,0.034086432
3420,1.4237305521965027,0.5812310576438904,0.04773242
3421,1.9044405221939087,0.6079047620296478,0.045162503
3422,6.700495481491089,0.8238776624202728,0.026000114
3423,6.014494895935059,0.7997749894857407,0.028136835
3424,8.264307975769043,0.8702214658260345,0.021716239
3425,6.251892447471619,0.8083864897489548,0.027378233
3426,1.339099109172821,0.5764798820018768,0.048199777
3427,1.799461990594864,0.6021283566951752,0.045711655
3428,1.9500702619552612,0.6104059219360352,0.044925872
3429,2.5861576199531555,0.644619882106781,0.041753426
3430,6.2702882289886475,0.8090405315160751,0.027320309
3431,5.8389657735824585,0.793224573135376,0.028711224
3432,4.569526016712189,0.7411918938159943,0.03322949
3433,2.676643431186676,0.6493801474571228,0.04132072
3434,2.6758548617362976,0.6493396759033203,0.04132447
3435,2.3806563019752502,0.6337103247642517,0.042753052
3436,2.091471254825592,0.6181195676326752,0.044200428
3437,5.666940808296204,0.7866518050432205,0.029285524
3438,3.4407219290733337,0.688315749168396,0.03784111
3439,1.926010251045227,0.6090869605541229,0.04505048
3440,3.302210569381714,0.6814317107200623,0.03844939
3441,2.87451833486557,0.659682959318161,0.040390022
3442,5.434688329696655,0.7775390446186066,0.030079152
3443,4.72480833530426,0.7479918003082275,0.03264071
3444,2.2068949043750763,0.6243740022182465,0.04361695
3445,1.4848682284355164,0.5846530199050903,0.047397632
3446,5.691086053848267,0.787586510181427,0.029204225
3447,2.0890679955482483,0.617990106344223,0.044212654
3448,4.775659441947937,0.7501919567584991,0.032450177
3449,4.990553855895996,0.7593498080968857,0.03165719
3450,4.622426927089691,0.7435215413570404,0.033027727
3451,4.385099411010742,0.732962429523468,0.033942595
3452,1.7940501868724823,0.6018328666687012,0.045740142
3453,3.949270248413086,0.7128649055957794,0.035689175
3454,2.0049625635147095,0.613407701253891,0.04464285
3455,6.403392553329468,0.8137298226356506,0.026904838
3456,6.054229736328125,0.8012364506721497,0.028008416
3457,1.4636696875095367,0.583467036485672,0.047513448
3458,4.659951627254486,0.7451505661010742,0.032885343
3459,1.145733818411827,0.5655738413333893,0.04928484
3460,3.9143121242523193,0.7112173140048981,0.0358331
3461,5.203156471252441,0.768173485994339,0.030891728
3462,2.4396556615829468,0.6368575990200043,0.042463645
3463,2.2383250296115875,0.6260701715946198,0.043459404
3464,4.1418856382369995,0.7218594253063202,0.034906458
3465,3.344414532184601,0.6835377812385559,0.03826302
3466,2.9566028714179993,0.6639139950275421,0.040010117
3467,2.353076934814453,0.6322350800037384,0.042889025
3468,3.7752220034599304,0.7045950591564178,0.03641153
3469,0.809418186545372,0.5464590787887573,0.051230554
3470,3.126712441444397,0.6725938618183136,0.03923416
3471,6.1861735582351685,0.8060303032398224,0.027586168
3472,2.169701009988785,0.6223634481430054,0.04380412
3473,2.915782928466797,0.6618130207061768,0.040198587
3474,2.9359224438667297,0.6628495752811432,0.040105492
3475,2.0992431044578552,0.6185429692268372,0.04416089
3476,5.538719892501831,0.7816551029682159,0.029721044
3477,1.3125434517860413,0.5749860405921936,0.04834737
3478,7.60500967502594,0.8520938605070114,0.02342877
3479,4.719278514385223,0.747750461101532,0.032661498
3480,4.1468313336372375,0.7220878303050995,0.034886584
3481,2.339348793029785,0.6314993500709534,0.042956866
3482,1.9467324018478394,0.6102234423160553,0.044943143
3483,4.956746697425842,0.7579240053892136,0.031780645
3484,5.843489170074463,0.7933933883905411,0.028696278
3485,3.0856388807296753,0.6704947054386139,0.03942013
3486,3.702515959739685,0.7011010646820068,0.036717594
3487,0.19055280834436417,0.5109683573246002,0.05501389
3488,5.3799474239349365,0.7753508985042572,0.03026932
3489,2.6047369837760925,0.6456020772457123,0.041664217
3490,3.2619231939315796,0.6794148981571198,0.03862814
3491,4.157657325267792,0.7225874662399292,0.03484313
3492,3.4942626953125,0.6909543573856354,0.037608575
3493,2.6923123002052307,0.6502021551132202,0.04124624
3494,5.75261652469635,0.7899441868066788,0.028998073
3495,1.9637838006019592,0.6111569106578827,0.044854995
3496,4.3531301617622375,0.7315187156200409,0.034067754
3497,9.864118695259094,0.9064712226390839,0.018063175
3498,4.050716161727905,0.7176258563995361,0.03527477
3499,2.813757061958313,0.6565380096435547,0.04067356
3500,4.470548331737518,0.7367960810661316,0.033610318
3501,3.280133008956909,0.6803271472454071,0.038547248
3502,6.536642909049988,0.8183300197124481,0.026495239
3503,0.40583357214927673,0.5233448445796967,0.053667128
3504,1.3078629970550537,0.574725478887558,0.048373424
3505,3.575483560562134,0.6949325501918793,0.037258543
3506,3.0323418974876404,0.6677935421466827,0.03966276
3507,4.818059802055359,0.7520122081041336,0.032292157
3508,5.0403666496276855,0.7614398300647736,0.031476155
3509,5.167728662490845,0.7667241990566254,0.031017983
3510,2.883772552013397,0.6601613163948059,0.040347017
3511,2.9382729530334473,0.6629705131053925,0.040094644
3512,5.450160503387451,0.7781549543142319,0.030025618
3513,2.8442448377609253,0.658126711845398,0.040531043
3514,4.152653813362122,0.7223538458347321,0.034863204
3515,4.224662780761719,0.72567418217659,0.034575373
3516,4.73674476146698,0.7485113441944122,0.032595884
3517,1.9882939755916595,0.6124977469444275,0.044728596
3518,2.0520611107349396,0.6159763336181641,0.044401433
3519,3.19686621427536,0.6761435270309448,0.03891855
3520,3.985486328601837,0.7145709991455078,0.035540674
3521,6.878387928009033,0.8297426402568817,0.02547303
3522,3.3555766940116882,0.6840938031673431,0.038213883
3523,5.962260961532593,0.7978420257568359,0.028306551
3524,4.441350102424622,0.7354892790317535,0.033723485
3525,4.520781636238098,0.7390331625938416,0.0334165
3526,5.783641934394836,0.7911273837089539,0.028894681
3527,5.670425891876221,0.7867865413427353,0.029273776
3528,4.1416022181510925,0.7218461036682129,0.034907598
3529,1.7955408990383148,0.6019115149974823,0.045732293
3530,2.845655679702759,0.6581886112689972,0.040524457
3531,0.5850252136588097,0.533625990152359,0.052571304
3532,4.180553555488586,0.7236406803131104,0.0347514
3533,5.266988277435303,0.770786851644516,0.030665541
3534,1.0690104216337204,0.561228483915329,0.04972211
3535,2.529721260070801,0.6416399478912354,0.042025607
3536,2.6839011907577515,0.6497638821601868,0.041286208
3537,6.5415167808532715,0.8185046464204788,0.026480377
3538,3.120891749858856,0.672301173210144,0.03926046
3539,5.391843914985657,0.7758278101682663,0.030227887
3540,4.357737898826599,0.7317276895046234,0.03404969
3541,2.0658783614635468,0.616728663444519,0.044330854
3542,2.1344923973083496,0.62045618891716,0.043982048
3543,3.470730483531952,0.6897951364517212,0.037710603
3544,5.5830734968185425,0.7833922207355499,0.029569663
3545,5.095707178115845,0.7637464106082916,0.031276252
3546,4.554721117019653,0.7405349016189575,0.03328618
3547,4.576390981674194,0.7414934933185577,0.03320324
3548,2.2731702029705048,0.6279464960098267,0.0432854
3549,1.1570513993501663,0.5662141144275665,0.049220655
3550,4.233539700508118,0.7260766625404358,0.03454005
3551,2.945018708705902,0.6633237302303314,0.04006352
3552,4.8503512144088745,0.753399983048439,0.032172326
3553,1.5251657366752625,0.5869027078151703,0.04717824
3554,4.220589697360992,0.7254833579063416,0.034591593
3555,4.111018478870392,0.7204298973083496,0.035030723
3556,5.313871502876282,0.7726899981498718,0.030500464
3557,4.097893536090851,0.7198211550712585,0.035083696
3558,3.512766659259796,0.691862940788269,0.03752854
3559,2.6819702982902527,0.6496601998806,0.041295383
3560,7.230998873710632,0.8409083783626556,0.02445964
3561,7.35930860042572,0.8448131829500198,0.024100974
3562,3.553650975227356,0.6938648521900177,0.037352312
3563,3.127009868621826,0.672612726688385,0.039232817
3564,3.321373462677002,0.6823894679546356,0.038364656
3565,4.733507931232452,0.7483683228492737,0.032608032
3566,7.5722044706344604,0.8511393070220947,0.023517426
3567,4.548037350177765,0.7402405142784119,0.033311803
3568,1.0223791003227234,0.5585831105709076,0.04998976
3569,2.9130417108535767,0.6616696715354919,0.040211283
3570,6.114501357078552,0.8034372627735138,0.027814733
3571,3.824104964733124,0.7069322168827057,0.036207188
3572,5.319482684135437,0.7729175388813019,0.030480765
3573,2.414797693490982,0.6355328261852264,0.04258534
3574,3.144521415233612,0.6734989583492279,0.039153796
3575,3.7464639544487,0.7032137811183929,0.036532283
3576,5.939416885375977,0.7969915717840195,0.028381098
3577,8.718863725662231,0.8815917819738388,0.020608995
3578,4.360952079296112,0.7318764328956604,0.03403709
3579,7.308396100997925,0.8432786017656326,0.024242654
3580,2.8990572690963745,0.6609504818916321,0.040276073
3581,2.854836583137512,0.6586713790893555,0.04048165
3582,3.904787600040436,0.7107686102390289,0.03587242
3583,4.6691447496414185,0.7455672323703766,0.03285056
3584,3.069317936897278,0.6696797013282776,0.03949427
3585,2.6147907972335815,0.6461320519447327,0.04161601
3586,5.703563690185547,0.7880589514970779,0.0291623
3587,1.4200519025325775,0.581023782491684,0.047752645
3588,2.773755192756653,0.6544549465179443,0.040861312
3589,5.216014385223389,0.7687080204486847,0.030846031
3590,1.576046496629715,0.5897416770458221,0.046902686
3591,2.878043055534363,0.659864991903305,0.04037364
3592,5.396814942359924,0.7760282009840012,0.030210592
3593,7.571903467178345,0.8511358499526978,0.023518238
3594,1.8699570000171661,0.6060100197792053,0.045342155
3595,5.101897120475769,0.764002650976181,0.031253967
3596,7.641315460205078,0.8531447798013687,0.02333105
3597,2.471519559621811,0.6385502815246582,0.04230815
3598,4.323383569717407,0.730170339345932,0.03418463
3599,4.141676127910614,0.7218488156795502,0.034907296
3600,3.676081895828247,0.6998216807842255,0.036829505
3601,4.486306607723236,0.7374939918518066,0.033549394
3602,9.73676860332489,0.9039561972022057,0.018329961
3603,3.2750949263572693,0.6800747215747833,0.03856961
3604,2.8696024417877197,0.6594289839267731,0.040412888
3605,4.322449266910553,0.7301297783851624,0.0341883
3606,5.346309542655945,0.7739977538585663,0.030386766
3607,6.194115877151489,0.8063159883022308,0.027560951
3608,4.282439649105072,0.7283102869987488,0.03434615
3609,3.308704197406769,0.681756854057312,0.03842066
3610,4.044516682624817,0.7173364758491516,0.035299957
3611,2.5203371047973633,0.6411432027816772,0.042071033
3612,3.4890729188919067,0.6906989812850952,0.037631053
3613,3.1240707635879517,0.6724747121334076,0.039246097
3614,4.022464454174042,0.7163049578666687,0.035389695
3615,2.7779847383499146,0.6546788215637207,0.040841416
3616,4.280102849006653,0.7282008230686188,0.034355387
3617,3.9592379331588745,0.7133380472660065,0.035648238
3618,3.0011895298957825,0.6662001311779022,0.039805263
3619,0.8310214430093765,0.547692060470581,0.05110329
3620,4.568416178226471,0.7411427795886993,0.033233736
3621,4.469305872917175,0.7367407083511353,0.033615123
3622,1.6866245865821838,0.5958872437477112,0.04630936
3623,2.8709059953689575,0.6594962775707245,0.040406823
3624,9.108230471611023,0.8906353935599327,0.019705545
3625,4.534620940685272,0.7396474182605743,0.0333633
3626,5.211764574050903,0.7685341686010361,0.030861128
3627,7.037485837936401,0.8348561972379684,0.025010692
3628,3.2563695311546326,0.6791368722915649,0.038652852
3629,3.5531991720199585,0.6938442587852478,0.037354257
3630,4.369021952152252,0.7322372794151306,0.034005478
3631,2.7070584893226624,0.6509739756584167,0.041176274
3632,3.1305354833602905,0.6727902591228485,0.0392169
3633,3.417630195617676,0.68717360496521,0.037941847
3634,1.5091043710708618,0.5860059857368469,0.047265556
3635,6.776123642921448,0.8263900578022003,0.025774712
3636,3.973146677017212,0.7139917612075806,0.035591204
3637,1.1936256289482117,0.5682820677757263,0.049013842
3638,4.728802740573883,0.7481645345687866,0.032625705
3639,1.4246709644794464,0.5812834799289703,0.047727257
3640,2.373848259449005,0.6333456635475159,0.042786583
3641,5.010474324226379,0.7601876109838486,0.031584673
3642,6.948498487472534,0.8320121020078659,0.025268247
3643,4.251996278762817,0.7269213795661926,0.03446674
3644,4.408687055110931,0.7340218126773834,0.033850547
3645,2.277512103319168,0.6281788349151611,0.04326377
3646,3.422291874885559,0.6874045431613922,0.037921492
3647,2.8069141507148743,0.6561787128448486,0.040705614
3648,2.985210418701172,0.6653816998004913,0.03987856
3649,2.9588717222213745,0.664029985666275,0.03999967
3650,2.3930254578590393,0.634371429681778,0.04269222
3651,5.029444694519043,0.7609819024801254,0.031515762
3652,3.820241689682007,0.70674729347229,0.036223292
3653,4.219815135002136,0.725447803735733,0.034594677
3654,2.7850335836410522,0.6550422608852386,0.040808283
3655,2.6037508249282837,0.645550012588501,0.04166894
3656,1.4930137991905212,0.5851082503795624,0.047353197
3657,4.327649772167206,0.730365663766861,0.034167837
3658,3.893207609653473,0.7102203667163849,0.035920274
3659,6.197782754898071,0.8064479827880859,0.02754932
3660,2.2323936223983765,0.6257534921169281,0.043489087
3661,3.661486506462097,0.6991154551506042,0.03689144
3662,2.2776590287685394,0.6281875967979431,0.04326305
3663,6.539510488510132,0.8184351176023483,0.026486494
3664,4.831732213497162,0.7526037245988846,0.032241363
3665,2.843056321144104,0.6580544412136078,0.040536582
3666,2.104615271091461,0.6188348829746246,0.044133592
3667,3.962770104408264,0.7135037481784821,0.035633747
3668,4.779945611953735,0.75037682056427,0.03243417
3669,0.6145533919334412,0.5353175401687622,0.05239289
3670,2.34696164727211,0.6319054663181305,0.04291923
3671,3.4590354561805725,0.6892191469669342,0.03776142
3672,2.2854258120059967,0.6286054253578186,0.043224376
3673,6.087437272071838,0.8024507313966751,0.02790154
3674,3.896515965461731,0.7103749513626099,0.035906598
3675,5.718596577644348,0.788641482591629,0.029111873
3676,4.769611060619354,0.7499309480190277,0.032472786
3677,5.998666882514954,0.7991896867752075,0.028188156
3678,4.16937381029129,0.7231285274028778,0.034796167
3679,2.2690171003341675,0.627722978591919,0.04330611
3680,5.827949643135071,0.7928054630756378,0.028747667
3681,3.0228206515312195,0.6673069298267365,0.039706256
3682,3.9331167936325073,0.7121055126190186,0.03575561
3683,2.688935399055481,0.6500246822834015,0.041262284
3684,1.4911822974681854,0.5850057601928711,0.047363184
3685,4.33195173740387,0.7305608689785004,0.03415092
3686,2.200275957584381,0.6240162253379822,0.043650202
3687,4.986513257026672,0.7591795921325684,0.03167192
3688,4.490401744842529,0.7376813888549805,0.033533584
3689,2.5225993990898132,0.6412627398967743,0.04206008
3690,3.914555609226227,0.7112288773059845,0.035832096
3691,0.8481420576572418,0.5486690402030945,0.051002666
3692,4.1227418184280396,0.7209566533565521,0.03498347
3693,0.6510607153177261,0.5374078750610352,0.052173134
3694,2.1737970411777496,0.6225849092006683,0.043783467
3695,4.247349798679352,0.7267088890075684,0.034485184
3696,2.0058737695217133,0.613457441329956,0.044638168
3697,4.503352046012878,0.7382545173168182,0.033483624
3698,6.393940448760986,0.813400536775589,0.026934134
3699,2.161000072956085,0.621898353099823,0.043848027
3700,6.129075884819031,0.803967148065567,0.0277681
3701,2.3930448293685913,0.6343746781349182,0.042692125
3702,2.367655038833618,0.6330197751522064,0.0428171
3703,4.221913516521454,0.7255450189113617,0.03458632
3704,5.357638001441956,0.7744551301002502,0.030347165
3705,4.862056076526642,0.753900945186615,0.032128997
3706,9.942177534103394,0.9079850241541862,0.01790157
3707,3.0202001333236694,0.6671790778636932,0.039718237
3708,5.263785123825073,0.7706557065248489,0.03067685
3709,4.47251558303833,0.7368829250335693,0.033602703
3710,4.0537914633750916,0.7177685797214508,0.03526228
3711,2.460893541574478,0.63798788189888,0.04235994
3712,6.651146411895752,0.8222233653068542,0.026148258
3713,7.9412007331848145,0.8615868985652924,0.022539277
3714,5.012292861938477,0.7602644115686417,0.031578057
3715,3.866131603717804,0.7089335918426514,0.03603242
3716,1.828094720840454,0.6037068068981171,0.04556122
3717,6.98307991027832,0.833121120929718,0.025167843
3718,6.617864370346069,0.821099653840065,0.02624864
3719,3.550844192504883,0.6937291622161865,0.037364382
3720,3.102637529373169,0.6713741421699524,0.039343055
3721,2.589334547519684,0.6447907090187073,0.041738153
3722,7.717077136039734,0.8553143292665482,0.02312843
3723,2.225915789604187,0.6254007816314697,0.04352154
3724,2.158413380384445,0.6217526197433472,0.043861084
3725,2.980932593345642,0.665162205696106,0.039898213
3726,2.9649516940116882,0.6643436551094055,0.039971683
3727,2.1808208525180817,0.6229648888111115,0.04374808
3728,2.740115523338318,0.6527012586593628,0.04101986
3729,2.9512819647789,0.6636397838592529,0.040034644
3730,7.2645556926727295,0.8419392108917236,0.024365332
3731,2.499963790178299,0.6400629878044128,0.042169828
3732,2.1290576457977295,0.6201615333557129,0.044009563
3733,1.3745667040348053,0.5784717202186584,0.048003357
3734,7.33794093132019,0.844174936413765,0.024160337
3735,2.4261513352394104,0.6361376047134399,0.042529713
3736,4.221504330635071,0.7255252301692963,0.03458795
3737,7.721610069274902,0.8554465770721436,0.023116365
3738,2.8658834099769592,0.6592371463775635,0.040430196
3739,3.358905613422394,0.6842595338821411,0.038199235
3740,6.528886556625366,0.8180707842111588,0.026518911
3741,6.570156216621399,0.8194816410541534,0.02639321
3742,6.887291669845581,0.8300330191850662,0.025446933
3743,4.096674025058746,0.7197645008563995,0.03508862
3744,4.968374669551849,0.758412778377533,0.031738125
3745,7.971225380897522,0.8624102771282196,0.022461502
3746,4.811582863330841,0.751737654209137,0.03231624
3747,3.0671119689941406,0.6695672273635864,0.03950431
3748,3.7292152643203735,0.7023844718933105,0.036604904
3749,2.9834210872650146,0.6652897894382477,0.039886784
3750,3.5534802079200745,0.6938572227954865,0.037353046
3751,3.822275996208191,0.7068452835083008,0.036214817
3752,3.9081746339797974,0.7109256088733673,0.035858434
3753,5.101197957992554,0.7639744430780411,0.031256482
3754,2.4323178827762604,0.6364666819572449,0.042499527
3755,3.21557879447937,0.6770863234996796,0.038834803
3756,2.278341054916382,0.6282245516777039,0.043259647
3757,3.0169105529785156,0.667003333568573,0.039733287
3758,5.814505219459534,0.7922993898391724,0.028792193
3759,3.9115679264068604,0.7110874652862549,0.035844427
3760,4.011293649673462,0.7157815396785736,0.035435237
3761,3.3057472109794617,0.681609034538269,0.03843374
3762,2.091362178325653,0.6181113421916962,0.04420098
3763,9.199504256248474,0.8926624804735184,0.01949956
3764,5.306617617607117,0.7723966687917709,0.03052594
3765,6.107694506645203,0.8031896352767944,0.027836543
3766,2.1087753772735596,0.6190609037876129,0.044112455
3767,2.034686505794525,0.6150296032428741,0.044490334
3768,7.71410346031189,0.8552330732345581,0.023136351
3769,2.297821342945099,0.6292715072631836,0.043162737
3770,6.962753534317017,0.8324706256389618,0.025226813
3771,4.2983898520469666,0.7290375530719757,0.034283135
3772,1.4806953072547913,0.5844184458255768,0.0474204
3773,6.480987071990967,0.8164232075214386,0.026665559
3774,3.5455483198165894,0.6934708952903748,0.037387174
3775,4.264196753501892,0.7274750769138336,0.034418356
3776,2.009659856557846,0.6136642098426819,0.044618715
3777,4.596766233444214,0.7423924505710602,0.033125445
3778,3.5920530557632446,0.6957415342330933,0.037187535
3779,6.915519833564758,0.8309478908777237,0.025364367
3780,1.7982268333435059,0.6020601093769073,0.045718152
3781,3.7753918766975403,0.7046032845973969,0.036410816
3782,3.0537551641464233,0.6689026653766632,0.0395651
3783,1.0670958459377289,0.5611194968223572,0.04973307
3784,5.696700215339661,0.7877999246120453,0.029185357
3785,4.4221144914627075,0.734626442193985,0.033798255
3786,4.733859896659851,0.7483839392662048,0.03260671
3787,4.195972383022308,0.7243530452251434,0.03468977
3788,2.489810138940811,0.6395247578620911,0.04221916
3789,2.4246758222579956,0.6360601484775543,0.042536937
3790,1.5089884400367737,0.5860010087490082,0.047266185
3791,5.243615508079529,0.7698363214731216,0.030748166
3792,2.413303405046463,0.6354534327983856,0.04259267
3793,3.2717502117156982,0.6799078285694122,0.03858447
3794,2.739487588405609,0.6526685059070587,0.041022833
3795,2.3689618706703186,0.6330846548080444,0.04281066
3796,4.3248239159584045,0.7302356362342834,0.03417896
3797,6.6737449169158936,0.8229822963476181,0.026080312
3798,7.578389048576355,0.8513201922178268,0.023500687
3799,7.3647624254226685,0.8449851274490356,0.02408585
3800,3.9539510011672974,0.7130885422229767,0.03566995
3801,2.028919905424118,0.6147149205207825,0.04451988
3802,1.8877404928207397,0.6069878041744232,0.045249417
3803,5.193430185317993,0.7677818834781647,0.03092634
3804,4.193153977394104,0.7242250144481659,0.034701027
3805,3.904391825199127,0.7107461988925934,0.03587405
3806,3.026256263256073,0.6674826443195343,0.039690558
3807,3.772161900997162,0.7044338583946228,0.036424357
3808,0.2685866318643093,0.5154581367969513,0.054521866
3809,4.653021693229675,0.7448611855506897,0.032911595
3810,4.61093008518219,0.7430164217948914,0.03307147
3811,6.378953456878662,0.8128763735294342,0.026980648
3812,4.498796463012695,0.7380549907684326,0.03350118
3813,4.507163166999817,0.7384274899959564,0.033468932
3814,5.646727681159973,0.7858697324991226,0.029353756
3815,4.207210540771484,0.7248687744140625,0.034644913
3816,8.040582537651062,0.8642928600311279,0.02228286
3817,2.8946706652641296,0.6607249677181244,0.040296424
3818,8.084619045257568,0.8654780983924866,0.022170173
3819,7.959005236625671,0.8620733022689819,0.022493124
3820,4.475252330303192,0.737005740404129,0.03359212
3821,5.892819166183472,0.7952508926391602,0.028533762
3822,3.8127702474594116,0.7063915431499481,0.03625446
3823,6.643959283828735,0.8219810724258423,0.026169898
3824,8.028992414474487,0.8639795184135437,0.022312611
3825,1.914554238319397,0.6084651350975037,0.045109943
3826,6.497518420219421,0.8169933557510376,0.026614854
3827,2.7463430166244507,0.6530263423919678,0.040990468
3828,6.769232153892517,0.826163187623024,0.025795173
3829,1.1361569911241531,0.565032035112381,0.049339205
3830,1.6676758229732513,0.5948420464992523,0.046410497
3831,4.976686537265778,0.7587659358978271,0.031707764
3832,4.055933058261871,0.7178685069084167,0.035253588
3833,5.14978289604187,0.765985831618309,0.031082138
3834,2.430942952632904,0.6363939940929413,0.042506255
3835,1.7672212421894073,0.6003477871417999,0.04588164
3836,2.1665889024734497,0.6221951544284821,0.043819822
3837,6.2506139278411865,0.8083400726318359,0.027382264
3838,2.8521615266799927,0.6585215330123901,0.040494114
3839,3.9299869537353516,0.7119587659835815,0.035768498
3840,4.614339172840118,0.7431661188602448,0.03305849
3841,3.175416588783264,0.6750612854957581,0.039014783
3842,4.205007553100586,0.7247682809829712,0.034653705
3843,3.9531025290489197,0.7130483090877533,0.035673432
3844,4.120095372200012,0.7208509743213654,0.034994133
3845,1.530488282442093,0.5872012674808502,0.04714934
3846,4.753195941448212,0.7492212653160095,0.032534204
3847,4.654155969619751,0.7449157536029816,0.0329073
3848,1.5334247052669525,0.5873655080795288,0.047133397
3849,7.400541305541992,0.8460606038570404,0.023986839
3850,7.001948952674866,0.8337249904870987,0.02511323
3851,7.238340377807617,0.8411338329315186,0.024438974
3852,5.089200735092163,0.7634779065847397,0.031299684
3853,4.997285008430481,0.759635329246521,0.031632666
3854,2.0389217138290405,0.6152606010437012,0.044468652
3855,1.851647049188614,0.6050033867359161,0.045437835
3856,2.5506436824798584,0.6427469551563263,0.041924495
3857,4.384651184082031,0.732942521572113,0.03394435
3858,6.304520964622498,0.810255154967308,0.027212849
3859,9.462767839431763,0.8983368128538132,0.018917408
3860,4.71861332654953,0.7477219104766846,0.032664
3861,0.7577932626008987,0.5435113310813904,0.05153596
3862,2.7749183773994446,0.6545157134532928,0.040855836
3863,1.6413596272468567,0.5933766067028046,0.04655132
3864,1.6813653707504272,0.5955959558486938,0.046337407
3865,0.23407284170389175,0.5134738683700562,0.054738935
3866,3.792836368083954,0.7054374516010284,0.036337767
3867,4.301577508449554,0.7291816174983978,0.034270555
3868,4.868864417076111,0.7541922926902771,0.032103825
3869,4.860966205596924,0.7538546919822693,0.03213303
3870,4.283094108104706,0.7283384203910828,0.034343556
3871,7.026478052139282,0.8345067948102951,0.025042407
3872,3.181042969226837,0.675345242023468,0.03898952
3873,1.3440914452075958,0.5767604112625122,0.048172083
3874,3.5622313618659973,0.6942857801914215,0.037315432
3875,2.2916600108146667,0.6289403140544891,0.04319336
3876,3.944547474384308,0.7126451730728149,0.035708584
3877,5.76476514339447,0.7904074788093567,0.028957546
3878,4.029046595096588,0.7165979743003845,0.03536288
3879,5.238828063011169,0.7696407586336136,0.030765124
3880,3.221455216407776,0.6773838996887207,0.038808532
3881,3.2779711484909058,0.6802189946174622,0.03855684
3882,1.667841225862503,0.5948457717895508,0.04640961
3883,3.1297552585601807,0.6727496683597565,0.039220423
3884,1.8045876920223236,0.6024110913276672,0.045684684
3885,2.240515947341919,0.6261878311634064,0.043448444
3886,4.9211585521698,0.7564184218645096,0.031911124
3887,2.1722228825092316,0.6224999725818634,0.04379141
3888,7.083727717399597,0.8363172858953476,0.024877893
3889,2.975597083568573,0.6648879945278168,0.039922725
3890,6.897507309913635,0.8303641378879547,0.025417022
3891,8.1356680393219,0.8668404966592789,0.022040252
3892,6.634441614151001,0.8216601759195328,0.026198592
3893,3.068266212940216,0.6696257889270782,0.039499052
3894,7.213091254234314,0.8403566777706146,0.024510121
3895,3.0619090795516968,0.6693093180656433,0.039527975
3896,9.750480651855469,0.9042296931147575,0.01830105
3897,5.670556426048279,0.7867893427610397,0.029273335
3898,3.1634002923965454,0.6744537949562073,0.039068792
3899,3.438554108142853,0.6882081627845764,0.03785056
3900,7.448052167892456,0.8474799543619156,0.023855988
3901,4.600066244602203,0.7425286769866943,0.03311286
3902,6.198755502700806,0.8064828217029572,0.027546234
3903,2.1903152763843536,0.6234783232212067,0.043700285
3904,1.5658389031887054,0.5891726911067963,0.046957836
3905,3.220975697040558,0.677358090877533,0.038810678
3906,4.228619933128357,0.7258569002151489,0.034559626
3907,7.5402748584747314,0.850205734372139,0.023604032
3908,3.337532877922058,0.6831952333450317,0.038293358
3909,2.7058088779449463,0.6509086489677429,0.041182205
3910,3.6268433928489685,0.6974346041679382,0.03703888
3911,3.9402160048484802,0.7124370038509369,0.035726395
3912,3.991864025592804,0.7148711979389191,0.035514593
3913,2.611473798751831,0.6459509432315826,0.04163191
3914,3.993605673313141,0.7149527370929718,0.03550747
3915,4.212302267551422,0.7251031994819641,0.03462461
3916,1.8697062134742737,0.6059967875480652,0.045343466
3917,6.353397965431213,0.8119795024394989,0.027060146
3918,2.0504453778266907,0.615888774394989,0.044409692
3919,1.9915662705898285,0.612675815820694,0.044711757
3920,5.078383684158325,0.7630238980054855,0.031338688
3921,4.762559235095978,0.7496262788772583,0.032499157
3922,5.7907408475875854,0.7913972437381744,0.028871074
3923,6.980834007263184,0.8330496996641159,0.025174353
3924,3.654029667377472,0.698754221200943,0.03692313
3925,4.671708643436432,0.745679646730423,0.032840863
3926,2.0928896963596344,0.6181974112987518,0.044193212
3927,2.5889283418655396,0.6447703242301941,0.041740112
3928,1.6581647098064423,0.5943087339401245,0.046461344
3929,4.370892643928528,0.7323219776153564,0.033998154
3930,4.230846464633942,0.7259535193443298,0.034550767
3931,4.153545498847961,0.7223996520042419,0.034859627
3932,4.898540675640106,0.7554553747177124,0.03199433
3933,5.975777506828308,0.7983429729938507,0.02826254
3934,2.237969785928726,0.6260503232479095,0.043461174
3935,2.639651596546173,0.6474419832229614,0.04149707
3936,2.3617546260356903,0.6326991617679596,0.0428462
3937,2.4218328297138214,0.6359083652496338,0.04255086
3938,4.261890649795532,0.7273732125759125,0.034427498
3939,2.8249648213386536,0.6571165025234222,0.04062111
3940,1.241355761885643,0.5709760785102844,0.048745245
3941,2.519989311695099,0.6411239802837372,0.042072717
3942,2.788369655609131,0.655215859413147,0.040792614
3943,4.166610836982727,0.7230001091957092,0.034807228
3944,3.252822756767273,0.6789586246013641,0.038668636
3945,3.9142924547195435,0.7112161219120026,0.035833187
3946,3.219071626663208,0.6772620975971222,0.03881919
3947,3.845047652721405,0.7079305946826935,0.036119986
3948,4.286571443080902,0.728498786687851,0.034329813
3949,2.7997031807899475,0.6558057069778442,0.040739425
3950,2.9892057180404663,0.6655860841274261,0.039860226
3951,4.946538507938385,0.7574946880340576,0.031818014
3952,2.0499035716056824,0.6158587038516998,0.044412464
3953,4.572116732597351,0.7413145899772644,0.033219583
3954,1.6586954891681671,0.5943382680416107,0.046458505
3955,3.3565381169319153,0.6841416358947754,0.03820965
3956,2.2512030601501465,0.6267638206481934,0.04339502
3957,4.60568368434906,0.7427856922149658,0.033091452
3958,7.06271231174469,0.8356560170650482,0.02493816
3959,3.782801628112793,0.7049583494663239,0.03637977
3960,2.992904484272003,0.6657761633396149,0.039843254
3961,4.8675620555877686,0.754108652472496,0.03210864
3962,4.028259217739105,0.7165756225585938,0.035366092
3963,3.7990713119506836,0.70573690533638,0.03631169
3964,4.8284608125686646,0.7524624168872833,0.032253508
3965,3.1824991106987,0.6754191815853119,0.038982976
3966,3.3659419417381287,0.6846078932285309,0.038168307
3967,7.381520867347717,0.8454905301332474,0.024039421
3968,5.053051114082336,0.7619695365428925,0.031430222
3969,5.99545955657959,0.7990706861019135,0.028198566
3970,5.232152342796326,0.7693682461977005,0.030788777
3971,2.052529454231262,0.6159961819648743,0.044399034
3972,2.5092315673828125,0.6405551433563232,0.042124856
3973,2.140529155731201,0.6207835078239441,0.043951485
3974,5.942860245704651,0.7971206456422806,0.028369848
3975,2.6608607172966003,0.648553192615509,0.041395865
3976,2.8185999393463135,0.6567859053611755,0.04065089
3977,2.9123282432556152,0.661635011434555,0.040214587
3978,3.644724190235138,0.6983024477958679,0.036962714
3979,3.0054008960723877,0.6664153337478638,0.03978597
3980,6.843277812004089,0.828599140048027,0.025576206
3981,6.978257894515991,0.8329670429229736,0.02518182
3982,4.454106688499451,0.7360605895519257,0.033673998
3983,1.1063524335622787,0.5633478760719299,0.049508795
3984,2.5801968574523926,0.6443073451519012,0.041782092
3985,4.804095923900604,0.7514169365167618,0.032344107
3986,4.168910086154938,0.723105788230896,0.034798022
3987,4.336859583854675,0.7307829558849335,0.03413163
3988,5.362590551376343,0.7746271044015884,0.030329866
3989,1.6802312433719635,0.5955319106578827,0.046343457
3990,4.2997851967811584,0.7290922105312347,0.034277633
3991,2.944079637527466,0.6632696390151978,0.04006785
3992,4.63817298412323,0.7442123293876648,0.032967906
3993,3.125964105129242,0.6725585460662842,0.039237544
3994,2.1425661444664,0.6208939254283905,0.043941177
3995,4.231202304363251,0.7259698212146759,0.034549348
3996,3.060550093650818,0.6692328453063965,0.039534163
3997,7.474510669708252,0.8482679575681686,0.023783425
3998,7.982648611068726,0.8627213388681412,0.022431977
3999,2.9085037112236023,0.6614336967468262,0.0402323
4000,4.4382044672966,0.7353485822677612,0.033735704
4001,3.223693072795868,0.6774937212467194,0.038798537
4002,7.509207725524902,0.849291130900383,0.023688613
4003,4.5241764187812805,0.7391837239265442,0.033403438
4004,4.761536419391632,0.749581515789032,0.03250298
4005,2.2677703201770782,0.6276559829711914,0.043312326
4006,6.799130439758301,0.8271488696336746,0.025706535
4007,2.221870571374893,0.6251744329929352,0.043541815
4008,6.87970757484436,0.8297858536243439,0.02546916
4009,9.490413665771484,0.8989155516028404,0.018857295
4010,2.9649266600608826,0.6643409132957458,0.0399718
4011,3.3001023530960083,0.6813265383243561,0.038458727
4012,5.053548216819763,0.7619901150465012,0.031428427
4013,4.736318290233612,0.7484905123710632,0.032597486
4014,8.260321021080017,0.8701173514127731,0.02172621
4015,3.5633105039596558,0.6943387687206268,0.037310794
4016,5.238249897956848,0.7696169763803482,0.030767167
4017,4.522756338119507,0.7391214072704315,0.033408903
4018,6.571328639984131,0.8195194005966187,0.026389647
4019,3.6703726649284363,0.6995455324649811,0.03685372
4020,4.814801514148712,0.751877024769783,0.032304276
4021,1.7017339169979095,0.5967247486114502,0.046228874
4022,4.679217338562012,0.7460073232650757,0.032812487
4023,4.474857151508331,0.7369883954524994,0.033593647
4024,4.194192588329315,0.7242713868618011,0.034696873
4025,3.178073763847351,0.6751955449581146,0.039002847
4026,4.195919036865234,0.7243480682373047,0.03468998
4027,1.3447676599025726,0.5767984092235565,0.048168335
4028,3.065062463283539,0.6694766581058502,0.039513625
4029,2.668165862560272,0.648936539888382,0.041361067
4030,2.138889729976654,0.6206945478916168,0.04395978
4031,4.163945019245148,0.7228779196739197,0.034817915
4032,3.284691274166107,0.6805558800697327,0.03852703
4033,6.566276550292969,0.8193494528532028,0.026405001
4034,2.4168720841407776,0.6356439590454102,0.042575166
4035,6.328995227813721,0.8111188113689423,0.027136277
4036,4.545666873455048,0.7401360273361206,0.033320896
4037,5.0400614738464355,0.7614269703626633,0.031477265
4038,3.203677237033844,0.6764870584011078,0.038888052
4039,4.670184254646301,0.7456031143665314,0.03284663
4040,3.2589811086654663,0.6792663335800171,0.03864123
4041,5.454438924789429,0.778322383761406,0.030010836
4042,3.354831039905548,0.6840566992759705,0.03821717
4043,5.236326456069946,0.7695373743772507,0.030773982
4044,1.3272057473659515,0.5758110582828522,0.048265822
4045,5.545949339866638,0.7819389253854752,0.029696317
4046,3.2034870982170105,0.6764776110649109,0.038888898
4047,3.980712890625,0.7143453061580658,0.035560213
4048,3.065056800842285,0.6694600284099579,0.039513648
4049,4.233320355415344,0.7260666191577911,0.03454093
4050,2.5525718927383423,0.6428490877151489,0.04191519
4051,3.3176320791244507,0.6822023689746857,0.03838119
4052,5.673044323921204,0.7868882715702057,0.029264953
4053,5.511178374290466,0.780566617846489,0.029815432
4054,3.482709527015686,0.6903857588768005,0.03765863
4055,2.288140207529068,0.6287494897842407,0.043210868
4056,3.8370299339294434,0.707548588514328,0.03615335
4057,4.217186272144318,0.7253272831439972,0.03460515
4058,3.19781094789505,0.6761901080608368,0.038914323
4059,2.575187385082245,0.6440437138080597,0.041806195
4060,7.0307111740112305,0.8346404731273651,0.025030207
4061,7.671256065368652,0.8540062308311462,0.023250762
4062,3.5282358527183533,0.6926207840442657,0.037461765
4063,1.1776180565357208,0.5673767030239105,0.04910425
4064,1.061861738562584,0.5608227550983429,0.049763046
4065,2.4967505037784576,0.6398927867412567,0.042185437
4066,5.368013978004456,0.7748721390962601,0.030310934
4067,4.88862544298172,0.7550349086523056,0.032030873
4068,4.84322190284729,0.7530972361564636,0.032198746
4069,2.8788208961486816,0.6599054932594299,0.04037002
4070,8.031889200210571,0.8640587329864502,0.02230517
4071,4.115933775901794,0.7206522524356842,0.035010908
4072,7.238500714302063,0.8411397188901901,0.024438523
4073,2.8775808215141296,0.65984246134758,0.04037578
4074,2.949022352695465,0.6635180413722992,0.040045056
4075,4.198961853981018,0.724490612745285,0.03467783
4076,7.141377329826355,0.8381274044513702,0.024713324
4077,6.502304673194885,0.8171581476926804,0.02660019
4078,6.333417892456055,0.8112746924161911,0.027122464
4079,2.865397036075592,0.6592194437980652,0.040432453
4080,3.5216206312179565,0.6922974586486816,0.037490305
4081,6.587492227554321,0.820070818066597,0.026340583
4082,1.8503232300281525,0.6049282848834991,0.045444764
4083,7.703914046287537,0.8549415469169617,0.023163507
4084,4.123295545578003,0.7209992706775665,0.034981243
4085,7.15544581413269,0.8385675549507141,0.024673328
4086,2.5147590041160583,0.6408475637435913,0.042098057
4087,2.1580208837985992,0.6217339336872101,0.043863066
4088,1.2121149897575378,0.5693259835243225,0.048909616
4089,4.077247679233551,0.718861311674118,0.035167187
4090,1.3897840678691864,0.5793264508247375,0.047919337
4091,6.215271353721619,0.8070756047964096,0.027493907
4092,6.87835156917572,0.8297419100999832,0.02547314
4093,3.2820242643356323,0.6804232001304626,0.038538855
4094,6.4238280057907104,0.8144420832395554,0.026841614
4095,2.1358856558799744,0.6205227375030518,0.04397498
4096,1.4163851737976074,0.5808185338973999,0.04777281
4097,2.671777307987213,0.649125874042511,0.041343875
4098,3.039941191673279,0.6682000458240509,0.03962807
4099,7.763382196426392,0.8566310405731201,0.02300546
4100,2.9795020818710327,0.665086954832077,0.039904777
4101,3.1363946199417114,0.6730870604515076,0.039190456
4102,6.225588917732239,0.8074455261230469,0.027461268
4103,5.647107362747192,0.7858844548463821,0.029352468
4104,1.8533840775489807,0.6050982475280762,0.045428753
4105,2.1788129210472107,0.6228564381599426,0.043758187
4106,2.7138665318489075,0.6513321101665497,0.04114402
4107,2.75043785572052,0.6532398462295532,0.040971152
4108,3.1707435846328735,0.6748234927654266,0.03903577
4109,2.6301440596580505,0.6469385623931885,0.04154252
4110,4.421027898788452,0.7345787882804871,0.033802487
4111,4.277692437171936,0.7280930876731873,0.034364924
4112,1.7850883305072784,0.6013361811637878,0.045787357
4113,2.634437382221222,0.6471651792526245,0.04152199
4114,6.77949070930481,0.8265032917261124,0.025764724
4115,4.617089927196503,0.7432869076728821,0.03304802
4116,2.500026524066925,0.6400667428970337,0.042169526
4117,2.3660090565681458,0.6329271793365479,0.04282521
4118,1.6831254959106445,0.5956928431987762,0.04632802
4119,3.9989301562309265,0.7152030766010284,0.03548571
4120,2.76154100894928,0.653825432062149,0.0409188
4121,2.3603150248527527,0.6326235234737396,0.0428533
4122,3.9542704820632935,0.7131037414073944,0.035668638
4123,3.992356061935425,0.7148880064487457,0.035512578
4124,2.294475883245468,0.629091739654541,0.04317936
4125,9.778178334236145,0.9047820046544075,0.018242782
4126,2.5716206431388855,0.6438588798046112,0.041823365
4127,2.7423086762428284,0.6528158783912659,0.04100951
4128,2.95652836561203,0.663909524679184,0.04001047
4129,1.983819156885147,0.6122471392154694,0.044751644
4130,4.080477058887482,0.7190128266811371,0.03515411
4131,4.101237654685974,0.719981461763382,0.035070192
4132,2.394731342792511,0.634461909532547,0.042683832
4133,6.277943849563599,0.8093128651380539,0.02729624
4134,2.3441265523433685,0.6317532956600189,0.04293324
4135,2.64832466840744,0.6478950083255768,0.041455656
4136,6.09244167804718,0.8026337176561356,0.027885469
4137,2.3063811659812927,0.629731297492981,0.043120217
4138,2.387932986021042,0.6340987682342529,0.042717256
4139,4.021078944206238,0.7162401974201202,0.03539534
4140,2.100761979818344,0.6186245679855347,0.044153173
4141,6.256673336029053,0.8085601925849915,0.027363164
4142,4.1579315066337585,0.7225977778434753,0.034842033
4143,2.981801927089691,0.6652069091796875,0.039894212
4144,4.2645493149757385,0.7274944186210632,0.034416962
4145,2.9898568987846375,0.6656187176704407,0.03985723
4146,1.9123446941375732,0.6083262860774994,0.04512142
4147,1.4763143658638,0.5841750800609589,0.04744433
4148,4.104671478271484,0.720140129327774,0.035056327
4149,2.1244944632053375,0.6199165284633636,0.04403269
4150,4.851169586181641,0.7534361183643341,0.032169294
4151,2.5118526816368103,0.640693336725235,0.04211215
4152,2.6210862398147583,0.646464079618454,0.041585863
4153,4.4147345423698425,0.7342965602874756,0.033826984
4154,9.3828284740448,0.8966433182358742,0.019092314
4155,1.9184184074401855,0.608671635389328,0.04508988
4156,4.637119472026825,0.7441661655902863,0.032971907
4157,5.981307625770569,0.7985484004020691,0.028244548
4158,5.250797271728516,0.7701293081045151,0.030722758
4159,6.110396981239319,0.8032877445220947,0.027827883
4160,0.8790054172277451,0.5504275262355804,0.05082177
4161,4.067829847335815,0.7184238731861115,0.03520534
4162,3.370996415615082,0.6848607361316681,0.038146105
4163,2.6425981521606445,0.6475939750671387,0.041482996
4164,1.998182088136673,0.613037496805191,0.044677705
4165,5.709219574928284,0.7882812172174454,0.029143322
4166,6.711275577545166,0.8242382556200027,0.025967864
4167,4.029879868030548,0.71665158867836,0.03535949
4168,5.239943265914917,0.769686222076416,0.030761167
4169,1.7361652851104736,0.5986315608024597,0.046045985
4170,4.126403331756592,0.7211432754993439,0.03496873
4171,3.1294742226600647,0.6727341711521149,0.039221685
4172,3.022284209728241,0.6672796905040741,0.03970871
4173,4.9598658084869385,0.7580561190843582,0.03176923
4174,3.853060007095337,0.708311140537262,0.036086686
4175,1.1861325800418854,0.5678578913211823,0.04905614
4176,3.4780609607696533,0.6901731789112091,0.03767879
4177,6.290661096572876,0.809765487909317,0.027256304
4178,2.811385989189148,0.656412273645401,0.040684663
4179,4.084455370903015,0.7191958725452423,0.035138015
4180,1.7162519693374634,0.5975293815135956,0.046151668
4181,2.5382527709007263,0.6420918703079224,0.04198434
4182,5.947454571723938,0.7972865253686905,0.028354848
4183,2.4395859241485596,0.6368496417999268,0.04246398
4184,2.695866823196411,0.6503882706165314,0.041229367
4185,7.83151388168335,0.8585474193096161,0.022825712
4186,2.3214739561080933,0.6305440962314606,0.043045364
4187,7.938438653945923,0.8615105450153351,0.022546444
4188,4.785135090351105,0.7506004124879837,0.032414794
4189,2.733202874660492,0.652340441942215,0.04105252
4190,5.901973247528076,0.7955818772315979,0.028503707
4191,5.14531135559082,0.7658044993877411,0.031098142
4192,4.280466139316559,0.7282206416130066,0.034353953
4193,2.084367722272873,0.6177319586277008,0.044236597
4194,3.740658164024353,0.7029364109039307,0.03655671
4195,3.9759254455566406,0.7141222953796387,0.035579816
4196,2.477607876062393,0.6388762295246124,0.042278506
4197,4.331968724727631,0.7305607795715332,0.034150857
4198,5.356050133705139,0.7743862867355347,0.030352714
4199,3.802376389503479,0.7058937549591064,0.03629788
4200,4.355681240558624,0.7316272854804993,0.034057755
4201,1.4385956525802612,0.5820631682872772,0.047650803
4202,2.8560763597488403,0.6587292850017548,0.040475875
4203,5.041072964668274,0.7614738047122955,0.031473596
4204,4.508419334888458,0.7384853065013885,0.033464093
4205,4.245150089263916,0.7266087234020233,0.034493916
4206,4.444496333599091,0.735630989074707,0.033711277
4207,5.722963809967041,0.7888108789920807,0.029097242
4208,3.1539732217788696,0.6739768385887146,0.039111216
4209,6.38247013092041,0.8130026608705521,0.026969727
4210,5.002181529998779,0.7598384320735931,0.03161484
4211,2.5843343138694763,0.6445246934890747,0.041762203
4212,8.779889941215515,0.8830503225326538,0.020464705
4213,5.762875080108643,0.7903411090373993,0.02896385
4214,4.112558662891388,0.720501720905304,0.03502451
4215,3.149879574775696,0.6737699210643768,0.03912966
4216,3.2161766290664673,0.6771163642406464,0.03883213
4217,3.730265498161316,0.7024360299110413,0.036600474
4218,5.110635161399841,0.7643658816814423,0.03122254
4219,4.459283351898193,0.7362945675849915,0.033653937
4220,4.933428764343262,0.7569379359483719,0.031866074
4221,6.6774386167526245,0.8231082409620285,0.026069224
4222,3.7606537342071533,0.7038962244987488,0.036472652
4223,1.8486031889915466,0.6048360466957092,0.04545376
4224,4.310835897922516,0.7295972406864166,0.034234043
4225,8.01643431186676,0.8636395931243896,0.022344893
4226,4.4083064794540405,0.7340077757835388,0.033852026
4227,4.5122358202934265,0.738653302192688,0.033449393
4228,4.208263456821442,0.7249173521995544,0.034640715
4229,1.8847650289535522,0.6068175435066223,0.045264926
4230,3.0070042610168457,0.6664980053901672,0.039778627
4231,3.2375681400299072,0.6781926155090332,0.038736608
4232,8.08651089668274,0.8655283749103546,0.022165347
4233,6.273101568222046,0.8091394305229187,0.027311465
4234,4.579664468765259,0.7416393458843231,0.033190727
4235,2.9022306203842163,0.661118745803833,0.040261365
4236,2.4611182510852814,0.6379998922348022,0.042358845
4237,7.26065456867218,0.8418146520853043,0.024376273
4238,1.6940167546272278,0.5962971150875092,0.04626997
4239,2.113170474767685,0.6192992329597473,0.044090144
4240,5.012611746788025,0.7602766454219818,0.031576894
4241,5.163440704345703,0.7665499001741409,0.031033305
4242,8.286373019218445,0.8707962185144424,0.021661144
4243,6.390556693077087,0.8132822066545486,0.026944626
4244,3.4084877371788025,0.6867208182811737,0.037981812
4245,4.280250370502472,0.7282088398933411,0.034354806
4246,2.00785294175148,0.6135654151439667,0.044627994
4247,3.257529139518738,0.6791920959949493,0.038647693
4248,0.4302266240119934,0.5247456431388855,0.053516626
4249,3.025970458984375,0.6674661636352539,0.03969186
4250,3.6601626873016357,0.699051707983017,0.03689707
4251,2.7873846888542175,0.6551643908023834,0.04079724
4252,7.77345597743988,0.856915220618248,0.022978794
4253,3.1166264414787292,0.6720848679542542,0.039279748
4254,1.5899711847305298,0.5905174016952515,0.046827547
4255,4.622912108898163,0.7435435652732849,0.03302588
4256,6.655023097991943,0.8223530948162079,0.026136588
4257,4.8732298612594604,0.7543784528970718,0.032087695
4258,4.369959831237793,0.7322787344455719,0.034001812
4259,2.2147881984710693,0.6248002648353577,0.04357733
4260,2.896750271320343,0.6608314216136932,0.04028677
4261,4.98262494802475,0.759014680981636,0.0316861
4262,4.067399203777313,0.7184028923511505,0.035207085
4263,6.552723050117493,0.8188871592283249,0.026446233
4264,4.312075674533844,0.729657381772995,0.034229163
4265,2.0170041918754578,0.6140649318695068,0.044581
4266,3.980977237224579,0.714359849691391,0.035559133
4267,4.023828506469727,0.7163686752319336,0.035384133
4268,4.2476508021354675,0.7267226278781891,0.034483988
4269,4.8678091168403625,0.7541462481021881,0.03210773
4270,4.374077022075653,0.7324656248092651,0.033985697
4271,2.223597466945648,0.6252757012844086,0.043533154
4272,2.346295416355133,0.6318715512752533,0.04292252
4273,2.64390766620636,0.647662878036499,0.04147674
4274,5.1969122886657715,0.7679236382246017,0.030913943
4275,4.967819452285767,0.7583956867456436,0.031740155
4276,5.0830453634262085,0.763221949338913,0.031321876
4277,2.194201350212097,0.6236886382102966,0.043680735
4278,4.343618750572205,0.7310889959335327,0.034105085
4279,4.795666933059692,0.7510536164045334,0.032375515
4280,7.43597686290741,0.84712053835392,0.023889178
4281,6.307489275932312,0.810346782207489,0.027203549
4282,6.015859246253967,0.7998250871896744,0.028132418
4283,3.941226899623871,0.7124887108802795,0.035722237
4284,6.571174263954163,0.8195154219865799,0.026390119
4285,6.9486188888549805,0.8320154398679733,0.025267899
4286,7.070401310920715,0.8358983248472214,0.02491609
4287,4.375124871730804,0.7325125336647034,0.033981595
4288,5.010216236114502,0.7601749300956726,0.031585608
4289,2.7436450123786926,0.6528825163841248,0.041003205
4290,4.147839248180389,0.7221347391605377,0.034882534
4291,5.1833707094192505,0.7673690617084503,0.030962178
4292,2.002429962158203,0.6132703423500061,0.044655863
4293,3.711498975753784,0.7015319764614105,0.03667964
4294,2.004958391189575,0.6134075224399567,0.04464287
4295,4.298141598701477,0.7290255427360535,0.034284115
4296,3.9243730902671814,0.7116946876049042,0.035791617
4297,4.174161851406097,0.7233492434024811,0.034776982
4298,3.16038578748703,0.6743087768554688,0.03908236
4299,5.193190574645996,0.7677696049213409,0.030927192
4300,3.9955544471740723,0.7150441408157349,0.03549951
4301,9.905085563659668,0.9072683751583099,0.01797818
4302,3.0473142862319946,0.6685677170753479,0.039594453
4303,3.922070264816284,0.7115839421749115,0.035801113
4304,4.937883019447327,0.757126197218895,0.031849742
4305,6.829739212989807,0.8281546980142593,0.0256161
4306,7.751436829566956,0.8562927693128586,0.023037119
4307,2.2149859368801117,0.6248109936714172,0.043576326
4308,3.987177312374115,0.7146477699279785,0.03553376
4309,3.1689131259918213,0.6747320592403412,0.039044008
4310,4.231576025485992,0.7259870171546936,0.03454786
4311,4.943874180316925,0.7573800981044769,0.031827774
4312,4.369547963142395,0.7322612106800079,0.03400342
4313,7.361132502555847,0.8448764681816101,0.024095913
4314,1.4615173637866974,0.5833464860916138,0.04752522
4315,4.822312593460083,0.7522001415491104,0.032276347
4316,5.141894221305847,0.765659511089325,0.031110376
4317,2.461627274751663,0.6380262076854706,0.042356364
4318,1.9932366907596588,0.6127673089504242,0.044703156
4319,2.7401864528656006,0.6527051329612732,0.04101953
4320,3.6741262674331665,0.6997271180152893,0.0368378
4321,2.956932783126831,0.6639305949211121,0.040008605
4322,3.230019211769104,0.6778129935264587,0.038770292
4323,4.459415376186371,0.736303985118866,0.033653423
4324,1.6349393129348755,0.5930185914039612,0.046585746
4325,3.7545841932296753,0.7036051750183105,0.036498144
4326,0.5976033210754395,0.5343478322029114,0.05249523
4327,2.8364726901054382,0.6577137112617493,0.04056733
4328,4.39528614282608,0.7334217131137848,0.033902813
4329,1.604255586862564,0.5913126766681671,0.046750598
4330,3.3291828632354736,0.6827784776687622,0.03833018
4331,3.563794195652008,0.6943625211715698,0.037308715
4332,4.311518967151642,0.7296337783336639,0.034231354
4333,3.511166572570801,0.6917847990989685,0.03753546
4334,4.942204654216766,0.7573070675134659,0.03183389
4335,2.5142985582351685,0.6408222317695618,0.04210029
4336,3.372018337249756,0.6849114894866943,0.038141616
4337,2.8679192066192627,0.6593471765518188,0.040420722
4338,4.708616137504578,0.7472875714302063,0.032701615
4339,2.5170037150382996,0.640966147184372,0.042087182
4340,2.795274555683136,0.6555749773979187,0.040760197
4341,4.112919867038727,0.7205183804035187,0.035023052
4342,6.594823002815247,0.8203195482492447,0.02631836
4343,2.8926116228103638,0.6606181263923645,0.040305972
4344,0.8056331425905228,0.5462431907653809,0.05125289
4345,4.354581534862518,0.7315850555896759,0.03406206
4346,1.495204120874405,0.5852305293083191,0.047341265
4347,5.098462700843811,0.7638607621192932,0.031266324
4348,4.834595620632172,0.7527262270450592,0.03223073
4349,2.7359503507614136,0.6524840593338013,0.04103954
4350,4.548052549362183,0.7402414977550507,0.033311743
4351,1.6370101273059845,0.5931279957294464,0.04657464
4352,3.9556321501731873,0.7131673097610474,0.035663042
4353,7.012498378753662,0.8340609073638916,0.025082747
4354,3.375179171562195,0.6850700378417969,0.038127743
4355,3.1148380041122437,0.6719942986965179,0.039287835
4356,5.22432267665863,0.7690480947494507,0.030816538
4357,5.212904214859009,0.7685814946889877,0.030857077
4358,3.3749067783355713,0.6850546300411224,0.038128935
4359,3.55536550283432,0.6939503848552704,0.03734494
4360,3.146856427192688,0.6736089587211609,0.03914328
4361,1.921469271183014,0.608838826417923,0.045074046
4362,6.651650667190552,0.8222389370203018,0.026146734
4363,2.5581592321395874,0.6431443989276886,0.041888237
4364,3.998788893222809,0.7151922583580017,0.03548629
4365,0.3865698352456093,0.5222377479076385,0.053786278
4366,4.713451564311981,0.7474980056285858,0.032683413
4367,3.8598141074180603,0.7086337506771088,0.03605863
4368,6.939196586608887,0.8317117840051651,0.025295323
4369,2.4692633748054504,0.6384328007698059,0.04231914
4370,6.003778576850891,0.7993795275688171,0.028171573
4371,3.665204644203186,0.6992954313755035,0.036875658
4372,3.0043035745620728,0.666361391544342,0.03979099
4373,2.1815885603427887,0.6230065226554871,0.04374421
4374,3.7725234031677246,0.7044666409492493,0.036422845
4375,3.0757230520248413,0.6700057685375214,0.039465163
4376,0.17617901787161827,0.510140061378479,0.05510501
4377,4.879835546016693,0.7546601891517639,0.032063305
4378,6.981723308563232,0.8330794870853424,0.025171774
4379,6.540585160255432,0.8184721618890762,0.02648322
4380,5.110501050949097,0.7643605172634125,0.031223021
4381,3.0854129791259766,0.6704989671707153,0.039421152
4382,3.153676688671112,0.6739620268344879,0.039112557
4383,2.458757609128952,0.6378746032714844,0.04237036
4384,2.4321459233760834,0.636457622051239,0.042500373
4385,2.9758206009864807,0.6649000346660614,0.039921697
4386,4.344992935657501,0.7311497330665588,0.034099683
4387,5.40830135345459,0.7764851152896881,0.030170672
4388,1.813594251871109,0.6029072701931,0.04563734
4389,4.2397162318229675,0.7263602018356323,0.034515504
4390,3.7778741121292114,0.7047220468521118,0.03640041
4391,4.4333043694496155,0.7351290583610535,0.03375474
4392,6.986866593360901,0.8332428336143494,0.025156872
4393,7.2267234325408936,0.8407762050628662,0.024471685
4394,4.228032231330872,0.7258226871490479,0.034561962
4395,3.0759385228157043,0.6700166761875153,0.03946418
4396,3.4424343705177307,0.6883999407291412,0.037833657
4397,3.5404136776924133,0.6932185292243958,0.03740928
4398,7.669494152069092,0.8539531379938126,0.023255482
4399,3.45143586397171,0.6888450682163239,0.03779447
4400,4.496460258960724,0.7379506528377533,0.033510193
4401,2.4877385795116425,0.6394140720367432,0.042229224
4402,3.8005459308624268,0.7058098912239075,0.036305524
4403,1.7861920595169067,0.6013965308666229,0.04578154
4404,5.739611983299255,0.7894471734762192,0.029041525
4405,0.33696260303258896,0.5193910002708435,0.05409435
4406,2.853480279445648,0.6585947573184967,0.04048798
4407,7.059361934661865,0.8355412483215332,0.024947781
4408,3.108559548854828,0.6716753542423248,0.039316244
4409,2.864544987678528,0.6591670513153076,0.04043642
4410,0.7038940489292145,0.5404309034347534,0.051856752
4411,4.443687796592712,0.7355954349040985,0.033714414
4412,4.426703751087189,0.7348334789276123,0.033780403
4413,2.8090637922286987,0.6562914550304413,0.04069554
4414,3.7338313460350037,0.7026076018810272,0.03658545
4415,4.38914030790329,0.7331445813179016,0.03392681
4416,8.422947525978088,0.8742923140525818,0.021323211
4417,4.43576455116272,0.735239714384079,0.033745185
4418,5.705025792121887,0.7881200164556503,0.029157396
4419,1.1381524056196213,0.5651450455188751,0.049327876
4420,3.3969202637672424,0.686147540807724,0.038032424
4421,5.0712597370147705,0.762730285525322,0.031364404
4422,2.6672545075416565,0.6488914489746094,0.041365404
4423,4.658956825733185,0.7451222240924835,0.032889117
4424,3.5180118680000305,0.6921198070049286,0.03750589
4425,2.6120030879974365,0.6459848582744598,0.04162938
4426,5.426790118217468,0.7772277295589447,0.030106517
4427,2.663978338241577,0.6487167775630951,0.041381013
4428,5.986079573631287,0.7987251132726669,0.028229035
4429,10.201715230941772,0.912854790687561,0.017374575
4430,5.993002653121948,0.7989824712276459,0.028206548
4431,3.042030930519104,0.6682887077331543,0.03961854
4432,3.564803898334503,0.6944116353988647,0.037304383
4433,5.868479013442993,0.7943373024463654,0.028613834
4434,4.732731878757477,0.7483360469341278,0.032610945
4435,5.910205245018005,0.7959018796682358,0.028476708
4436,3.884637951850891,0.7098116278648376,0.03595573
4437,7.733963131904602,0.8558000028133392,0.02308351
4438,3.488609194755554,0.6906754374504089,0.03763306
4439,3.3361589908599854,0.68312668800354,0.038299408
4440,4.187579452991486,0.7239671051502228,0.034723304
4441,3.8450098037719727,0.7079327404499054,0.03612015
4442,4.387654662132263,0.7330761253833771,0.03393261
4443,4.428828954696655,0.7349288761615753,0.033772137
4444,5.523526668548584,0.7810574173927307,0.029773075
4445,1.6229422390460968,0.5923517942428589,0.046650138
4446,2.9280567169189453,0.6624450385570526,0.04014183
4447,4.0618035197258,0.7181392014026642,0.035229772
4448,3.6439386010169983,0.6982646584510803,0.036966056
4449,5.35503089427948,0.7743502259254456,0.030356275
4450,2.311253249645233,0.6299930512905121,0.043096032
4451,2.4245107173919678,0.6360524296760559,0.042537745
4452,7.631263732910156,0.8528383523225784,0.023358064
4453,3.6322829127311707,0.6976985037326813,0.03701569
4454,5.246524214744568,0.7699585556983948,0.030737873
4455,2.1101048588752747,0.6191331744194031,0.0441057
4456,2.4199388921260834,0.6358074843883514,0.042560145
4457,10.515851974487305,0.9184383749961853,0.016757432
4458,7.655559182167053,0.8535521477460861,0.02329282
4459,2.9613572359085083,0.6641567051410675,0.03998823
4460,7.169692516326904,0.8390132486820221,0.024632894
4461,3.9576512575149536,0.7132626175880432,0.035654753
4462,3.9956560730934143,0.715049147605896,0.03549909
4463,6.019148826599121,0.799947664141655,0.028121768
4464,2.257704883813858,0.6271129250526428,0.043362543
4465,1.9855421781539917,0.6123469173908234,0.04474277
4466,1.6059382259845734,0.5914062261581421,0.04674156
4467,3.082810342311859,0.6703673005104065,0.039432973
4468,3.0653247237205505,0.6694760620594025,0.039512437
4469,2.6534026861190796,0.6481621265411377,0.041431427
4470,5.587479472160339,0.7835651785135269,0.029554667
4471,2.4922531843185425,0.6396539211273193,0.042207282
4472,5.585575699806213,0.7834910452365875,0.02956114
4473,6.411678791046143,0.8140197545289993,0.026879184
4474,5.764980912208557,0.7904187589883804,0.028956827
4475,7.748610973358154,0.8562126904726028,0.023044618
4476,2.41550013422966,0.6355675756931305,0.042581897
4477,2.171575129032135,0.6224654018878937,0.043794673
4478,4.983902871608734,0.7590697109699249,0.031681437
4479,2.6257598400115967,0.6467087268829346,0.041563496
4480,2.643483281135559,0.6476403474807739,0.04147877
4481,3.190751373767853,0.6758341789245605,0.03894596
4482,6.8958306312561035,0.8303095400333405,0.02542193
4483,2.3448888957500458,0.6317964792251587,0.042929474
4484,3.121201992034912,0.6723231077194214,0.03925906
4485,2.5667601823806763,0.6435995399951935,0.04184677
4486,7.339776158332825,0.844217911362648,0.024155231
4487,3.788970410823822,0.7052532434463501,0.03635394
4488,4.323585629463196,0.7301810681819916,0.034183834
4489,6.701290011405945,0.8239046484231949,0.025997736
4490,7.93792724609375,0.8614963442087173,0.022547772
4491,1.9897247850894928,0.612575501203537,0.04472123
4492,2.861314117908478,0.6590007543563843,0.040451467
4493,4.02186393737793,0.7162770628929138,0.035392135
4494,3.6970895528793335,0.7008371353149414,0.036740538
4495,4.423588812351227,0.7346934676170349,0.033792518
4496,4.799116253852844,0.7512028366327286,0.03236266
4497,4.127998650074005,0.7212167680263519,0.034962308
4498,3.1747961044311523,0.6750299632549286,0.03901757
4499,7.119755744934082,0.8374553173780441,0.024774916
4500,2.399311065673828,0.6347065269947052,0.042661335
4501,4.212242662906647,0.7251005470752716,0.03462485
4502,6.1028701066970825,0.8030092865228653,0.027852012
4503,3.924146592617035,0.7116817235946655,0.035792556
4504,5.282256603240967,0.7714079916477203,0.030611683
4505,5.28400719165802,0.771480455994606,0.030605514
4506,3.059234619140625,0.6691663563251495,0.03954015
4507,2.683495879173279,0.64973583817482,0.04128813
4508,3.966318666934967,0.7136696577072144,0.035619188
4509,2.600903809070587,0.6454002261161804,0.04168261
4510,4.626939296722412,0.7437189817428589,0.03301057
4511,6.093342304229736,0.802666425704956,0.027882578
4512,2.951257824897766,0.6636383235454559,0.040034752
4513,5.6634968519210815,0.78652024269104,0.029297134
4514,2.342047393321991,0.6316443085670471,0.04294352
4515,0.7773827016353607,0.5446304976940155,0.051419847
4516,6.947463154792786,0.831977978348732,0.02527126
4517,2.154633551836014,0.6215476095676422,0.043880176
4518,2.838665544986725,0.6578272879123688,0.04055709
4519,3.4091773629188538,0.6867550909519196,0.037978794
4520,4.367792904376984,0.7321820557117462,0.03401029
4521,4.828927516937256,0.7524834424257278,0.03225178
4522,4.340769648551941,0.7309606075286865,0.034116272
4523,6.283304691314697,0.8095037043094635,0.027279396
4524,3.9595913887023926,0.7133540511131287,0.03564679
4525,4.132530987262726,0.7214269936084747,0.03494407
4526,6.296948790550232,0.8099870532751083,0.027236586
4527,4.220453202724457,0.7254770696163177,0.034592137
4528,3.4017494320869446,0.6863868832588196,0.03801129
4529,2.634955048561096,0.6471996009349823,0.041519515
4530,2.900065779685974,0.6610009968280792,0.040271398
4531,4.053624868392944,0.71776083111763,0.03526296
4532,3.5678234696388245,0.6945590674877167,0.037291415
4533,2.8011932969093323,0.6558825075626373,0.040732432
4534,2.3737043142318726,0.633338212966919,0.0427873
4535,7.158614993095398,0.8386651426553726,0.024664331
4536,2.937973439693451,0.6629550457000732,0.04009603
4537,2.17377632856369,0.622583657503128,0.043783575
4538,6.9624269008636475,0.8324600458145142,0.02522776
4539,2.285332530736923,0.6286002993583679,0.043224834
4540,3.3521991968154907,0.6839262843132019,0.03822875
4541,3.201484978199005,0.6763772964477539,0.038897865
4542,4.646506309509277,0.7445774078369141,0.03293629
4543,2.455451488494873,0.6376990377902985,0.042386487
4544,4.7331079840660095,0.7483502626419067,0.032609537
4545,3.1093862652778625,0.671717494726181,0.039312497
4546,5.322248339653015,0.7730246633291245,0.030471064
4547,4.747743010520935,0.7489851117134094,0.032554638
4548,1.9919222593307495,0.6126956343650818,0.04470992
4549,2.629597783088684,0.6469097137451172,0.04154513
4550,1.7430247366428375,0.5990107953548431,0.046009637
4551,2.568231225013733,0.6436764299869537,0.04183969
4552,3.522992730140686,0.6923652291297913,0.037484385
4553,2.6871827244758606,0.6499333381652832,0.04127061
4554,3.0204948782920837,0.6671864092350006,0.039716892
4555,7.729829549789429,0.8556799441576004,0.023094501
4556,4.646864831447601,0.7445930242538452,0.03293493
4557,4.351406693458557,0.7314424216747284,0.03407451
4558,3.2724228501319885,0.6799415349960327,0.03858148
4559,2.897358238697052,0.6608629524707794,0.04028396
4560,3.775690197944641,0.7046202719211578,0.036409568
4561,2.13926300406456,0.6207152605056763,0.043957897
4562,1.4982345700263977,0.5853999257087708,0.047324747
4563,3.9223024249076843,0.7115976810455322,0.03580015
4564,4.505542814731598,0.7383559346199036,0.03347517
4565,4.224978089332581,0.7256836593151093,0.034574118
4566,3.634083867073059,0.6977875232696533,0.037008017
4567,2.4060097336769104,0.635063886642456,0.042628452
4568,4.336785674095154,0.7307715713977814,0.03413192
4569,4.549106955528259,0.7402883768081665,0.0333077
4570,0.6909272819757462,0.5396914184093475,0.051934224
4571,4.215574562549591,0.72525554895401,0.034611564
4572,3.3066534996032715,0.6816534399986267,0.038429733
4573,5.479546785354614,0.7793209105730057,0.029924208
4574,7.622297406196594,0.8525933474302292,0.02338219
4575,3.723945915699005,0.702129065990448,0.036627118
4576,2.2771750390529633,0.628161758184433,0.04326545
4577,3.034186065196991,0.6678827404975891,0.039654344
4578,2.8183984756469727,0.6567787528038025,0.04065183
4579,4.211578369140625,0.725070059299469,0.034627493
4580,3.85212779045105,0.7082676589488983,0.03609056
4581,2.4862931668758392,0.6393372714519501,0.04223625
4582,2.015526294708252,0.6139844655990601,0.044588584
4583,5.591757893562317,0.7837322354316711,0.02954011
4584,4.095365405082703,0.7197031676769257,0.035093907
4585,1.3427551090717316,0.57668536901474,0.048179496
4586,1.8142972886562347,0.6029462516307831,0.045633644
4587,5.955666899681091,0.7975972890853882,0.02832805
4588,4.336114525794983,0.7307479381561279,0.034134556
4589,3.485204577445984,0.6905087828636169,0.037647817
4590,2.2874093055725098,0.6287117004394531,0.0432145
4591,3.5111579298973083,0.6917801797389984,0.037535496
4592,4.3946340680122375,0.7333913147449493,0.03390536
4593,6.626903414726257,0.8214062750339508,0.026221335
4594,3.8373425602912903,0.7075704634189606,0.03615205
4595,6.237446665763855,0.8078687936067581,0.0274238
4596,2.264251410961151,0.6274663209915161,0.043329876
4597,3.784899413585663,0.7050597965717316,0.03637098
4598,2.485926002264023,0.6393197178840637,0.04223803
4599,3.987293839454651,0.7146563231945038,0.035533287
4600,2.2183728218078613,0.6249942183494568,0.043559346
4601,1.9365394115447998,0.6096650660037994,0.04499591
4602,4.291916489601135,0.7287420034408569,0.034308694
4603,6.616363525390625,0.8210504651069641,0.026253175
4604,6.469425559043884,0.8160250633955002,0.026701078
4605,4.950775504112244,0.7576718032360077,0.031802498
4606,5.961664915084839,0.7978196293115616,0.028308494
4607,2.332153022289276,0.6311147511005402,0.04299247
4608,5.2489447593688965,0.7700536251068115,0.030729307
4609,3.5509520769119263,0.6937344968318939,0.037363917
4610,3.641117215156555,0.6981277465820312,0.036978066
4611,1.5041661262512207,0.5857314169406891,0.04729244
4612,3.255244195461273,0.6790812611579895,0.038657863
4613,8.47072958946228,0.8754961639642715,0.021206234
4614,5.672049522399902,0.7868484705686569,0.029268302
4615,3.690919876098633,0.7005380988121033,0.036766645
4616,3.9758309721946716,0.7141164541244507,0.035580207
4617,10.227024555206299,0.9133178144693375,0.017324027
4618,4.510816931724548,0.7385901510715485,0.033454854
4619,5.085521936416626,0.7633229792118073,0.031312946
4620,3.350377380847931,0.6838349401950836,0.03823678
4621,3.6964160203933716,0.7008043825626373,0.03674339
4622,4.746042191982269,0.7489120364189148,0.03256101
4623,2.477751523256302,0.6388839483261108,0.042277806
4624,7.0549821853637695,0.8354083746671677,0.024960363
4625,4.406248331069946,0.7339149117469788,0.033860046
4626,4.14759486913681,0.7221216261386871,0.034883514
4627,3.299289047718048,0.6812876760959625,0.038462326
4628,5.093008875846863,0.7636331170797348,0.031285964
4629,5.729319453239441,0.7890521138906479,0.02907596
4630,6.2675464153289795,0.8089463263750076,0.027328933
4631,8.216009140014648,0.8689613193273544,0.021837331
4632,1.113671064376831,0.5637631118297577,0.0494671
4633,2.0523428916931152,0.6159920394420624,0.044399988
4634,4.2270395159721375,0.7257794141769409,0.03456592
4635,2.742565870285034,0.6528292894363403,0.041008297
4636,2.1599481999874115,0.6218355298042297,0.04385333
4637,3.237282931804657,0.6781786680221558,0.038737882
4638,8.14436674118042,0.8670680224895477,0.022018196
4639,1.8604415655136108,0.6054873466491699,0.045391858
4640,6.251241564750671,0.8083618581295013,0.027380286
4641,3.507629930973053,0.6916106939315796,0.037550747
4642,6.963406205177307,0.8324906975030899,0.025224915
4643,2.0505745708942413,0.6158951818943024,0.044409025
4644,2.474125772714615,0.6386945843696594,0.04229546
4645,7.529343962669373,0.8498849272727966,0.02363376
4646,3.95675390958786,0.7132214605808258,0.035658438
4647,3.2036876678466797,0.6764874458312988,0.038888
4648,3.4874552488327026,0.6906193196773529,0.037638064
4649,6.035842299461365,0.8005619049072266,0.028067771
4650,6.980600953102112,0.8330451399087906,0.02517503
4651,4.556713700294495,0.7406213879585266,0.03327855
4652,3.026665449142456,0.6675036251544952,0.039688695
4653,2.142721861600876,0.6209023296833038,0.043940388
4654,7.241778373718262,0.8412396758794785,0.024429305
4655,2.4440576136112213,0.6370922029018402,0.04244213
4656,2.9441452026367188,0.6632729172706604,0.040067546
4657,4.196825325489044,0.724392294883728,0.03468636
4658,3.5379797220230103,0.693099319934845,0.03741976
4659,2.597168982028961,0.6452032327651978,0.04170053
4660,6.329706311225891,0.8111462742090225,0.027134055
4661,7.24115788936615,0.8412205725908279,0.024431048
4662,7.953898906707764,0.8619332313537598,0.02250635
4663,6.8857139348983765,0.8299808502197266,0.025451552
4664,3.1455931067466736,0.673553079366684,0.039148968
4665,2.8123831748962402,0.6564635336399078,0.04067999
4666,2.753008008003235,0.6533743143081665,0.040959027
4667,3.782382607460022,0.7049368917942047,0.036381524
4668,4.475146234035492,0.7369982600212097,0.03359253
4669,2.2513189911842346,0.6267697811126709,0.043394443
4670,1.9750447571277618,0.6117633283138275,0.044796884
4671,3.410901129245758,0.6868400871753693,0.03797126
4672,3.532741665840149,0.6928431391716003,0.037442338
4673,5.293006896972656,0.7718455642461777,0.030573823
4674,2.665802538394928,0.6488124132156372,0.041372325
4675,4.844358861446381,0.7531474232673645,0.03219453
4676,2.059338539838791,0.616360068321228,0.044364247
4677,9.860919713973999,0.9064077585935593,0.01806983
4678,2.2858814895153046,0.628629744052887,0.04322211
4679,4.049472510814667,0.717566967010498,0.035279825
4680,2.780407667160034,0.6548027098178864,0.040830024
4681,6.680957674980164,0.8232244104146957,0.026058659
4682,3.1225037574768066,0.6723833978176117,0.039253175
4683,6.504337191581726,0.8172298073768616,0.02659397
4684,7.414005398750305,0.8464625328779221,0.023949683
4685,2.261790484189987,0.6273340582847595,0.04334216
4686,1.1388399451971054,0.565183699131012,0.049323972
4687,2.897489368915558,0.660869300365448,0.04028335
4688,1.6289164125919342,0.592694878578186,0.046618063
4689,2.017730325460434,0.6141047477722168,0.044577274
4690,4.479706883430481,0.7372046411037445,0.033574898
4691,4.5921790599823,0.7421910464763641,0.033142947
4692,4.736865758895874,0.7485135793685913,0.03259543
4693,3.2179129123687744,0.6772041320800781,0.038824365
4694,2.0337384939193726,0.6149787306785583,0.044495195
4695,1.541585922241211,0.5878205895423889,0.04708914
4696,2.8767773509025574,0.6598002314567566,0.040379513
4697,1.367725431919098,0.578088253736496,0.04804119
4698,2.107628583908081,0.6189975738525391,0.04411828
4699,3.973170220851898,0.7139939963817596,0.035591107
4700,1.6618213057518005,0.5945115983486176,0.046441793
4701,3.0463391542434692,0.6685080826282501,0.039598897
4702,5.950410962104797,0.7974020540714264,0.0283452
4703,3.61078679561615,0.6966531574726105,0.037107408
4704,4.401976764202118,0.7337226271629333,0.03387671
4705,3.2755595445632935,0.6800988912582397,0.03856755
4706,3.9163562655448914,0.7113139629364014,0.03582467
4707,3.1373846530914307,0.6731376051902771,0.039185986
4708,4.931757152080536,0.7568669617176056,0.03187221
4709,2.3363231122493744,0.6313371360301971,0.04297183
4710,4.346277713775635,0.7312093675136566,0.03409464
4711,8.788896799087524,0.8832639083266258,0.020443495
4712,2.681639790534973,0.649639755487442,0.041296955
4713,4.49391096830368,0.7378378212451935,0.033520035
4714,5.648984909057617,0.7859576940536499,0.029346125
4715,4.818207323551178,0.7520233541727066,0.032291606
4716,4.684396684169769,0.7462329864501953,0.032792926
4717,6.67557954788208,0.8230441808700562,0.026074806
4718,9.361351728439331,0.8961839750409126,0.01913958
4719,6.583957672119141,0.8199505060911179,0.026351307
4720,3.715072274208069,0.70170459151268,0.036664557
4721,7.135596871376038,0.837931826710701,0.024729777
4722,5.648549795150757,0.7859371155500412,0.029347599
4723,3.655884861946106,0.698843777179718,0.036915246
4724,5.496342182159424,0.7799841165542603,0.029866403
4725,6.103241443634033,0.8030271530151367,0.027850818
4726,2.732366621494293,0.6522971987724304,0.041056477
4727,4.097807705402374,0.719817578792572,0.035084043
4728,7.048700451850891,0.8352126628160477,0.024978425
4729,4.336312711238861,0.7307581901550293,0.03413378
4730,5.621399879455566,0.7848864495754242,0.02943947
4731,4.0600913763046265,0.7180617153644562,0.03523672
4732,2.985418438911438,0.6653924286365509,0.039877605
4733,3.0522608757019043,0.6688101291656494,0.03957191
4734,5.683276653289795,0.7872764319181442,0.029230496
4735,3.172036111354828,0.6748901605606079,0.03902997
4736,3.8668760657310486,0.7089687883853912,0.03602933
4737,4.58254873752594,0.7417667508125305,0.033179708
4738,3.767199218273163,0.7042106091976166,0.036445174
4739,7.541812062263489,0.8502505421638489,0.02359986
4740,2.0587173104286194,0.6163401007652283,0.044367418
4741,6.187098026275635,0.806065559387207,0.02758323
4742,4.568823277950287,0.741160660982132,0.033232182
4743,3.4941422939300537,0.6909478306770325,0.037609097
4744,4.738730490207672,0.7485952079296112,0.032588433
4745,2.578238844871521,0.6442046463489532,0.04179151
4746,2.102806717157364,0.6187419593334198,0.04414278
4747,5.442033410072327,0.7778324335813522,0.030053727
4748,4.011304676532745,0.715783953666687,0.03543519
4749,3.336339592933655,0.6831358075141907,0.03829861
4750,7.316516637802124,0.8435245305299759,0.024220008
4751,4.55329030752182,0.740474134683609,0.033291664
4752,3.8099494576454163,0.7062544822692871,0.036266234
4753,4.257070422172546,0.7271527051925659,0.034446612
4754,3.701440989971161,0.701046884059906,0.03672214
4755,4.575293064117432,0.74144646525383,0.033207435
4756,2.6968935132026672,0.650441586971283,0.041224502
4757,4.228841066360474,0.7258612811565399,0.034558747
4758,2.8891003131866455,0.6604368686676025,0.040322267
4759,7.285040020942688,0.8425663411617279,0.024307933
4760,4.917484223842621,0.7562607824802399,0.031924624
4761,6.11885666847229,0.8035953342914581,0.027800795
4762,5.978295207023621,0.7984369546175003,0.028254345
4763,2.813079357147217,0.6564999520778656,0.040676728
4764,1.4401564002037048,0.5821511149406433,0.047642246
4765,4.580614864826202,0.7416600286960602,0.0331871
4766,4.16438102722168,0.7228979468345642,0.03481617
4767,2.032213807106018,0.6148946583271027,0.044503003
4768,1.6942037642002106,0.5963078141212463,0.04626897
4769,3.447783887386322,0.6886623501777649,0.037810355
4770,5.216832756996155,0.768741711974144,0.03084312
4771,4.427722692489624,0.7348780930042267,0.033776443
4772,6.276717782020569,0.8092691749334335,0.027300091
4773,2.0430000126361847,0.6154825985431671,0.044447772
4774,4.451257884502411,0.7359338998794556,0.033685047
4775,1.7715075612068176,0.6005851924419403,0.045859
4776,2.4376314878463745,0.6367498636245728,0.04247354
4777,2.6163938641548157,0.6462160050868988,0.041608334
4778,4.06349390745163,0.7182204723358154,0.035222914
4779,0.7521991431713104,0.5431921482086182,0.051569164
4780,1.9736942648887634,0.6116990447044373,0.044803847
4781,2.6145294308662415,0.6461179256439209,0.041617263
4782,5.35429060459137,0.7743219286203384,0.030358864
4783,2.1335001289844513,0.6204023063182831,0.043987073
4784,4.18232798576355,0.723723828792572,0.0347443
4785,6.100639700889587,0.8029322326183319,0.027859163
4786,2.8149250149726868,0.656587541103363,0.04066809
4787,1.8013174831867218,0.6022307276725769,0.045701887
4788,7.511116862297058,0.8493485450744629,0.023683408
4789,5.225050449371338,0.7690778523683548,0.030813962
4790,5.148047208786011,0.7659139484167099,0.03108835
4791,2.3640987277030945,0.6328245997428894,0.04283464
4792,3.482976257801056,0.6903966665267944,0.037657477
4793,0.7950087636709213,0.5456366240978241,0.051315624
4794,7.920289635658264,0.8610112518072128,0.022593604
4795,2.8986087441444397,0.6609269678592682,0.040278155
4796,3.1889140605926514,0.6757425367832184,0.038954202
4797,3.225763738155365,0.6775977611541748,0.038789287
4798,4.2842137813568115,0.7283914089202881,0.034339137
4799,10.588304996490479,0.9196802824735641,0.01661823
4800,2.163909375667572,0.6220501661300659,0.043833334
4801,3.7763628363609314,0.7046503722667694,0.036406748
4802,4.896023869514465,0.7553487867116928,0.032003604
4803,3.8656777143478394,0.7089119553565979,0.036034305
4804,1.7470914125442505,0.5992361307144165,0.045988094
4805,4.289605617523193,0.7286358773708344,0.034317825
4806,5.200074911117554,0.7680556178092957,0.030902693
4807,1.5715426206588745,0.5894915461540222,0.046927013
4808,5.245862007141113,0.7699265480041504,0.03074022
4809,5.366300344467163,0.7748033851385117,0.030316914
4810,3.949921727180481,0.7128984034061432,0.0356865
4811,3.4819477796554565,0.6903485953807831,0.037661936
4812,3.4101679921150208,0.6868055462837219,0.037974454
4813,4.303758442401886,0.7292808294296265,0.03426195
4814,2.775683104991913,0.6545555591583252,0.040852234
4815,6.517110466957092,0.8176668733358383,0.026554888
4816,5.739759802818298,0.789452463388443,0.029041031
4817,3.1002864241600037,0.6712559163570404,0.03935371
4818,2.866065502166748,0.6592597961425781,0.040429346
4819,5.865488052368164,0.7942245304584503,0.028623687
4820,2.2399085760116577,0.6261553466320038,0.04345148
4821,2.179093062877655,0.6228712797164917,0.043756783
4822,2.3058219254016876,0.6297010779380798,0.043123003
4823,3.567744791507721,0.6945554614067078,0.037291747
4824,4.719535410404205,0.7477623522281647,0.032660533
4825,3.3074477314949036,0.6816923320293427,0.03842622
4826,6.277350187301636,0.8092915117740631,0.027298104
4827,2.421925663948059,0.6359130442142487,0.042550404
4828,2.9677584767341614,0.6644861400127411,0.03995877
4829,4.351780712604523,0.7314549386501312,0.034073044
4830,6.373152136802673,0.8126734495162964,0.026998669
4831,5.892953276634216,0.7952568829059601,0.028533323
4832,5.946438908576965,0.797250285744667,0.028358163
4833,0.08980419486761093,0.5051715672016144,0.05565572
4834,4.150862097740173,0.7222740352153778,0.034870405
4835,4.2884838581085205,0.7285858988761902,0.03432225
4836,5.184894800186157,0.7674317806959152,0.030956741
4837,5.9664201736450195,0.7979932874441147,0.028293002
4838,3.2025113701820374,0.6764208376407623,0.038893268
4839,4.248684048652649,0.7267700433731079,0.034479883
4840,6.256543397903442,0.8085482716560364,0.027363572
4841,9.56546664237976,0.9004766419529915,0.01869505
4842,2.1048760414123535,0.6188488602638245,0.044132266
4843,7.770640254020691,0.8568360060453415,0.022986244
4844,8.06611180305481,0.8649797737598419,0.022217462
4845,4.209527671337128,0.7249740660190582,0.034635674
4846,3.896109461784363,0.7103555202484131,0.035908278
4847,4.146704077720642,0.7220836579799652,0.034887098
4848,4.289364218711853,0.728626161813736,0.034318775
4849,2.108592391014099,0.6190505623817444,0.044113383
4850,9.240275621414185,0.893561527132988,0.019408245
4851,5.287032127380371,0.7716009169816971,0.03059486
4852,2.305092066526413,0.6296620666980743,0.04312662
4853,3.9048919081687927,0.7107707262039185,0.035871986
4854,2.8524193167686462,0.658539742231369,0.040492915
4855,4.3906161189079285,0.7332096993923187,0.033921044
4856,5.220273733139038,0.7688823640346527,0.030830912
4857,6.536140441894531,0.8183192908763885,0.026496774
4858,2.9496631026268005,0.663556843996048,0.0400421
4859,3.988600969314575,0.7147165536880493,0.03552793
4860,4.399709701538086,0.7336207032203674,0.03388555
4861,5.308204293251038,0.7724625021219254,0.03052037
4862,2.302107661962509,0.6295016705989838,0.04314144
4863,3.792303502559662,0.7054131925106049,0.03633999
4864,4.431784152984619,0.7350602447986603,0.03376065
4865,4.587740898132324,0.741994708776474,0.03315988
4866,5.41150689125061,0.7766134291887283,0.030159535
4867,6.773480176925659,0.8263035714626312,0.025782559
4868,4.484816789627075,0.7374300956726074,0.033555146
4869,2.5335705280303955,0.641845315694809,0.042006984
4870,3.9272764325141907,0.7118298709392548,0.03577966
4871,4.570448994636536,0.7412326633930206,0.033225965
4872,2.6925989985466003,0.650216817855835,0.04124488
4873,4.102553725242615,0.720037192106247,0.03506488
4874,5.983189940452576,0.7986178994178772,0.028238429
4875,1.8408578634262085,0.6044096946716309,0.04549431
4876,5.020166039466858,0.760593369603157,0.031549443
4877,7.159477472305298,0.8386935740709305,0.02466188
4878,2.5227823853492737,0.6412725150585175,0.042059194
4879,3.230378031730652,0.6778306663036346,0.03876869
4880,2.091994285583496,0.618149071931839,0.044197764
4881,3.169131577014923,0.6747438311576843,0.03904302
4882,4.504103362560272,0.7382912933826447,0.033480726
4883,5.518437027931213,0.7808551043272018,0.029790524
4884,2.3285619914531708,0.6309213042259216,0.043010242
4885,2.4414506554603577,0.6369535624980927,0.042454865
4886,4.756260812282562,0.7493536472320557,0.03252273
4887,1.5935102105140686,0.5907143652439117,0.046808477
4888,3.2373985648155212,0.6781841218471527,0.038737364
4889,1.6153119504451752,0.59192755818367,0.04669113
4890,1.8888592720031738,0.6070493757724762,0.045243587
4891,3.7704265117645264,0.7043655812740326,0.036431633
4892,4.5265209674835205,0.7392870783805847,0.033394422
4893,3.3172744512557983,0.682183563709259,0.03838277
4894,3.7936925888061523,0.7054786682128906,0.03633419
4895,2.8528398275375366,0.6585637331008911,0.04049095
4896,7.421586513519287,0.8466900885105133,0.023928784
4897,6.034775376319885,0.8005213737487793,0.02807122
4898,2.4273470044136047,0.636201947927475,0.042523857
4899,0.17348866909742355,0.5099856555461884,0.055122074
4900,2.885470390319824,0.6602478921413422,0.040339127
4901,2.340056002140045,0.6315371990203857,0.04295337
4902,4.06347393989563,0.7182170152664185,0.035222996
4903,0.7029328495264053,0.5403757393360138,0.051862493
4904,2.028440982103348,0.6146896481513977,0.044522334
4905,3.797350525856018,0.7056532800197601,0.036318883
4906,6.945010423660278,0.8318994343280792,0.025278393
4907,0.8506326377391815,0.5488099157810211,0.050988045
4908,3.1876084208488464,0.675674557685852,0.038960062
4909,4.763942658901215,0.7496996521949768,0.03249398
4910,3.4531787037849426,0.6889295876026154,0.037786886
4911,2.211725115776062,0.6246350705623627,0.0435927
4912,6.195126175880432,0.8063512742519379,0.027557747
4913,4.755945205688477,0.7493399679660797,0.032523908
4914,9.710334539413452,0.9034263044595718,0.01838583
4915,2.2324614226818085,0.6257604360580444,0.043488745
4916,1.9229252636432648,0.6089188754558563,0.04506649
4917,3.5701537132263184,0.6946689188480377,0.03728141
4918,3.0493876338005066,0.668663740158081,0.039585
4919,2.7969083189964294,0.655659407377243,0.04075253
4920,3.4656143188476562,0.6895461976528168,0.03773283
4921,4.232461154460907,0.7260282933712006,0.034544345
4922,6.667066216468811,0.8227627575397491,0.026100373
4923,2.982843518257141,0.6652606129646301,0.039889425
4924,5.513849854469299,0.7806761562824249,0.029806264
4925,2.018323689699173,0.6141371130943298,0.044574227
4926,9.721282124519348,0.9036451429128647,0.018362673
4927,3.522043526172638,0.692318469285965,0.037488487
4928,2.4102209508419037,0.6352885067462921,0.042607788
4929,2.1732716262340546,0.6225567162036896,0.043786123
4930,3.725856840610504,0.7022232413291931,0.03661906
4931,1.8381723761558533,0.6042618155479431,0.045508385
4932,8.448292016983032,0.8749337792396545,0.021261087
4933,6.514899134635925,0.8175893574953079,0.026561651
4934,4.7690147161483765,0.7499057948589325,0.032475002
4935,5.05244255065918,0.7619440108537674,0.03143243
4936,4.468100368976593,0.736685574054718,0.03361979
4937,2.892460823059082,0.6606097519397736,0.040306672
4938,3.8111478090286255,0.7063139975070953,0.03626124
4939,3.376545011997223,0.6851366758346558,0.03812174
4940,4.972008764743805,0.7585636377334595,0.03172485
4941,4.443290829658508,0.735576868057251,0.033715956
4942,4.295631945133209,0.7289111316204071,0.03429402
4943,2.2928032279014587,0.6290022134780884,0.043187678
4944,3.34794282913208,0.6837138533592224,0.038247492
4945,4.025603532791138,0.7164436876773834,0.035376906
4946,2.2180429100990295,0.6249758303165436,0.043561004
4947,3.024170398712158,0.6673760116100311,0.03970009
4948,4.135192334651947,0.7215534150600433,0.03493336
4949,4.445863664150238,0.7356931269168854,0.03370597
4950,2.329629808664322,0.6309791803359985,0.043004964
4951,2.3995663225650787,0.6347180604934692,0.042660084
4952,1.9010992348194122,0.607721358537674,0.045179877
4953,4.2296746373176575,0.7258996665477753,0.034555428
4954,3.740203380584717,0.7029139995574951,0.03655862
4955,6.566452980041504,0.8193547278642654,0.026404465
4956,2.1901829540729523,0.6234712600708008,0.04370095
4957,8.326831459999084,0.8718400448560715,0.02156048
4958,5.69994330406189,0.787924513220787,0.029174464
4959,3.470974862575531,0.6898081004619598,0.03770954
4960,5.353996157646179,0.7743086814880371,0.030359892
4961,4.410695731639862,0.7341146767139435,0.033842716
4962,5.042697787284851,0.7615366280078888,0.03146771
4963,3.1884554028511047,0.6757179498672485,0.038956262
4964,6.279250979423523,0.8093597143888474,0.027292129
4965,5.80350399017334,0.791880875825882,0.028828684
4966,4.39238578081131,0.733288586139679,0.033914134
4967,2.619217038154602,0.6463645100593567,0.04159481
4968,3.971104621887207,0.7138944268226624,0.03559957
4969,4.070058465003967,0.7185260057449341,0.03519631
4970,3.0200043320655823,0.6671383380889893,0.039719135
4971,7.4787437915802,0.8483892977237701,0.023771843
4972,3.902616500854492,0.7106635272502899,0.035881385
4973,8.509994745254517,0.8764782547950745,0.021110587
4974,3.8780444860458374,0.7094942927360535,0.035983033
4975,7.132128477096558,0.8378383368253708,0.024739653
4976,3.8264819979667664,0.7070460915565491,0.03619728
4977,3.4093010425567627,0.6867613792419434,0.03797825
4978,3.935001790523529,0.7121939957141876,0.035747852
4979,2.8613582253456116,0.6590023636817932,0.040451266
4980,2.3469094932079315,0.6319043636322021,0.04291949
4981,7.12942898273468,0.8377542346715927,0.024747342
4982,5.203874707221985,0.7681831419467926,0.030889174
4983,2.199050784111023,0.6239504516124725,0.043656353
4984,3.557574450969696,0.6940596997737885,0.03733544
4985,3.9398792386054993,0.7124256789684296,0.03572778
4986,1.4057336747646332,0.5802212953567505,0.047831427
4987,4.891836047172546,0.7551700621843338,0.03201903
4988,2.832534909248352,0.6575092971324921,0.040585723
4989,5.516123175621033,0.780766174197197,0.029798463
4990,3.0913934111595154,0.6708025634288788,0.039394025
4991,5.748845338821411,0.7897994965314865,0.02901067
4992,4.941788017749786,0.757291778922081,0.031835422
4993,4.028606116771698,0.7165922820568085,0.03536468
4994,6.299244165420532,0.8100683838129044,0.02722938
4995,2.2452904284000397,0.6264455616474152,0.04342457
4996,3.141332268714905,0.6733369827270508,0.03916818
4997,1.6281504929065704,0.5926291942596436,0.046622172
4998,3.6249101161956787,0.6973406672477722,0.03704713
4999,3.4986281394958496,0.691167414188385,0.037589677
5000,2.2801008820533752,0.62831911444664,0.04325088
5001,5.041239857673645,0.7614761292934418,0.031472992
5002,3.8484007120132446,0.7080951631069183,0.03610605
5003,7.029913663864136,0.8346155881881714,0.025032507
5004,6.160301566123962,0.8050977289676666,0.027668457
5005,0.530925989151001,0.5305256247520447,0.05289976
5006,6.102243065834045,0.8029905408620834,0.027854018
5007,4.892096817493439,0.7551825940608978,0.032018073
5008,5.036225914955139,0.7612658143043518,0.031491168
5009,2.4376581609249115,0.636750340461731,0.04247341
5010,3.1277436017990112,0.6726487576961517,0.039229505
5011,3.9400196075439453,0.7124254405498505,0.035727203
5012,2.4942468106746674,0.6397604942321777,0.042197593
5013,0.32601118087768555,0.5187571942806244,0.0541626
5014,4.888224303722382,0.7550172358751297,0.032032352
5015,2.7219372987747192,0.6517504453659058,0.04110581
5016,7.809250354766846,0.8579232841730118,0.02288429
5017,4.90889310836792,0.7558973133563995,0.03195622
5018,3.988178074359894,0.7146988809108734,0.035529662
5019,3.601756989955902,0.6962076127529144,0.03714601
5020,6.145257949829102,0.8045532256364822,0.027716419
5021,1.4878654479980469,0.5848204791545868,0.047381274
5022,4.686907529830933,0.746342271566391,0.032783452
5023,1.9449250400066376,0.6101244986057281,0.044952493
5024,7.747180461883545,0.8561830669641495,0.023048414
5025,7.538213133811951,0.8501448929309845,0.02360964
5026,10.548124313354492,0.9189966693520546,0.016695281
5027,3.8655003905296326,0.7089034020900726,0.03603504
5028,3.6560219526290894,0.698850005865097,0.03691466
5029,5.15009343624115,0.7659956961870193,0.031081026
5030,1.2685558199882507,0.5725089907646179,0.04859284
5031,4.424004852771759,0.7347124218940735,0.0337909
5032,3.865460753440857,0.7089014053344727,0.0360352
5033,3.192436099052429,0.6759202480316162,0.03893841
5034,6.402825713157654,0.8137105852365494,0.026906595
5035,3.111523985862732,0.6718251407146454,0.039302833
5036,2.879706919193268,0.6599507033824921,0.0403659
5037,3.21524441242218,0.6770690083503723,0.038836297
5038,6.474263668060303,0.8161726742982864,0.02668621
5039,2.8355050086975098,0.6576630175113678,0.040571846
5040,2.1234582364559174,0.6198584139347076,0.044037946
5041,4.534675776958466,0.7396416664123535,0.033363085
5042,2.494580000638962,0.6397776305675507,0.042195972
5043,2.904684841632843,0.6612407565116882,0.04024999
5044,4.6174174547195435,0.7433017492294312,0.033046782
5045,1.3259045779705048,0.5757380425930023,0.04827306
5046,3.412379026412964,0.6869130730628967,0.037964795
5047,3.0270254611968994,0.6675211489200592,0.03968704
5048,3.8309893012046814,0.7072605490684509,0.0361785
5049,2.924744188785553,0.6622741520404816,0.040157147
5050,3.983461856842041,0.714476078748703,0.03554896
5051,1.9045111536979675,0.6079086661338806,0.045162134
5052,2.801923155784607,0.6559197008609772,0.040729012
5053,3.9048969745635986,0.7107715010643005,0.03587196
5054,5.761185884475708,0.7902713418006897,0.028969483
5055,4.712333679199219,0.7474492788314819,0.032687623
5056,6.9992756843566895,0.8336392045021057,0.025120959
5057,3.001982867717743,0.6662409603595734,0.039801627
5058,2.3405009508132935,0.6315608322620392,0.04295117
5059,9.989703893661499,0.9088943377137184,0.017803887
5060,6.936082243919373,0.8316113650798798,0.025304392
5061,5.27167022228241,0.7709786295890808,0.030649018
5062,3.7940171360969543,0.7054952681064606,0.036332827
5063,3.4230512380599976,0.6874417960643768,0.037918184
5064,7.351781129837036,0.8445912301540375,0.024121867
5065,2.1051521599292755,0.6188627481460571,0.04413086
5066,7.825074195861816,0.8583651334047318,0.022842638
5067,4.785812795162201,0.7506274729967117,0.032412264
5068,2.0762206614017487,0.6172913610935211,0.044278096
5069,3.230755925178528,0.6778501272201538,0.038767003
5070,1.8192118406295776,0.6032173335552216,0.045607828
5071,1.8199259042739868,0.6032597720623016,0.045604084
5072,5.063266754150391,0.7623958140611649,0.031393282
5073,2.415631413459778,0.6355888247489929,0.04258125
5074,3.166041374206543,0.6745861172676086,0.039056916
5075,2.469131201505661,0.6384257078170776,0.042319786
5076,4.509322345256805,0.7385234832763672,0.033460613
5077,7.465490102767944,0.84799924492836,0.023808146
5078,4.088517725467682,0.7193856239318848,0.035121582
5079,2.520112097263336,0.6411312818527222,0.042072117
5080,1.3590066134929657,0.577598512172699,0.04808943
5081,8.148613572120667,0.8671840876340866,0.022007428
5082,3.07448148727417,0.6699435412883759,0.0394708
5083,3.847508132457733,0.7080464065074921,0.03610976
5084,4.275233745574951,0.7279824912548065,0.034374654
5085,3.6883381009101868,0.7004140019416809,0.03677758
5086,3.198363184928894,0.6762198209762573,0.038911846
5087,3.3280935883522034,0.6827212572097778,0.038334984
5088,3.066514730453491,0.6695303618907928,0.039507024
5089,1.7633560299873352,0.6001348793506622,0.04590207
5090,4.304000735282898,0.7292917966842651,0.034261
5091,2.818715274333954,0.656792551279068,0.040650345
5092,6.965643763542175,0.8325624614953995,0.025218418
5093,5.261613726615906,0.7705696225166321,0.03068452
5094,5.082509517669678,0.7631975263357162,0.03132381
5095,6.271069645881653,0.8090676963329315,0.027317852
5096,1.9847668707370758,0.6123045384883881,0.044746768
5097,2.1765632927417755,0.6227359473705292,0.04376953
5098,4.728922545909882,0.7481697499752045,0.03262525
5099,3.0714640021324158,0.66978919506073,0.039484512
5100,2.9618248343467712,0.6641817092895508,0.039986074
5101,2.57874459028244,0.6442314088344574,0.04178908
5102,3.5040631890296936,0.6914347112178802,0.037566163
5103,3.132322132587433,0.6728828847408295,0.03920883
5104,3.7033146619796753,0.7011381685733795,0.03671422
5105,2.968723475933075,0.6645355820655823,0.039954334
5106,4.829531311988831,0.7525094598531723,0.032249533
5107,4.9558863043785095,0.7578877210617065,0.03178379
5108,3.951418399810791,0.7129693627357483,0.035680346
5109,3.772512972354889,0.7044651508331299,0.036422886
5110,4.841848313808441,0.7530385106801987,0.03220383
5111,4.524855017662048,0.7392144501209259,0.03340083
5112,6.032817959785461,0.8004497587680817,0.028077543
5113,4.748811423778534,0.7490301132202148,0.032550633
5114,3.025045096874237,0.6674220561981201,0.039696094
5115,4.225261211395264,0.7256976366043091,0.03457299
5116,3.824547827243805,0.7069517374038696,0.036205336
5117,4.024038016796112,0.7163650393486023,0.035383284
5118,4.539121389389038,0.7398465871810913,0.033346012
5119,4.755573272705078,0.7493242919445038,0.032525297
5120,5.664842128753662,0.7865713536739349,0.0292926
5121,2.160400003194809,0.6218599379062653,0.043851048
5122,5.230013132095337,0.7692813128232956,0.030796353
5123,3.59167218208313,0.6957229375839233,0.037189163
5124,1.759341061115265,0.5999131500720978,0.045923285
5125,1.9658739864826202,0.6112713515758514,0.044844206
5126,2.004483938217163,0.6133815944194794,0.04464531
5127,2.4539747834205627,0.6376200914382935,0.042393696
5128,3.332352042198181,0.6829397976398468,0.038316194
5129,2.229982167482376,0.6256201565265656,0.043501165
5130,4.673432111740112,0.7457548975944519,0.032834347
5131,3.900444507598877,0.7105533480644226,0.03589036
5132,2.4195367097854614,0.6357856094837189,0.042562116
5133,4.072185754776001,0.7186254858970642,0.035187684
5134,7.2771912813186646,0.8423257619142532,0.024329906
5135,3.508094847202301,0.6916338801383972,0.037548732
5136,5.945307612419128,0.7972119450569153,0.028361859
5137,2.0639044046401978,0.6166208982467651,0.044340927
5138,7.518649697303772,0.8495728969573975,0.023662878
5139,2.5489717721939087,0.6426588594913483,0.041932564
5140,2.725643217563629,0.6519455313682556,0.041088272
5141,4.854772984981537,0.7535916417837143,0.03215595
5142,6.26595139503479,0.8088862299919128,0.02733396
5143,4.088783264160156,0.7193979620933533,0.035120517
5144,3.271014392375946,0.6798710227012634,0.038587734
5145,4.405644536018372,0.7338887751102448,0.0338624
5146,2.9228803515434265,0.6621769070625305,0.04016576
5147,1.4728039503097534,0.5839782655239105,0.04746352
5148,2.619629204273224,0.6463861465454102,0.04159284
5149,5.116055011749268,0.7645885646343231,0.031203061
5150,2.0346154272556305,0.6150259077548981,0.044490702
5151,2.0867429673671722,0.617863655090332,0.044224497
5152,3.5367196798324585,0.6930337250232697,0.03742519
5153,3.4559160470962524,0.6890655159950256,0.037774976
5154,0.4446430876851082,0.5255749225616455,0.053427868
5155,2.9963016510009766,0.6659500598907471,0.039827667
5156,3.3629655838012695,0.684461236000061,0.038181398
5157,6.149601936340332,0.8047103881835938,0.02770256
5158,4.4967567920684814,0.737964391708374,0.033509057
5159,3.8536235690116882,0.7083388864994049,0.03608434
5160,5.422062277793884,0.7770367860794067,0.030122906
5161,3.2810071110725403,0.6803715229034424,0.038543366
5162,7.606253027915955,0.8521296381950378,0.023425419
5163,3.851921856403351,0.7082553505897522,0.036091417
5164,2.369164824485779,0.6330956220626831,0.04280966
5165,4.078739285469055,0.7189309298992157,0.03516114
5166,4.848286509513855,0.7533126920461655,0.032179974
5167,0.6681131571531296,0.5383843183517456,0.05207082
5168,1.5129594504833221,0.5862227976322174,0.04724458
5169,4.665745496749878,0.7454197406768799,0.03286342
5170,2.7041229605674744,0.65081986784935,0.041190196
5171,5.090009570121765,0.7635099142789841,0.03129677
5172,1.9079293310642242,0.6080962419509888,0.045144368
5173,5.922763347625732,0.7963713705539703,0.028435564
5174,4.518180191516876,0.7389174401760101,0.033426505
5175,4.501974880695343,0.7381871044635773,0.03348893
5176,3.5776907205581665,0.6950417757034302,0.037249073
5177,1.5851610898971558,0.5902493000030518,0.04685349
5178,3.4138748049736023,0.6869863271713257,0.037958264
5179,3.5657840967178345,0.6944573223590851,0.037300173
5180,4.22980010509491,0.7259059250354767,0.03455493
5181,4.051079452037811,0.7176419198513031,0.0352733
5182,2.643579840660095,0.6476456522941589,0.04147831
5183,0.8275962620973587,0.5474965274333954,0.051123455
5184,4.491347968578339,0.737723708152771,0.033529926
5185,7.284808158874512,0.8425588309764862,0.024308583
5186,3.134206533432007,0.6729764342308044,0.03920033
5187,2.4157942831516266,0.6355861127376556,0.04258046
5188,2.8997236490249634,0.6609845757484436,0.040272992
5189,2.791033387184143,0.6553562581539154,0.040780105
5190,4.475639462471008,0.7370233237743378,0.03359062
5191,3.179876208305359,0.6752852499485016,0.038994756
5192,4.745577275753021,0.7488919496536255,0.032562755
5193,2.9768648743629456,0.6649535298347473,0.03991689
5194,5.733622312545776,0.7892175614833832,0.029061558
5195,6.753025054931641,0.8256261199712753,0.025843346
5196,5.866660475730896,0.7942658960819244,0.028619831
5197,6.450830101966858,0.8153805732727051,0.0267583
5198,4.197914898395538,0.7244423925876617,0.03468201
5199,4.13992315530777,0.7217684686183929,0.034914345
5200,4.158542454242706,0.7226277589797974,0.034839578
5201,7.29603111743927,0.8429012447595596,0.024277193
5202,4.251617193222046,0.7268777191638947,0.034468245
5203,4.4886234402656555,0.7376023530960083,0.033540443
5204,2.633277475833893,0.6471041142940521,0.041527532
5205,2.3952852189540863,0.6344919502735138,0.04268112
5206,4.387858211994171,0.7330860495567322,0.033931818
5207,2.027178257703781,0.6146201491355896,0.044528812
5208,4.680849313735962,0.7460784018039703,0.032806322
5209,7.036096453666687,0.8348118513822556,0.025014695
5210,2.540677785873413,0.6422210037708282,0.041972626
5211,3.5604745149612427,0.6942034959793091,0.03732298
5212,0.8631328493356705,0.5495229959487915,0.050914727
5213,5.783339738845825,0.7911160737276077,0.028895687
5214,5.993136167526245,0.798981562256813,0.028206112
5215,2.6842477917671204,0.6497811377048492,0.04128456
5216,3.827286958694458,0.7070853412151337,0.036193922
5217,4.558911323547363,0.7407254278659821,0.03327012
5218,6.105279922485352,0.8031013607978821,0.027844286
5219,3.0787241458892822,0.6701587438583374,0.039451532
5220,4.5392608642578125,0.7398528158664703,0.03334548
5221,5.808547139167786,0.7920713722705841,0.028811952
5222,2.99545556306839,0.6659062206745148,0.039831553
5223,4.650755822658539,0.744763046503067,0.03292018
5224,4.447657465934753,0.7357723712921143,0.03369901
5225,6.026262640953064,0.8001997917890549,0.028098743
5226,2.273252159357071,0.6279506683349609,0.043285
5227,4.054127037525177,0.7177839875221252,0.035260923
5228,2.996356785297394,0.6659528911113739,0.03982742
5229,3.1671828031539917,0.674645185470581,0.039051782
5230,6.810295581817627,0.8275190442800522,0.02567351
5231,1.9659771025180817,0.6112765371799469,0.044843666
5232,5.50844669342041,0.7804615348577499,0.029824808
5233,1.4746056497097015,0.5840790569782257,0.047453668
5234,4.0788257122039795,0.7189339399337769,0.0351608
5235,3.882099688053131,0.7096881568431854,0.03596624
5236,7.037314772605896,0.83485047519207,0.025011187
5237,3.195028305053711,0.6760511696338654,0.03892678
5238,1.8920142948627472,0.6072224676609039,0.045227163
5239,2.8320887684822083,0.6574862003326416,0.040587805
5240,3.314986526966095,0.6820723414421082,0.038392883
5241,3.79334956407547,0.7054632604122162,0.036335617
5242,4.579955637454987,0.7416538000106812,0.033189617
5243,4.405270516872406,0.7338709235191345,0.033863865
5244,5.149507522583008,0.7659685611724854,0.031083124
5245,3.624657094478607,0.6973266303539276,0.03704821
5246,7.044575214385986,0.8350806534290314,0.024990289
5247,3.596716523170471,0.695966899394989,0.037167575
5248,1.371128410100937,0.5782792866230011,0.04802237
5249,5.478540658950806,0.7792805135250092,0.029927675
5250,2.5398653745651245,0.6421767771244049,0.041976552
5251,7.0896196365356445,0.8365040868520737,0.024861027
5252,3.4786424040794373,0.6901860237121582,0.03767627
5253,6.9280701875686646,0.8313526064157486,0.025327746
5254,4.431177377700806,0.7350329160690308,0.03376301
5255,3.8614922761917114,0.7087123394012451,0.03605166
5256,4.51050192117691,0.7385762333869934,0.03345607
5257,1.3210280239582062,0.5754633545875549,0.04830017
5258,4.243259131908417,0.7265218198299408,0.034501426
5259,4.0020424127578735,0.7153484523296356,0.035473
5260,8.296268582344055,0.8710506707429886,0.021636477
5261,2.9939231276512146,0.6658279597759247,0.039838586
5262,2.9482296109199524,0.6634832918643951,0.040048715
5263,3.9143794775009155,0.7112206518650055,0.035832822
5264,3.626684844493866,0.6974267363548279,0.03703956
5265,4.890316128730774,0.7551080286502838,0.032024637
5266,2.567809224128723,0.6436542868614197,0.04184172
5267,4.220519959926605,0.7254780530929565,0.034591865
5268,10.44983983039856,0.9172951057553291,0.016885271
5269,4.084529876708984,0.7192001044750214,0.035137717
5270,2.8325098752975464,0.6575082540512085,0.040585842
5271,4.520042836666107,0.7390002012252808,0.033419345
5272,4.834994673728943,0.7527434080839157,0.032229256
5273,7.129214406013489,0.837747186422348,0.024747953
5274,3.4808361530303955,0.6902936398983002,0.037666753
5275,3.6910292506217957,0.7005473077297211,0.036766183
5276,2.409629225730896,0.6352573335170746,0.04261069
5277,4.724928140640259,0.7479978203773499,0.032640256
5278,5.18712043762207,0.7675232291221619,0.03094881
5279,4.738383591175079,0.7485808730125427,0.032589737
5280,2.3500823974609375,0.632075160741806,0.04290381
5281,3.480425477027893,0.6902733147144318,0.03766853
5282,7.9039084911346436,0.8605592250823975,0.022636257
5283,2.205205410718918,0.6242825090885162,0.043625437
5284,2.6339399814605713,0.6471391320228577,0.04152436
5285,2.7913370728492737,0.6553699970245361,0.040778678
5286,3.181917369365692,0.6753901541233063,0.038985595
5287,2.196323424577713,0.6238032281398773,0.043670055
5288,4.816940724849701,0.7519633620977402,0.032296315
5289,4.269444942474365,0.7277181148529053,0.03439757
5290,1.8945497274398804,0.607361912727356,0.045213953
5291,2.6216432452201843,0.6464917361736298,0.041583195
5292,2.752576172351837,0.6533514857292175,0.040961064
5293,3.0726218223571777,0.6698477864265442,0.03947926
5294,5.049090385437012,0.7618049085140228,0.031444557
5295,5.443293452262878,0.7778816223144531,0.030049367
5296,2.549772560596466,0.6426990926265717,0.041928697
5297,6.126152276992798,0.803860679268837,0.027777454
5298,3.409568667411804,0.6867745220661163,0.037977085
5299,3.6824890971183777,0.7001312971115112,0.036802355
5300,4.9398574233055115,0.757210299372673,0.0318425
5301,4.98268723487854,0.7590190321207047,0.03168587
5302,3.7862029671669006,0.7051196992397308,0.036365524
5303,6.9199782609939575,0.8310918062925339,0.02535135
5304,6.847462058067322,0.8287343829870224,0.025563892
5305,7.181922197341919,0.8393897712230682,0.024598233
5306,2.321983277797699,0.6305684447288513,0.043042835
5307,3.8918372988700867,0.7101533114910126,0.035925936
5308,7.811717391014099,0.8579924553632736,0.022877794
5309,4.4211554527282715,0.7345835864543915,0.03380199
5310,5.8516925573349,0.7937045693397522,0.028669188
5311,7.56883978843689,0.8510382920503616,0.023526538
5312,2.016064077615738,0.6140131056308746,0.044585828
5313,3.1210368871688843,0.6723090708255768,0.03925981
5314,2.0049238204956055,0.6134056746959686,0.044643044
5315,7.135459780693054,0.8379427343606949,0.024730166
5316,3.937312364578247,0.7123040556907654,0.03573834
5317,11.086466312408447,0.9277588874101639,0.015691943
5318,2.71921843290329,0.6516113877296448,0.041118674
5319,4.245988726615906,0.7266464829444885,0.03449059
5320,4.376756846904755,0.7325864434242249,0.03397521
5321,2.606101930141449,0.6456722915172577,0.041657664
5322,2.3770304024219513,0.633516252040863,0.042770907
5323,2.7895694971084595,0.655278205871582,0.04078698
5324,2.5670835375785828,0.6436165869235992,0.041845214
5325,6.732380390167236,0.8249406069517136,0.025904845
5326,2.893366813659668,0.6606579124927521,0.04030247
5327,4.785965979099274,0.750636488199234,0.03241169
5328,3.4687981009483337,0.689699113368988,0.03771899
5329,7.294480204582214,0.8428542464971542,0.024281528
5330,7.176605463027954,0.8392297029495239,0.024613293
5331,2.053687572479248,0.6160651743412018,0.044393115
5332,4.488241076469421,0.7375855445861816,0.033541925
5333,9.997735023498535,0.909046545624733,0.01778743
5334,2.180006504058838,0.6229214370250702,0.04375218
5335,2.081778049468994,0.617587685585022,0.044249777
5336,5.020129084587097,0.7605897486209869,0.031549577
5337,4.79109913110733,0.7508575618267059,0.032392543
5338,2.886589765548706,0.6603066921234131,0.040333923
5339,4.226873815059662,0.7257694602012634,0.03456657
5340,2.644619941711426,0.6476981937885284,0.041473337
5341,3.17636638879776,0.6751115918159485,0.039010517
5342,3.111167848110199,0.6718076765537262,0.039304443
5343,4.7621288895606995,0.7496075630187988,0.032500762
5344,4.103698432445526,0.7200904488563538,0.03506026
5345,2.7790459990501404,0.6547304689884186,0.040836424
5346,3.3652549982070923,0.6845758259296417,0.038171325
5347,4.220884144306183,0.7254967987537384,0.03459042
5348,3.8994809985160828,0.7105154395103455,0.03589434
5349,2.8328722715377808,0.6575270593166351,0.040584147
5350,1.9886735081672668,0.6125180423259735,0.044726644
5351,1.8563641607761383,0.6052631437778473,0.04541317
5352,6.117987036705017,0.8035636842250824,0.027803577
5353,3.6644020676612854,0.6992566585540771,0.036879063
5354,3.866031765937805,0.7089287042617798,0.036032833
5355,4.13783997297287,0.7216724157333374,0.03492271
5356,4.231250286102295,0.7259721159934998,0.03454916
5357,6.270284652709961,0.8090403079986572,0.027320322
5358,5.768129825592041,0.7905367314815521,0.02894633
5359,3.5634061694145203,0.6943385004997253,0.037310384
5360,3.1777384877204895,0.6751746237277985,0.039004352
5361,6.567516922950745,0.8193913549184799,0.026401231
5362,3.113483488559723,0.671925276517868,0.03929396
5363,2.8208059072494507,0.6569009721279144,0.04064056
5364,4.032164216041565,0.716758668422699,0.035350196
5365,4.487403333187103,0.7375362515449524,0.033545163
5366,4.528303742408752,0.739366352558136,0.033387575
5367,3.925546407699585,0.7117485105991364,0.03578679
5368,6.615447998046875,0.8210185915231705,0.02625594
5369,3.280099332332611,0.680325984954834,0.038547397
5370,7.613650560379028,0.8523474484682083,0.02340548
5371,3.8893675804138184,0.7100362479686737,0.035936154
5372,2.9838359355926514,0.6653105914592743,0.039884873
5373,5.020150542259216,0.7605920135974884,0.0315495
5374,6.2984538078308105,0.8100398033857346,0.027231863
5375,3.300090730190277,0.6813260614871979,0.03845878
5376,2.2949661314487457,0.629118412733078,0.043176923
5377,3.031245172023773,0.6677370667457581,0.039667767
5378,3.7992462515830994,0.7057460844516754,0.03631096
5379,6.293665766716003,0.8098704963922501,0.02724688
5380,4.235207736492157,0.7261526584625244,0.034533426
5381,3.104015588760376,0.6714442372322083,0.03933682
5382,11.458770036697388,0.9332975372672081,0.015033549
5383,2.6241424679756165,0.6466241180896759,0.04157123
5384,2.8902781009674072,0.6604975163936615,0.0403168
5385,3.07024747133255,0.6697272956371307,0.039490044
5386,4.108205735683441,0.7202998399734497,0.03504207
5387,4.0414318442344666,0.7171916961669922,0.035312492
5388,1.7292104661464691,0.598246842622757,0.046082865
5389,4.046942591667175,0.7174458801746368,0.0352901
5390,3.0876776576042175,0.6706138849258423,0.03941088
5391,5.06575882434845,0.7624994814395905,0.03138427
5392,4.776695668697357,0.750236302614212,0.03244631
5393,4.376246631145477,0.7325634658336639,0.03397721
5394,1.934073269367218,0.6095297634601593,0.04500869
5395,3.9037293195724487,0.7107164859771729,0.03587679
5396,4.136047661304474,0.721589595079422,0.034929924
5397,4.424577057361603,0.7347381114959717,0.033788674
5398,7.813233733177185,0.8580365031957626,0.0228738
5399,7.334923148155212,0.844083234667778,0.02416873
5400,5.180978775024414,0.7672711610794067,0.030970706
5401,1.4935959875583649,0.5851409435272217,0.04735003
5402,5.411531925201416,0.7766159027814865,0.030159447
5403,3.6511999368667603,0.6986180245876312,0.03693516
5404,7.016925811767578,0.8342030793428421,0.025069967
5405,2.681364119052887,0.6496284902095795,0.041298267
5406,7.152435779571533,0.83847276866436,0.024681881
5407,3.1280797719955444,0.6726665198802948,0.03922799
5408,2.2910726070404053,0.6289106607437134,0.04319628
5409,1.3503541052341461,0.5771124064922333,0.048137367
5410,2.263835221529007,0.6274440884590149,0.04333195
5411,3.03588330745697,0.6679743826389313,0.03964659
5412,2.95769065618515,0.6639692187309265,0.040005114
5413,4.535346031188965,0.7396713197231293,0.03336051
5414,3.7236186861991882,0.7021140456199646,0.0366285
5415,5.629145503044128,0.7851879000663757,0.029413233
5416,4.0282949805259705,0.7165755927562714,0.035365947
5417,0.4420962929725647,0.5254270434379578,0.05344354
5418,2.7744731307029724,0.6544937193393707,0.040857926
5419,10.615905523300171,0.9201504662632942,0.016565507
5420,5.939146280288696,0.7969834357500076,0.028381985
5421,5.0904494524002075,0.7635263800621033,0.031295188
5422,3.004785180091858,0.6663842499256134,0.03978879
5423,3.7081685662269592,0.7013713717460632,0.03669371
5424,6.19253396987915,0.8062591105699539,0.02756597
5425,4.249116480350494,0.7267864048480988,0.034478173
5426,2.135436087846756,0.6205068826675415,0.04397726
5427,6.21691107749939,0.8071344196796417,0.027488712
5428,7.693618535995483,0.8546603173017502,0.02319098
5429,3.617819845676422,0.6969933211803436,0.037077375
5430,4.750730097293854,0.749109148979187,0.032543443
5431,4.853301048278809,0.7535277307033539,0.0321614
5432,3.1292852759361267,0.6727280914783478,0.039222546
5433,4.363915026187897,0.7320065498352051,0.034025483
5434,0.3220735117793083,0.5185320377349854,0.054187156
5435,3.624052107334137,0.6972986459732056,0.037050784
5436,2.251192629337311,0.6267632246017456,0.04339507
5437,4.339706301689148,0.7309118807315826,0.034120448
5438,1.8574576079845428,0.6053232252597809,0.045407448
5439,4.857480823993683,0.7537038922309875,0.03214593
5440,4.343104064464569,0.7310649454593658,0.0341071
5441,5.325949788093567,0.773178443312645,0.03045808
5442,1.3199806213378906,0.5754092335700989,0.048305985
5443,2.593710720539093,0.6450207829475403,0.04171713
5444,2.2981955111026764,0.6292914152145386,0.043160874
5445,3.2484936714172363,0.678741991519928,0.03868791
5446,5.533664226531982,0.7814546525478363,0.029738344
5447,8.086759448051453,0.8655351400375366,0.022164714
5448,3.650912046432495,0.6986028552055359,0.036936384
5449,4.641588628292084,0.7443588674068451,0.032954942
5450,3.403436541557312,0.686469316482544,0.0380039
5451,7.157357335090637,0.838626429438591,0.024667898
5452,6.505357623100281,0.8172635138034821,0.026590843
5453,5.169124007225037,0.766778290271759,0.031013006
5454,7.269934415817261,0.8421048372983932,0.024350245
5455,1.541653424501419,0.5878242254257202,0.047088765
5456,2.403136044740677,0.634911060333252,0.04264255
5457,7.07851767539978,0.8361539542675018,0.024892826
5458,2.6895278692245483,0.6500566303730011,0.041259464
5459,2.0147886872291565,0.6139443814754486,0.044592366
5460,3.023476302623749,0.667340487241745,0.039703265
5461,6.384056210517883,0.8130540549755096,0.0269648
5462,1.1912891268730164,0.5681492686271667,0.04902703
5463,2.5245580077171326,0.6413666903972626,0.042050593
5464,6.787073016166687,0.8267527669668198,0.02574224
5465,2.4805092811584473,0.6390285491943359,0.04226438
5466,1.0542534291744232,0.5603914558887482,0.049806654
5467,4.472930431365967,0.7369058430194855,0.0336011
5468,4.508112072944641,0.7384695112705231,0.033465277
5469,5.73874294757843,0.7894132137298584,0.02904443
5470,7.5714415311813354,0.8511103391647339,0.023519494
5471,2.200314551591873,0.6240188181400299,0.04365
5472,4.417407214641571,0.7344154417514801,0.03381658
5473,5.867844223976135,0.7943124920129776,0.028615927
5474,4.262813925743103,0.7274153530597687,0.034423843
5475,4.371476769447327,0.7323486804962158,0.033995874
5476,1.8649780750274658,0.6057367920875549,0.045368157
5477,7.06308126449585,0.8356669247150421,0.024937103
5478,3.0465465784072876,0.6685186624526978,0.03959795
5479,1.9522807002067566,0.6105273067951202,0.044914436
5480,4.094537794589996,0.7196653187274933,0.035097253
5481,1.0324352979660034,0.5591533780097961,0.049931925
5482,5.030640959739685,0.7610323280096054,0.03151142
5483,3.4822607040405273,0.690363347530365,0.03766058
5484,5.85641086101532,0.7938823401927948,0.02865362
5485,1.1324964463710785,0.5648248493671417,0.04936
5486,6.219428181648254,0.8072248101234436,0.02748075
5487,3.055383265018463,0.6689704358577728,0.039557677
5488,4.376282691955566,0.7325615584850311,0.03397706
5489,8.006011843681335,0.8633544892072678,0.022371726
5490,4.665152132511139,0.7453931570053101,0.032865662
5491,6.699618101119995,0.8238483220338821,0.026002739
5492,3.3908721804618835,0.685847669839859,0.038058914
5493,5.317602753639221,0.7728397399187088,0.030487366
5494,2.8304964303970337,0.6574066579341888,0.04059524
5495,7.180742025375366,0.8393548876047134,0.024601577
5496,2.4486039578914642,0.6373367309570312,0.042419918
5497,4.146060943603516,0.7220524549484253,0.034889676
5498,1.933985948562622,0.6095252633094788,0.045009144
5499,3.74372661113739,0.7030830979347229,0.036543798
5500,2.2345179319381714,0.6258649230003357,0.04347846
5501,8.321102857589722,0.8716924041509628,0.021574708
5502,4.877070784568787,0.7545408755540848,0.03207351
5503,4.9158865213394165,0.7562079429626465,0.0319305
5504,2.65926331281662,0.648469477891922,0.041403484
5505,3.694940507411957,0.7007313370704651,0.03674963
5506,4.275065660476685,0.7279741168022156,0.03437532
5507,5.2182358503341675,0.768795520067215,0.030838145
5508,4.4270652532577515,0.7348491549491882,0.033778995
5509,5.130194425582886,0.7651716470718384,0.031152312
5510,1.5840281546115875,0.5901863276958466,0.046859603
5511,4.549548029899597,0.7403017282485962,0.033306014
5512,5.1714009046554565,0.7668767422437668,0.031004874
5513,3.0741295218467712,0.6699245870113373,0.039472405
5514,6.561332941055298,0.8191799819469452,0.026420036
5515,6.354761719703674,0.812027633190155,0.027055902
5516,4.648351967334747,0.7446584701538086,0.032929294
5517,2.392265945672989,0.6343305706977844,0.04269595
5518,4.3766456842422485,0.7325816452503204,0.03397565
5519,7.038909196853638,0.834901750087738,0.025006598
5520,2.4442799389362335,0.6371038258075714,0.04244104
5521,2.4741269648075104,0.6386912763118744,0.042295456
5522,4.386568069458008,0.7330284416675568,0.033936854
5523,2.9425406455993652,0.6631895005702972,0.040074952
5524,4.043616950511932,0.7172938585281372,0.03530361
5525,6.455408930778503,0.8155391067266464,0.0267442
5526,0.6922950595617294,0.5397675335407257,0.05192605
5527,4.912030398845673,0.7560301274061203,0.031944677
5528,2.126048654317856,0.6199979484081268,0.04402482
5529,3.6751091480255127,0.6997746229171753,0.036833633
5530,4.988636374473572,0.7592708468437195,0.031664178
5531,4.350326359272003,0.7313900291919708,0.034078754
5532,2.910268008708954,0.661529004573822,0.040224124
5533,3.8306808471679688,0.7072462439537048,0.036179785
5534,6.586945056915283,0.820052370429039,0.026342243
5535,4.395765066146851,0.733443021774292,0.033900943
5536,3.8891342282295227,0.7100251615047455,0.035937123
5537,1.1610694974660873,0.5664412677288055,0.049197897
5538,4.434150457382202,0.7351678311824799,0.033751454
5539,6.9937145709991455,0.833462581038475,0.025137048
5540,5.583568811416626,0.7834114134311676,0.029567972
5541,3.590758442878723,0.695678323507309,0.03719308
5542,2.8580129146575928,0.6588292419910431,0.04046685
5543,2.230145037174225,0.6256290674209595,0.04350035
5544,5.726195573806763,0.7889330387115479,0.02908642
5545,0.9710919111967087,0.5556686818599701,0.050285805
5546,4.489408731460571,0.7376373708248138,0.033537414
5547,4.963518679141998,0.7582094818353653,0.031755876
5548,3.3264169096946716,0.6826409995555878,0.038342394
5549,8.314470648765564,0.871521070599556,0.021591187
5550,6.247233748435974,0.8082195967435837,0.027392918
5551,4.717012047767639,0.7476524710655212,0.03267002
5552,4.918015897274017,0.7562844008207321,0.031922672
5553,3.2253608107566833,0.67757847905159,0.038791087
5554,5.606604218482971,0.7843109667301178,0.029489655
5555,3.5550668835639954,0.6939358413219452,0.037346225
5556,4.853222072124481,0.7535238415002823,0.032161698
5557,4.5317089557647705,0.7395179867744446,0.033374485
5558,4.823901653289795,0.7522693276405334,0.032270446
5559,6.2022465467453,0.806607261300087,0.027535165
5560,4.3317073583602905,0.7305488884449005,0.034151882
5561,4.490405321121216,0.7376816868782043,0.03353357
5562,6.77467405796051,0.8263426274061203,0.025779013
5563,5.232299566268921,0.7693742364645004,0.030788256
5564,2.3088906705379486,0.6298658847808838,0.043107763
5565,3.603760600090027,0.696311891078949,0.03713744
5566,5.570854544639587,0.7829151451587677,0.029611291
5567,6.628029942512512,0.8214438408613205,0.026217937
5568,2.2963517904281616,0.6291927695274353,0.043170042
5569,2.0098382234573364,0.6136740744113922,0.04461779
5570,3.105161488056183,0.6715039014816284,0.03933163
5571,3.789450228214264,0.7052748799324036,0.03635193
5572,5.375394225120544,0.7751690894365311,0.030285195
5573,4.812794327735901,0.751790925860405,0.03231174
5574,2.442270666360855,0.6369970142841339,0.042450856
5575,2.5124716758728027,0.6407263875007629,0.042109147
5576,3.9002007246017456,0.7105494141578674,0.03589137
5577,3.6253073811531067,0.6973599791526794,0.037045427
5578,2.603253722190857,0.6455220878124237,0.041671325
5579,6.0494065284729,0.8010609596967697,0.028023971
5580,2.5152993202209473,0.6408762335777283,0.042095434
5581,1.3925035297870636,0.5794855952262878,0.04790434
5582,2.2842486202716827,0.6285420060157776,0.04323024
5583,3.870839774608612,0.7091570794582367,0.036012895
5584,4.628578722476959,0.7437876164913177,0.033004344
5585,3.9433661103248596,0.71258944272995,0.035713438
5586,1.7380695044994354,0.598733127117157,0.04603589
5587,5.885536074638367,0.7949775457382202,0.028557703
5588,7.0054203271865845,0.8338344693183899,0.025103197
5589,5.029464960098267,0.7609831690788269,0.03151568
5590,4.088918566703796,0.719403862953186,0.03511997
5591,3.9304032921791077,0.7119778990745544,0.03576678
5592,4.309275448322296,0.7295318245887756,0.034240197
5593,4.186953902244568,0.723938524723053,0.034725804
5594,6.3211071491241455,0.8108417391777039,0.027160931
5595,3.966282606124878,0.7136681377887726,0.035619345
5596,3.8247209787368774,0.7069618701934814,0.03620462
5597,5.127587914466858,0.7650679349899292,0.031161664
5598,3.9854007959365845,0.714567631483078,0.035541024
5599,3.2495874166488647,0.6787962913513184,0.038683034
5600,4.919186532497406,0.7563345283269882,0.03191837
5601,4.1376689076423645,0.7216646373271942,0.034923404
5602,7.03667938709259,0.8348301947116852,0.025013018
5603,1.7468555271625519,0.5992220044136047,0.045989346
5604,5.8801621198654175,0.7947758585214615,0.028575372
5605,6.672288179397583,0.822933629155159,0.026084684
5606,7.171081900596619,0.8390547782182693,0.024628948
5607,4.736016392707825,0.7484782338142395,0.03259862
5608,4.375188052654266,0.732515960931778,0.033981346
5609,2.187797725200653,0.6233422458171844,0.043712955
5610,3.1960269808769226,0.676101803779602,0.038922314
5611,0.7268700003623962,0.5417440533638,0.05171976
5612,3.064377009868622,0.6694276630878448,0.03951675
5613,3.640511631965637,0.6980983912944794,0.03698064
5614,6.731451749801636,0.8249100297689438,0.025907611
5615,9.416318535804749,0.8973542377352715,0.019018842
5616,3.7738168239593506,0.704527735710144,0.03641742
5617,5.127996206283569,0.7650855183601379,0.031160193
5618,2.786966562271118,0.6551420092582703,0.0407992
5619,4.728361666202545,0.7481456995010376,0.03262736
5620,7.766138911247253,0.8567096889019012,0.022998162
5621,3.8661879301071167,0.7089361548423767,0.03603219
5622,1.882224828004837,0.6066851615905762,0.045278165
5623,2.4481201171875,0.6373087465763092,0.042422283
5624,4.434191286563873,0.7351692616939545,0.033751298
5625,2.5793665647506714,0.6442620754241943,0.041786086
5626,3.2209613919258118,0.6773575246334076,0.038810745
5627,7.829528450965881,0.8584901541471481,0.022830928
5628,0.7157932966947556,0.5411112606525421,0.051785763
5629,3.245963156223297,0.6786132752895355,0.03869919
5630,10.258125066757202,0.913887195289135,0.017262105
5631,2.823374569416046,0.657034695148468,0.040628552
5632,1.1727625876665115,0.5671022534370422,0.04913171
5633,4.097132980823517,0.7197857201099396,0.035086766
5634,3.583919405937195,0.6953520476818085,0.03722237
5635,2.571626305580139,0.6438555121421814,0.041823335
5636,5.9824687242507935,0.7985923439264297,0.02824077
5637,4.858830571174622,0.7537609934806824,0.032140933
5638,4.210970103740692,0.725043386220932,0.034629926
5639,4.552053213119507,0.74041947722435,0.03329641
5640,2.8123080730438232,0.656461089849472,0.04068035
5641,4.683928489685059,0.7462116181850433,0.0327947
5642,2.300014942884445,0.6293896436691284,0.043151837
5643,2.6788288354873657,0.6494956612586975,0.041310318
5644,4.657430946826935,0.7450562417507172,0.03289489
5645,2.047305852174759,0.6157365143299103,0.044425752
5646,7.384432554244995,0.8455774039030075,0.024031362
5647,6.928020119667053,0.831352099776268,0.025327887
5648,2.901158034801483,0.6610596179962158,0.04026634
5649,3.535388708114624,0.6929719746112823,0.037430927
5650,2.320019453763962,0.6304632723331451,0.04305256
5651,4.4278764724731445,0.7348828315734863,0.033775844
5652,3.0513358116149902,0.6687632501125336,0.03957612
5653,5.943373441696167,0.7971399277448654,0.028368173
5654,3.486654758453369,0.6905787587165833,0.037641533
5655,6.527004241943359,0.8180075287818909,0.02652466
5656,3.6438196897506714,0.6982600390911102,0.036966566
5657,2.590216100215912,0.6448366045951843,0.041733924
5658,2.977741062641144,0.6649985611438751,0.039912872
5659,1.7737755179405212,0.6007105112075806,0.04584703
5660,7.7248793840408325,0.8555383682250977,0.023107665
5661,4.886408448219299,0.7549396604299545,0.032039046
5662,4.586862623691559,0.7419579923152924,0.033163235
5663,4.521421492099762,0.7390612363815308,0.033414043
5664,5.744805335998535,0.7896457016468048,0.029024165
5665,2.044825851917267,0.6155826449394226,0.044438433
5666,2.305459678173065,0.6296816170215607,0.043124795
5667,5.9443336725234985,0.7971755415201187,0.028365036
5668,3.475618064403534,0.6900367140769958,0.03768939
5669,2.6533687114715576,0.6481598615646362,0.04143159
5670,2.893202006816864,0.660647451877594,0.040303234
5671,2.526751458644867,0.6414828598499298,0.042039976
5672,7.017874717712402,0.8342324644327164,0.025067225
5673,6.374262571334839,0.8127121180295944,0.026995221
5674,2.1254999935626984,0.6199683248996735,0.0440276
5675,4.471049606800079,0.7368180155754089,0.033608377
5676,3.437105119228363,0.6881371736526489,0.03785688
5677,4.675144851207733,0.7458276450634003,0.03282787
5678,1.483808010816574,0.5845935046672821,0.047403406
5679,3.016478717327118,0.6669791340827942,0.039735265
5680,3.2795563340187073,0.6802967190742493,0.038549803
5681,4.224645495414734,0.725669264793396,0.034575444
5682,5.465499758720398,0.7787640243768692,0.029972639
5683,0.9441570192575455,0.5541519522666931,0.05044198
5684,4.562795162200928,0.7408943772315979,0.033255253
5685,2.3390664160251617,0.6314832270145416,0.042958263
5686,4.2538124322891235,0.7270042896270752,0.03445953
5687,4.351531267166138,0.7314474880695343,0.034074027
5688,1.986798495054245,0.6124085485935211,0.044736303
5689,5.813725590705872,0.7922694236040115,0.028794777
5690,1.8604712188243866,0.6054883897304535,0.045391697
5691,6.559769511222839,0.8191274404525757,0.02642479
5692,3.9713254570961,0.7139057517051697,0.035598673
5693,2.652604579925537,0.6481199860572815,0.041435238
5694,3.813565671443939,0.7064296305179596,0.036251146
5695,0.5805674195289612,0.5333710610866547,0.052598283
5696,6.832370162010193,0.8282411694526672,0.025608346
5697,4.277468323707581,0.7280836403369904,0.03436581
5698,4.1776251792907715,0.7235086560249329,0.03476312
5699,1.583690196275711,0.5901708900928497,0.046861425
5700,4.052289724349976,0.7177013754844666,0.03526838
5701,4.363051056861877,0.7319705188274384,0.03402886
5702,5.739096999168396,0.7894269973039627,0.029043246
5703,5.69203794002533,0.7876201719045639,0.029201027
5704,2.6552286744117737,0.6482576131820679,0.04142271
5705,2.2830693423748016,0.6284786462783813,0.043236107
5706,2.2148846089839935,0.6248055100440979,0.043576844
5707,7.470315098762512,0.8481420874595642,0.023794923
5708,4.260774254798889,0.7273223102092743,0.034431927
5709,2.9879146814346313,0.6655203402042389,0.03986615
5710,3.3863964676856995,0.6856272220611572,0.038078535
5711,2.8510496020317078,0.6584687530994415,0.0404993
5712,3.642462193965912,0.6981929838657379,0.03697234
5713,2.5963708758354187,0.6451619565486908,0.041704364
5714,3.9667117595672607,0.7136753797531128,0.035617586
5715,8.90251338481903,0.885935440659523,0.020177824
5716,6.6872638463974,0.8234355002641678,0.026039751
5717,6.9911158084869385,0.8333785831928253,0.025144571
5718,3.7462735176086426,0.7032076716423035,0.03653308
5719,5.7249850034713745,0.7888864576816559,0.029090472
5720,4.1426268219947815,0.721893697977066,0.034903474
5721,4.282425940036774,0.728309839963913,0.0343462
5722,7.277411222457886,0.8423321843147278,0.024329292
5723,4.157048165798187,0.7225648760795593,0.034845572
5724,2.20944344997406,0.6245117783546448,0.043604154
5725,3.4312891960144043,0.6878489851951599,0.03788223
5726,4.503975212574005,0.7382858395576477,0.03348122
5727,8.213545083999634,0.8688966631889343,0.021843528
5728,2.731294631958008,0.6522411108016968,0.04106155
5729,10.059894323348999,0.9102250039577484,0.017660594
5730,3.4533604979515076,0.6889384686946869,0.037786096
5731,7.186307907104492,0.8395266234874725,0.024585817
5732,2.4395576119422913,0.6368524730205536,0.042464126
5733,4.8021721839904785,0.7513344436883926,0.032351278
5734,7.7452921867370605,0.8561185151338577,0.023053423
5735,3.2525140047073364,0.6789430677890778,0.038670015
5736,2.8821632266044617,0.6600774228572845,0.040354487
5737,2.5628718733787537,0.6433929800987244,0.041865513
5738,4.653656780719757,0.7448748648166656,0.03290919
5739,6.948357820510864,0.8320072591304779,0.025268653
5740,6.082276701927185,0.8022622168064117,0.027918119
5741,2.307458072900772,0.6297875940799713,0.04311488
5742,3.6743342876434326,0.6997470259666443,0.03683692
5743,7.779219150543213,0.8570792824029922,0.022963552
5744,2.897055447101593,0.6608478724956512,0.04028536
5745,3.9395686984062195,0.7124103307723999,0.035729058
5746,4.240216612815857,0.7263824939727783,0.034513514
5747,4.8374298214912415,0.7528472542762756,0.032220222
5748,6.673566699028015,0.82297582924366,0.026080847
5749,7.5897181034088135,0.8516492545604706,0.023470055
5750,2.8215330839157104,0.6569366753101349,0.040637158
5751,2.6739823818206787,0.6492421925067902,0.041333374
5752,5.670996904373169,0.7868101596832275,0.029271847
5753,3.5176098346710205,0.6921004056930542,0.037507623
5754,3.1636959314346313,0.6744669675827026,0.039067466
5755,2.6114261150360107,0.6459543406963348,0.04163214
5756,5.510018467903137,0.780525267124176,0.029819416
5757,7.123975157737732,0.8375840038061142,0.024762886
5758,4.4338008761405945,0.7351517975330353,0.033752814
5759,4.977089464664459,0.7587809860706329,0.0317063
5760,2.5995132327079773,0.6453254818916321,0.041689277
5761,6.845170259475708,0.8286568969488144,0.025570633
5762,3.9198914170265198,0.7114813029766083,0.035810094
5763,5.674163103103638,0.7869307398796082,0.029261181
5764,5.393712520599365,0.775903046131134,0.030221388
5765,2.630157172679901,0.6469404101371765,0.04154246
5766,3.016427159309387,0.6669780910015106,0.0397355
5767,5.65306544303894,0.786114290356636,0.029332345
5768,5.070576071739197,0.7627057433128357,0.031366866
5769,4.033957123756409,0.7168425619602203,0.035342894
5770,6.84414267539978,0.828623965382576,0.02557366
5771,5.848417282104492,0.7935777455568314,0.02868
5772,6.7070472240448,0.8240968734025955,0.025980512
5773,1.1190599203109741,0.5640843510627747,0.04943642
5774,3.498849868774414,0.6911799609661102,0.03758872
5775,7.240651249885559,0.841204047203064,0.024432475
5776,8.214038014411926,0.8689096122980118,0.021842288
5777,3.92029345035553,0.7114987671375275,0.035808437
5778,1.7053994536399841,0.5969283580780029,0.04620937
5779,9.849141836166382,0.9061788469552994,0.018094346
5780,5.278655290603638,0.7712632119655609,0.030624377
5781,2.7404317259788513,0.6527183651924133,0.041018374
5782,6.12165629863739,0.8036964982748032,0.027791834
5783,1.6545583307743073,0.5941088795661926,0.046480633
5784,4.13752406835556,0.7216547727584839,0.034923982
5785,4.712458550930023,0.7474545538425446,0.032687154
5786,2.7209514379501343,0.6517007052898407,0.041110467
5787,3.0180981755256653,0.6670694351196289,0.039727855
5788,3.7344929575920105,0.7025986015796661,0.036582667
5789,3.8280141353607178,0.7071191370487213,0.03619089
5790,4.564732611179352,0.7409797012805939,0.033247836
5791,2.2613367438316345,0.6273095607757568,0.043344416
5792,4.464862644672394,0.7365412712097168,0.033632327
5793,4.761950671672821,0.7496201992034912,0.032501433
5794,7.110423445701599,0.8371572047472,0.024801552
5795,1.08585923910141,0.5621837973594666,0.04962575
5796,6.930147409439087,0.8314201086759567,0.025321689
5797,4.881304204463959,0.7547228783369064,0.03205788
5798,2.866373360157013,0.6592616140842438,0.040427916
5799,2.6587218046188354,0.6484401524066925,0.04140606
5800,6.1933451890945435,0.80628801882267,0.027563402
5801,2.189599871635437,0.623439610004425,0.043703888
5802,4.870882928371429,0.7542691081762314,0.032096364
5803,7.042173743247986,0.8350051939487457,0.024997197
5804,2.465711236000061,0.6382440626621246,0.042336453
5805,7.544382810592651,0.8503257781267166,0.023592874
5806,2.7538564801216125,0.6534183025360107,0.040955022
5807,3.7620508670806885,0.7039616703987122,0.036466785
5808,2.5993868708610535,0.645320475101471,0.04168988
5809,2.0944873988628387,0.6182841658592224,0.04418508
5810,1.9520552456378937,0.6105291843414307,0.044915605
5811,4.554008841514587,0.7405055463314056,0.033288915
5812,6.646780371665955,0.8220761120319366,0.0261614
5813,6.56652569770813,0.8193640410900116,0.026404245
5814,3.269912600517273,0.6798157691955566,0.038592625
5815,4.439517557621002,0.7354080080986023,0.033730607
5816,5.670291781425476,0.7867813408374786,0.029274227
5817,5.475985407829285,0.7791798710823059,0.029936483
5818,2.5684455037117004,0.6436877250671387,0.041838657
5819,5.485326647758484,0.779546320438385,0.029904302
5820,6.705734133720398,0.824053093791008,0.025984436
5821,1.2783314287662506,0.5730599462985992,0.04853817
5822,2.837706506252289,0.6577774584293365,0.04056156
5823,5.905829668045044,0.7957384437322617,0.028491057
5824,4.18948620557785,0.7240448594093323,0.034715682
5825,3.820011019706726,0.7067427337169647,0.036224257
5826,6.543450951576233,0.8185698539018631,0.026474481
5827,7.1109431982040405,0.8371729701757431,0.024800066
5828,4.917573034763336,0.7562638819217682,0.031924296
5829,6.919413805007935,0.8310735374689102,0.025352998
5830,2.426254004240036,0.636152058839798,0.042529214
5831,1.457848697900772,0.583143800497055,0.0475453
5832,2.7358409762382507,0.6524778008460999,0.041040055
5833,4.370220303535461,0.7322912216186523,0.03400079
5834,2.6284259557724,0.6468490660190582,0.041550737
5835,2.413128614425659,0.635443925857544,0.042593516
5836,4.492512941360474,0.7377711534500122,0.03352543
5837,2.7759119868278503,0.654567152261734,0.04085116
5838,8.056978583335876,0.8647447228431702,0.022240834
5839,3.628286123275757,0.6975046098232269,0.037032727
5840,6.828873157501221,0.8281280100345612,0.025618656
5841,1.1052744835615158,0.563283383846283,0.049514946
5842,4.722518026828766,0.7478915452957153,0.03264932
5843,4.554916620254517,0.7405452728271484,0.03328543
5844,3.7728047370910645,0.7044791281223297,0.036421664
5845,9.578396677970886,0.9007419645786285,0.018667243
5846,4.026350378990173,0.7164870202541351,0.035373863
5847,4.146797955036163,0.7220863103866577,0.034886718
5848,6.147714257240295,0.8046419322490692,0.02770858
5849,5.334763526916504,0.7735336124897003,0.030427186
5850,3.903927505016327,0.7107263207435608,0.035875972
5851,2.3553217947483063,0.6323532462120056,0.042877942
5852,2.412380576133728,0.6354032158851624,0.0425972
5853,6.19660496711731,0.8064067512750626,0.027553055
5854,3.976302444934845,0.7141401171684265,0.035578277
5855,4.308023452758789,0.7294746041297913,0.034245133
5856,5.871028304100037,0.7944335639476776,0.028605437
5857,2.5286707282066345,0.6415843665599823,0.042030685
5858,6.756168603897095,0.8257125467061996,0.025833996
5859,4.162090718746185,0.7227928638458252,0.03482535
5860,3.835170269012451,0.7074578404426575,0.03616109
5861,4.540459513664246,0.7399047315120697,0.03334088
5862,6.01734459400177,0.7998806089162827,0.028127605
5863,3.0851614475250244,0.6704863905906677,0.039422296
5864,6.421636939048767,0.8143665492534637,0.026848383
5865,6.485742926597595,0.8165875971317291,0.026650965
5866,3.702267110347748,0.7010869085788727,0.036718648
5867,6.685841083526611,0.8233876973390579,0.026044017
5868,5.782921314239502,0.7910955548286438,0.028897079
5869,7.405053973197937,0.8461972624063492,0.02397438
5870,5.377032160758972,0.7752333879470825,0.030279482
5871,5.6068724393844604,0.784321740269661,0.029488754
5872,3.7014928460121155,0.7010493278503418,0.036721926
5873,5.055221319198608,0.7620631605386734,0.03142237
5874,5.829513669013977,0.7928670942783356,0.028742483
5875,1.218392699956894,0.5696799457073212,0.048874274
5876,4.969521462917328,0.7584645748138428,0.031733938
5877,4.2395177483558655,0.7263504862785339,0.03451629
5878,4.3793535232543945,0.7327036261558533,0.033965055
5879,0.869237408041954,0.5498709082603455,0.05087895
5880,4.811097085475922,0.7517180144786835,0.032318052
5881,7.423623204231262,0.8467516154050827,0.023923174
5882,7.698373198509216,0.8547833263874054,0.02317829
5883,2.664675712585449,0.6487516164779663,0.041377686
5884,1.6431006789207458,0.5934726893901825,0.046542
5885,2.1649055182933807,0.6221041083335876,0.04382831
5886,3.8269594311714172,0.7070687413215637,0.03619529
5887,2.4993811547756195,0.6400322020053864,0.042172655
5888,5.400669574737549,0.7761814892292023,0.03019719
5889,3.630894124507904,0.6976300477981567,0.037021615
5890,3.868297040462494,0.7090196907520294,0.036023438
5891,5.201879143714905,0.768128827214241,0.03089628
5892,6.034307479858398,0.8005047142505646,0.028072733
5893,6.801711320877075,0.8272314071655273,0.025698895
5894,3.5674914717674255,0.6945429742336273,0.03729284
5895,4.9236419796943665,0.7565211057662964,0.031902
5896,1.6368171572685242,0.593123197555542,0.046575673
5897,1.7770473659038544,0.6008914411067963,0.045829765
5898,3.905491828918457,0.7107999324798584,0.03586951
5899,2.6612484455108643,0.6485737562179565,0.041394018
5900,3.677540123462677,0.6998923122882843,0.036823325
5901,1.8473884463310242,0.6047698259353638,0.045460124
5902,2.4527157843112946,0.6375599503517151,0.04239984
5903,2.299272269010544,0.6293494701385498,0.043155517
5904,2.7009597420692444,0.6506543159484863,0.0412052
5905,5.012615919113159,0.7602766901254654,0.031576883
5906,4.4081443548202515,0.7339999675750732,0.033852667
5907,5.11244535446167,0.7644411027431488,0.031216035
5908,0.8508501946926117,0.548822820186615,0.050986767
5909,4.114470183849335,0.7205903232097626,0.0350168
5910,7.231782078742981,0.8409307599067688,0.024457436
5911,4.742649793624878,0.7487647831439972,0.032573733
5912,6.8817949295043945,0.829853743314743,0.025463039
5913,2.8707775473594666,0.6594915091991425,0.040407423
5914,4.620773196220398,0.7434498071670532,0.033034015
5915,3.6647525429725647,0.6992690861225128,0.03687758
5916,5.074388384819031,0.7628595679998398,0.03135311
5917,10.280863046646118,0.9142953976988792,0.017216977
5918,7.04645037651062,0.835140198469162,0.024984889
5919,4.249509572982788,0.7268070578575134,0.03447661
5920,3.689921498298645,0.7004908621311188,0.036770873
5921,3.9208659529685974,0.711527407169342,0.03580607
5922,1.7409120500087738,0.5988941490650177,0.046020824
5923,3.7986814975738525,0.7057238519191742,0.03631332
5924,2.22330242395401,0.6252597868442535,0.043534633
5925,4.283218085765839,0.7283433079719543,0.034343068
5926,2.4894849956035614,0.639506995677948,0.04222073
5927,5.828097462654114,0.7928135395050049,0.028747173
5928,3.88733834028244,0.7099400162696838,0.03594456
5929,5.090157389640808,0.7635157108306885,0.031296242
5930,3.53171706199646,0.6927931904792786,0.037446752
5931,3.9103099703788757,0.7110271751880646,0.035849616
5932,2.7412164211273193,0.6527588069438934,0.041014664
5933,0.6610339134931564,0.5379787385463715,0.052113272
5934,6.118626594543457,0.8035869300365448,0.027801532
5935,2.8720486164093018,0.6595553755760193,0.040401507
5936,2.393615245819092,0.6344016790390015,0.042689323
5937,2.908182740211487,0.6614212989807129,0.040233787
5938,2.9260841012001038,0.6623435020446777,0.040150948
5939,3.4287115931510925,0.6877206861972809,0.03789348
5940,5.080732703208923,0.7631239742040634,0.031330217
5941,4.07846212387085,0.7189179956912994,0.035162266
5942,4.876798689365387,0.7545307725667953,0.03207451
5943,5.191817879676819,0.7677178233861923,0.03093208
5944,4.921576976776123,0.7564346790313721,0.031909585
5945,3.0314579606056213,0.6677483916282654,0.0396668
5946,5.5123138427734375,0.7806155979633331,0.029811533
5947,6.1590272188186646,0.8050507456064224,0.027672516
5948,4.03782457113266,0.717023104429245,0.035327166
5949,2.559800446033478,0.6432393491268158,0.04188032
5950,4.786141216754913,0.7506427317857742,0.03241104
5951,7.257647514343262,0.841727539896965,0.024384713
5952,4.336544871330261,0.7307707667350769,0.034132864
5953,6.259013414382935,0.8086394816637039,0.027355798
5954,3.7066838145256042,0.7013019323348999,0.03669998
5955,4.296552240848541,0.7289524972438812,0.034290392
5956,1.9692355394363403,0.6114551723003387,0.04482685
5957,6.882588267326355,0.8298801183700562,0.025460716
5958,3.638121783733368,0.697984516620636,0.036990814
5959,2.6345351338386536,0.6471684277057648,0.041521516
5960,5.18892228603363,0.7675971388816833,0.030942393
5961,8.243584036827087,0.8696825951337814,0.021768114
5962,4.223009943962097,0.7255944013595581,0.03458195
5963,1.616489291191101,0.5919934213161469,0.046684805
5964,4.486079812049866,0.7374830543994904,0.03355027
5965,0.8136807382106781,0.546702653169632,0.051205426
5966,2.0196184515953064,0.6142076849937439,0.04456759
5967,4.607393145561218,0.7428607046604156,0.03308494
5968,3.58147531747818,0.6952307820320129,0.037232846
5969,7.092528939247131,0.8365956097841263,0.024852697
5970,3.934982717037201,0.7121931612491608,0.03574793
5971,3.8450032472610474,0.7079286277294159,0.036120173
5972,10.485447645187378,0.9179163873195648,0.016816191
5973,3.382122814655304,0.685413271188736,0.03809727
5974,3.090820014476776,0.6707741022109985,0.03939662
5975,3.570186197757721,0.6946743130683899,0.03728127
5976,2.650173008441925,0.6479971706867218,0.041446842
5977,3.310886025428772,0.6818659901618958,0.038411006
5978,4.702090919017792,0.7470039129257202,0.03272619
5979,2.842424213886261,0.6580312848091125,0.040539544
5980,6.731242537498474,0.824905052781105,0.025908243
5981,3.9520245790481567,0.7129970490932465,0.035677858
5982,4.749884307384491,0.7490780651569366,0.032546613
5983,2.08912655711174,0.6180058121681213,0.04421236
5984,2.0985956490039825,0.618507593870163,0.04416419
5985,0.9813313186168671,0.5562515556812286,0.05022657
5986,3.0400872230529785,0.6681890189647675,0.03962741
5987,2.986365556716919,0.6654405891895294,0.039873257
5988,6.075085401535034,0.8019988983869553,0.027941246
5989,6.923647522926331,0.8312134891748428,0.025340643
5990,10.20243763923645,0.9128689616918564,0.017373132
5991,4.349294006824493,0.7313455641269684,0.034082804
5992,3.2619747519493103,0.6794177889823914,0.03862792
5993,1.883874386548996,0.6067753732204437,0.045269568
5994,5.437963008880615,0.7776694446802139,0.030067815
5995,3.9620116353034973,0.7134683728218079,0.035636857
5996,2.4754804372787476,0.6387632489204407,0.042288862
5997,5.829145908355713,0.7928532660007477,0.028743701
5998,7.841299772262573,0.8588178604841232,0.022800012
5999,3.9083287119865417,0.7109304964542389,0.035857797
6000,3.8128256797790527,0.7063931524753571,0.036254235
6001,2.771296799182892,0.6543244421482086,0.040872872
6002,5.702072978019714,0.7880019098520279,0.029167313
6003,2.7998924255371094,0.6558209955692291,0.040738534
6004,3.703048527240753,0.7011243402957916,0.036715344
6005,5.0856393575668335,0.7633277028799057,0.03131252
6006,2.9491019248962402,0.6635278165340424,0.040044684
6007,1.5835025906562805,0.5901574492454529,0.04686244
6008,1.7267267405986786,0.5981090068817139,0.046096046
6009,3.243230879306793,0.6784768998622894,0.038711365
6010,3.4466612339019775,0.6886133849620819,0.037815247
6011,4.387843906879425,0.7330863177776337,0.033931877
6012,7.077382802963257,0.8361195772886276,0.024896074
6013,2.276127189397812,0.6281054317951202,0.043270674
6014,4.900129437446594,0.7555243074893951,0.031988475
6015,4.313016831874847,0.7297005653381348,0.034225453
6016,2.160533219575882,0.6218671798706055,0.043850377
6017,3.816557228565216,0.7065723240375519,0.036238667
6018,4.800551235675812,0.7512656450271606,0.032357313
6019,6.427684426307678,0.8145769685506821,0.026829699
6020,2.308996766805649,0.6298715472221375,0.043107234
6021,5.413160920143127,0.776679664850235,0.030153792
6022,3.6688661575317383,0.6994704306125641,0.03686012
6023,4.229317605495453,0.7258829474449158,0.034556847
6024,6.461608409881592,0.8157534748315811,0.026725117
6025,1.0591664910316467,0.5606700778007507,0.049778488
6026,5.849210023880005,0.7936108112335205,0.028677382
6027,2.691921591758728,0.650181770324707,0.041248098
6028,6.065309643745422,0.8016407340764999,0.027972711
6029,3.5826244950294495,0.6952753663063049,0.03722792
6030,6.783691048622131,0.8266409933567047,0.025752263
6031,6.95362389087677,0.8321767300367355,0.025253339
6032,2.317909598350525,0.6303500533103943,0.043063022
6033,6.569079756736755,0.8194446265697479,0.02639648
6034,2.6368680596351624,0.6472959518432617,0.04151037
6035,3.9131802320480347,0.7111636698246002,0.035837773
6036,3.5796132683753967,0.6951349377632141,0.03724083
6037,4.632258117198944,0.7439468204975128,0.032990366
6038,3.2210394740104675,0.677361398935318,0.038810395
6039,4.933016002178192,0.7569198161363602,0.03186759
6040,4.210684895515442,0.7250261306762695,0.034631055
6041,1.0496693849563599,0.5601313710212708,0.04983294
6042,4.214725494384766,0.7252139449119568,0.03461495
6043,5.121487975120544,0.7648158520460129,0.031183554
6044,4.665725231170654,0.7454178929328918,0.032863498
6045,5.429913401603699,0.7773485332727432,0.030095693
6046,7.918522357940674,0.8609630763530731,0.0225982
6047,1.3116222620010376,0.5749340355396271,0.048352495
6048,4.5489805936813354,0.7402832210063934,0.03330819
6049,2.686588168144226,0.6499022245407104,0.041273434
6050,4.209124445915222,0.7249572575092316,0.034637284
6051,4.409962296485901,0.7340821921825409,0.033845574
6052,5.906960964202881,0.795775979757309,0.028487343
6053,2.863011658191681,0.6590880751609802,0.040443562
6054,4.7807422280311584,0.7504248917102814,0.032431196
6055,2.8373852372169495,0.6577615141868591,0.04056307
6056,4.462917447090149,0.7364550828933716,0.03363986
6057,4.43369597196579,0.7351474761962891,0.03375322
6058,2.6907581090927124,0.6501239538192749,0.041253623
6059,4.138515293598175,0.7217036485671997,0.03492
6060,4.639975726604462,0.7443097829818726,0.032961067
6061,0.9530027955770493,0.5546401739120483,0.050390642
6062,2.408047765493393,0.6351729333400726,0.04261845
6063,2.855590283870697,0.6587039530277252,0.040478133
6064,2.5292161107063293,0.6416129171848297,0.04202805
6065,3.5292422771453857,0.6926720440387726,0.03745742
6066,3.675788640975952,0.6998072266578674,0.036830753
6067,3.023156225681305,0.6673241853713989,0.039704725
6068,3.631458282470703,0.6976585984230042,0.037019204
6069,3.3612361550331116,0.6843755543231964,0.03818899
6070,4.097683131694794,0.7198116183280945,0.035084546
6071,5.727311372756958,0.7889750748872757,0.02908268
6072,3.177417814731598,0.675162136554718,0.039005797
6073,2.487403154373169,0.6393920481204987,0.042230856
6074,4.414708614349365,0.734295517206192,0.03382709
6075,2.8594008088111877,0.6589032411575317,0.04046038
6076,2.5887179374694824,0.6447584331035614,0.041741114
6077,2.127694934606552,0.6200874745845795,0.044016477
6078,2.757769525051117,0.653617650270462,0.040936574
6079,3.085958957672119,0.6705268919467926,0.039418675
6080,3.231251835823059,0.6778753995895386,0.038764786
6081,4.8598310351371765,0.7538072913885117,0.032137234
6082,6.730976104736328,0.8248930871486664,0.025909035
6083,3.9653056859970093,0.7136189937591553,0.03562334
6084,4.431417286396027,0.7350443303585052,0.033762075
6085,4.407493770122528,0.7339694499969482,0.033855196
6086,4.018464684486389,0.7161178290843964,0.035405993
6087,3.668051064014435,0.69943568110466,0.036863577
6088,4.2495086789131165,0.7268073558807373,0.03447661
6089,5.888381004333496,0.79508475959301,0.028548343
6090,3.7529319524765015,0.7035241723060608,0.03650509
6091,1.6124185919761658,0.5917722284793854,0.046706688
6092,7.757824063301086,0.8564735800027847,0.023020187
6093,4.147486090660095,0.7221183776855469,0.034883954
6094,2.921152412891388,0.6620896458625793,0.040173754
6095,3.5809168219566345,0.6951979994773865,0.03723524
6096,2.379956692457199,0.633672684431076,0.0427565
6097,4.156524240970612,0.7225359082221985,0.034847673
6098,5.648558139801025,0.7859407365322113,0.029347567
6099,3.732428550720215,0.7025400996208191,0.036591362
6100,8.1678706407547,0.8676940500736237,0.021958694
6101,3.040255904197693,0.668196439743042,0.039626636
6102,3.6984577775001526,0.7009024918079376,0.036734756
6103,9.999080300331116,0.909073494374752,0.017784677
6104,4.138620495796204,0.721706748008728,0.03491958
6105,7.189297080039978,0.8396188616752625,0.024577357
6106,5.63936173915863,0.7855842113494873,0.029378658
6107,2.148950546979904,0.6212396919727325,0.043908894
6108,2.8195056319236755,0.6568324863910675,0.040646646
6109,1.9562628865242004,0.6107426285743713,0.044893853
6110,3.2293105125427246,0.6777775883674622,0.03877345
6111,7.429977655410767,0.846942126750946,0.023905683
6112,5.807850360870361,0.7920470386743546,0.028814262
6113,2.22052201628685,0.6251106858253479,0.043548565
6114,4.706938862800598,0.7472111284732819,0.032707937
6115,3.9175736904144287,0.7113698422908783,0.035819653
6116,6.911422610282898,0.8308156579732895,0.025376335
6117,2.313597649335861,0.6301185190677643,0.04308441
6118,4.6136099100112915,0.7431262135505676,0.03306127
6119,4.147272706031799,0.7221079468727112,0.03488481
6120,6.303139925003052,0.8102063238620758,0.027217174
6121,2.455136775970459,0.6376817226409912,0.042388026
6122,3.1869572401046753,0.6756437718868256,0.038962983
6123,1.9911783933639526,0.6126549541950226,0.044713747
6124,1.5115170180797577,0.5861420333385468,0.047252424
6125,4.662838280200958,0.7452926635742188,0.032874424
6126,4.3977925181388855,0.7335343360900879,0.03389303
6127,2.9796838760375977,0.665098249912262,0.039903935
6128,5.993664860725403,0.7990062832832336,0.028204395
6129,4.6338483691215515,0.7440227568149567,0.032984324
6130,4.320019483566284,0.7300200164318085,0.03419787
6131,4.670896530151367,0.7456436157226562,0.032843936
6132,4.207915365695953,0.7249016165733337,0.034642104
6133,4.775777757167816,0.7501960843801498,0.032449733
6134,1.0705652087926865,0.5613164305686951,0.049713206
6135,3.322441279888153,0.6824415326118469,0.038359944
6136,2.950105369091034,0.6635811924934387,0.04004007
6137,3.877399265766144,0.7094685733318329,0.035985705
6138,1.810130923986435,0.602716714143753,0.04565554
6139,3.0238348245620728,0.6673591434955597,0.039701626
6140,2.4000635743141174,0.6347468197345734,0.04265764
6141,4.197111129760742,0.7244057059288025,0.03468522
6142,4.380607903003693,0.7327814698219299,0.033960152
6143,3.7039756774902344,0.7011682689189911,0.036711425
6144,3.4058263897895813,0.6865889430046082,0.03799345
6145,4.028640389442444,0.7165955901145935,0.035364535
6146,5.192230939865112,0.76773302257061,0.030930605
6147,3.4950363636016846,0.690992534160614,0.037605226
6148,5.404212474822998,0.7763228863477707,0.030184874
6149,6.583872437477112,0.8199475407600403,0.026351564
6150,4.088398814201355,0.7193794846534729,0.035122067
6151,4.479730427265167,0.7372059524059296,0.0335748
6152,7.058635354042053,0.8355272114276886,0.02494987
6153,4.213484823703766,0.7251574397087097,0.034619898
6154,2.159663289785385,0.6218202412128448,0.04385477
6155,5.212441682815552,0.7685619741678238,0.03085872
6156,1.4869309961795807,0.5847682952880859,0.04738637
6157,2.274673283100128,0.6280200183391571,0.04327792
6158,3.5112929344177246,0.6917907893657684,0.037534907
6159,2.2310158610343933,0.62567538022995,0.04349599
6160,0.902668684720993,0.5517750084400177,0.050683495
6161,1.4633336663246155,0.583447128534317,0.04751529
6162,2.144625335931778,0.6210054755210876,0.04393076
6163,5.428058505058289,0.7772731482982635,0.030102119
6164,3.852752149105072,0.7082975506782532,0.036087964
6165,7.01465904712677,0.8341299891471863,0.02507651
6166,5.233849287033081,0.7694375365972519,0.030782761
6167,1.9244062900543213,0.6090005338191986,0.045058813
6168,5.735827684402466,0.7893022298812866,0.02905418
6169,7.2541844844818115,0.8416207134723663,0.02439444
6170,3.5509195923805237,0.6937330663204193,0.037364054
6171,0.27685606852173805,0.5159315466880798,0.05446998
6172,2.528412640094757,0.6415716707706451,0.042031944
6173,3.8803964853286743,0.7096107304096222,0.035973296
6174,7.393084168434143,0.845837265253067,0.024007438
6175,2.229158580303192,0.6255753338336945,0.043505292
6176,3.638550043106079,0.6980034410953522,0.03698899
6177,7.867257595062256,0.8595430701971054,0.022731973
6178,1.8079285323619843,0.6025948822498322,0.045667116
6179,2.7627667784690857,0.6538827419281006,0.040913038
6180,7.927572131156921,0.8612120449542999,0.022574669
6181,4.64995801448822,0.7447283267974854,0.032923207
6182,7.255383729934692,0.8416577130556107,0.024391068
6183,6.621754765510559,0.8212278038263321,0.026236886
6184,2.062522917985916,0.6165458858013153,0.04434798
6185,3.2613253593444824,0.6793850660324097,0.038630806
6186,5.285831093788147,0.7715532928705215,0.030599086
6187,5.433900952339172,0.7775078415870667,0.030081881
6188,4.373488128185272,0.7324380874633789,0.033988003
6189,4.984961450099945,0.7591142803430557,0.031677578
6190,7.132565379142761,0.8378523290157318,0.02473841
6191,4.952841699123383,0.7577576637268066,0.03179494
6192,6.515018343925476,0.817594975233078,0.026561283
6193,6.553353667259216,0.8189076781272888,0.026444318
6194,3.5858210921287537,0.6954382956027985,0.037214223
6195,2.4541644752025604,0.6376303732395172,0.04239277
6196,2.2781725227832794,0.628216028213501,0.043260485
6197,6.183613538742065,0.8059368580579758,0.027594296
6198,4.19224351644516,0.724181592464447,0.034704667
6199,5.236830115318298,0.7695592790842056,0.030772198
6200,4.593319892883301,0.7422346770763397,0.033138588
6201,0.657774955034256,0.537792295217514,0.052132826
6202,5.620793104171753,0.7848630845546722,0.02944153
6203,3.2353270053863525,0.6780801117420197,0.038746607
6204,4.0430644154548645,0.7172669470310211,0.03530586
6205,2.2644203901290894,0.6274755299091339,0.04332903
6206,4.148063957691193,0.7221451103687286,0.03488163
6207,3.067934811115265,0.6696086525917053,0.039500564
6208,4.64654266834259,0.7445789873600006,0.032936156
6209,3.2543006539344788,0.6790308058261871,0.03866206
6210,3.4669843316078186,0.6896113157272339,0.037726868
6211,4.217456579208374,0.7253411710262299,0.03460407
6212,8.699102997779846,0.8811160698533058,0.020655934
6213,4.539777636528015,0.739883303642273,0.033343494
6214,2.1835698187351227,0.6231136620044708,0.04373423
6215,2.7237483859062195,0.6518461406230927,0.041097235
6216,4.713092744350433,0.747481644153595,0.032684766
6217,3.908454477787018,0.7109401524066925,0.035857275
6218,2.6879557967185974,0.6499757766723633,0.041266933
6219,1.4193686842918396,0.5809909701347351,0.047756404
6220,2.9395031929016113,0.6630349159240723,0.040088966
6221,4.169439971446991,0.7231314778327942,0.0347959
6222,1.587522029876709,0.5903809368610382,0.046840753
6223,5.474289655685425,0.7791121453046799,0.029942326
6224,2.8952735662460327,0.6607576012611389,0.040293626
6225,2.4761104583740234,0.6387969553470612,0.042285796
6226,2.7973708510398865,0.6556831002235413,0.040750366
6227,3.0761542916297913,0.6700307428836823,0.0394632
6228,2.275504022836685,0.6280718743801117,0.04327378
6229,5.709507465362549,0.7882921993732452,0.029142357
6230,2.732553482055664,0.6523065865039825,0.041055594
6231,4.714740216732025,0.7475539743900299,0.032678567
6232,2.0656393468379974,0.6167161762714386,0.044332072
6233,5.875118374824524,0.7945864945650101,0.02859197
6234,5.861467123031616,0.7940729111433029,0.02863695
6235,5.20655632019043,0.7683207392692566,0.030879635
6236,3.7333276867866516,0.7025837004184723,0.03658757
6237,3.8614261150360107,0.7087096273899078,0.036051948
6238,2.3426856100559235,0.6316790580749512,0.042940367
6239,6.422868967056274,0.8144093155860901,0.026844578
6240,5.934435725212097,0.7968070805072784,0.028397376
6241,2.9614731669425964,0.6641730070114136,0.039987687
6242,4.422441124916077,0.7346422076225281,0.033796985
6243,3.35379958152771,0.684005618095398,0.038221706
6244,7.9137831926345825,0.8608321845531464,0.022610536
6245,2.6862356066703796,0.6498749554157257,0.04127511
6246,4.20381098985672,0.7247131764888763,0.034658477
6247,4.219024479389191,0.7254116833209991,0.034597818
6248,3.1789278984069824,0.6752385795116425,0.03899901
6249,2.4134427309036255,0.6354606449604034,0.042591985
6250,1.8039251863956451,0.6023740172386169,0.045688163
6251,4.195713102817535,0.724341094493866,0.0346908
6252,1.5804935991764069,0.5899895131587982,0.046878677
6253,3.9560118317604065,0.7131849825382233,0.035661485
6254,4.583428502082825,0.7418043315410614,0.03317635
6255,4.610931575298309,0.7430165112018585,0.033071462
6256,2.849854528903961,0.658407062292099,0.040504873
6257,3.8458064198493958,0.7079669833183289,0.036116835
6258,4.024007022380829,0.7163743376731873,0.03538341
6259,4.827907979488373,0.7524396926164627,0.032255556
6260,3.866024613380432,0.708928257226944,0.036032863
6261,5.297334790229797,0.7720206379890442,0.03055859
6262,3.5212168097496033,0.6922778189182281,0.037492044
6263,2.178400605916977,0.6228343546390533,0.043760274
6264,8.236159682273865,0.8694927394390106,0.021786727
6265,6.510588526725769,0.8174430578947067,0.026574833
6266,2.409009635448456,0.6352254450321198,0.042613726
6267,7.038375735282898,0.8348842263221741,0.02500813
6268,2.6422587037086487,0.6475747227668762,0.041484613
6269,1.6471083462238312,0.5937007963657379,0.046520524
6270,2.678091526031494,0.6494571566581726,0.041313823
6271,9.651882648468018,0.9022436663508415,0.018509978
6272,2.4717845022678375,0.6385662257671356,0.04230686
6273,3.02092581987381,0.6672098934650421,0.03971492
6274,5.252006649971008,0.7701765894889832,0.030718477
6275,3.2749834656715393,0.6800696849822998,0.038570102
6276,3.780554234981537,0.7048487961292267,0.036389176
6277,7.23758339881897,0.8411113321781158,0.024441106
6278,4.703134298324585,0.7470493018627167,0.03272226
6279,3.439478278160095,0.6882540285587311,0.037846535
6280,4.334242343902588,0.7306644916534424,0.034141913
6281,2.565232515335083,0.6435180008411407,0.04185414
6282,1.778312772512436,0.6009608209133148,0.045823094
6283,3.935483992099762,0.712217777967453,0.035745867
6284,2.23848894238472,0.6260786056518555,0.043458585
6285,1.1658925563097,0.5667139887809753,0.049170583
6286,1.7762717604637146,0.6008482873439789,0.045833856
6287,4.193890392780304,0.7242533564567566,0.034698084
6288,2.655279040336609,0.6482604742050171,0.041422475
6289,2.6356858015060425,0.6472307443618774,0.041516017
6290,4.425860345363617,0.7347952127456665,0.03378368
6291,5.024014711380005,0.76075479388237,0.031535465
6292,2.979017198085785,0.6650658249855042,0.039907005
6293,1.2282348424196243,0.5702353119850159,0.048818927
6294,2.443488985300064,0.6370618343353271,0.042444903
6295,2.56582111120224,0.6435491740703583,0.041851297
6296,4.51356053352356,0.7387059330940247,0.033444293
6297,1.296909898519516,0.5741072297096252,0.04843447
6298,3.8826599717140198,0.7097179889678955,0.035963923
6299,4.625637531280518,0.7436625063419342,0.033015523
6300,4.902622699737549,0.7556306272745132,0.031979293
6301,6.904497146606445,0.8305912464857101,0.025396578
6302,3.5346946120262146,0.6929385960102081,0.03743392
6303,4.569830298423767,0.7412052154541016,0.033228334
6304,7.178256511688232,0.8392764627933502,0.024608616
6305,4.293090403079987,0.7287945449352264,0.034304056
6306,2.1749845147132874,0.622649222612381,0.04377749
6307,4.7181591391563416,0.7477024495601654,0.032665707
6308,11.067051887512207,0.9274569004774094,0.015727056
6309,6.017293334007263,0.79987832903862,0.028127773
6310,3.026054799556732,0.6674722731113434,0.039691478
6311,3.892013132572174,0.7101612985134125,0.035925213
6312,4.722357988357544,0.7479084134101868,0.032649916
6313,4.391410052776337,0.7332468628883362,0.03391794
6314,2.6750731468200684,0.6493014991283417,0.041328184
6315,4.327429533004761,0.73035529255867,0.034168705
6316,2.1624374389648438,0.6219631433486938,0.043840762
6317,2.026333808898926,0.614574134349823,0.04453314
6318,4.20868307352066,0.724934846162796,0.034639042
6319,3.7231937050819397,0.7020934820175171,0.036630284
6320,4.776313602924347,0.7502200901508331,0.032447737
6321,4.7230347990989685,0.7479314804077148,0.032647375
6322,7.396137714385986,0.8459292948246002,0.023999
6323,2.3168450593948364,0.6302929222583771,0.0430683
6324,4.389474391937256,0.733159750699997,0.0339255
6325,3.2294660806655884,0.6777851581573486,0.038772754
6326,1.2087075412273407,0.5691336393356323,0.04892881
6327,4.152587652206421,0.7223538458347321,0.034863472
6328,4.778718054294586,0.7503236532211304,0.032438755
6329,1.639399230480194,0.5932664275169373,0.046561833
6330,1.5576399862766266,0.5887156128883362,0.047002185
6331,0.7171988487243652,0.541191577911377,0.051777378
6332,5.592842698097229,0.7837744951248169,0.029536422
6333,7.8396910429000854,0.8587751984596252,0.022804234
6334,3.66364985704422,0.6992195546627045,0.03688226
6335,5.549103617668152,0.7820626795291901,0.029685533
6336,5.893959403038025,0.7952918410301208,0.028530018
6337,5.79399049282074,0.7915202230215073,0.028860275
6338,5.5192631483078,0.7808892577886581,0.029787695
6339,3.5984164476394653,0.6960504353046417,0.0371603
6340,4.0574488043785095,0.717939168214798,0.035247438
6341,3.9586877822875977,0.7133112251758575,0.0356505
6342,4.181935787200928,0.7237068116664886,0.034745872
6343,3.2865017652511597,0.6806471645832062,0.03851899
6344,2.511504590511322,0.6406750679016113,0.042113833
6345,3.820033371448517,0.7067384421825409,0.03622416
6346,1.5227338671684265,0.586769163608551,0.047191445
6347,5.359909534454346,0.774545282125473,0.030339232
6348,5.1886069774627686,0.7675843238830566,0.03094352
6349,2.2450634837150574,0.6264321804046631,0.043425698
6350,2.5869879126548767,0.6446662843227386,0.041749433
6351,2.964797616004944,0.6643343269824982,0.03997239
6352,4.216413497924805,0.7252916097640991,0.03460823
6353,2.132493257522583,0.6203478574752808,0.04399217
6354,5.834033489227295,0.7930375635623932,0.028727537
6355,3.199136257171631,0.676263839006424,0.03890839
6356,2.912687361240387,0.6616564095020294,0.04021293
6357,4.645068049430847,0.7445141673088074,0.032941747
6358,5.793095231056213,0.7914858162403107,0.028863251
6359,2.247288078069687,0.626554399728775,0.04341458
6360,7.6533472537994385,0.8534938544034958,0.023298752
6361,4.228139519691467,0.725826621055603,0.03456154
6362,1.9762060046195984,0.6118365526199341,0.04479089
6363,6.794143915176392,0.826985776424408,0.025721293
6364,4.616323113441467,0.7432534694671631,0.03305094
6365,3.926192820072174,0.7117775678634644,0.03578412
6366,3.869047462940216,0.709071934223175,0.036020327
6367,3.459150791168213,0.6892203688621521,0.037760913
6368,1.9302797317504883,0.6093219518661499,0.04502835
6369,9.087415933609009,0.8901676535606384,0.019752825
6370,4.4763436913490295,0.7370543479919434,0.0335879
6371,2.410544604063034,0.6353060603141785,0.0426062
6372,2.5568583607673645,0.6430756747722626,0.041894507
6373,7.880356311798096,0.85990771651268,0.022697717
6374,6.126861572265625,0.8038857132196426,0.027775185
6375,2.104393243789673,0.6188226640224457,0.04413472
6376,3.8091763854026794,0.7062212228775024,0.03626947
6377,2.4971970915794373,0.6399162411689758,0.04218326
6378,4.378962516784668,0.7326859831809998,0.033966586
6379,4.921828508377075,0.7564467489719391,0.03190866
6380,2.4034319818019867,0.6349261403083801,0.042641103
6381,2.902936637401581,0.6611570119857788,0.04025809
6382,4.884653091430664,0.7548656463623047,0.03204552
6383,2.7139443159103394,0.6513346433639526,0.041143652
6384,2.6231828331947327,0.6465737223625183,0.041575827
6385,2.6676899194717407,0.6489176452159882,0.041363332
6386,2.657386362552643,0.6483708024024963,0.04141242
6387,6.457069516181946,0.8155967742204666,0.026739085
6388,4.528560936450958,0.7393782436847687,0.033386584
6389,10.390530824661255,0.9162530153989792,0.01700096
6390,3.9580348134040833,0.7132804691791534,0.035653178
6391,4.923383891582489,0.7565119862556458,0.031902947
6392,6.301383972167969,0.8101441264152527,0.027222672
6393,3.626137375831604,0.6973973214626312,0.03704189
6394,4.551679790019989,0.7404026687145233,0.033297837
6395,3.4920519590377808,0.6908454298973083,0.03761815
6396,4.482162594795227,0.7373145520687103,0.033565406
6397,5.435945391654968,0.7775853276252747,0.030074801
6398,4.028854668140411,0.716605931520462,0.035363667
6399,3.3058103919029236,0.6816115081310272,0.038433462
6400,3.0434849858283997,0.6683622300624847,0.039611906
6401,3.7135139107704163,0.701628178358078,0.03667113
6402,5.7788413763046265,0.7909442186355591,0.028910656
6403,5.069746375083923,0.7626659870147705,0.03136987
6404,3.328278958797455,0.6827334761619568,0.038334172
6405,4.161489307880402,0.7227531671524048,0.03482776
6406,5.357180833816528,0.7744327187538147,0.030348767
6407,3.1063809990882874,0.6715647578239441,0.03932611
6408,4.725492596626282,0.7480208575725555,0.032638136
6409,4.353140592575073,0.7315039038658142,0.034067716
6410,2.1999414265155792,0.6239984631538391,0.04365188
6411,5.092155337333679,0.7635988593101501,0.031289037
6412,3.93780916929245,0.7123274505138397,0.0357363
6413,3.1233417987823486,0.6724254488945007,0.039249394
6414,3.722218871116638,0.7020470499992371,0.036634397
6415,1.9938017427921295,0.6127980649471283,0.044700254
6416,11.343474388122559,0.9316250830888748,0.015234433
6417,2.5501736998558044,0.6427356004714966,0.04192676
6418,3.412228524684906,0.6869058310985565,0.037965454
6419,4.902634620666504,0.7556308656930923,0.03197925
6420,4.831950068473816,0.7526147365570068,0.032240555
6421,3.5212892293930054,0.6922813951969147,0.03749174
6422,1.9933894276618958,0.6127755641937256,0.04470237
6423,0.87651327252388,0.5502853095531464,0.05083635
6424,3.975265324115753,0.7140932381153107,0.035582528
6425,2.8154584765434265,0.6566234230995178,0.040665593
6426,6.8871623277664185,0.830028235912323,0.025447315
6427,5.260414481163025,0.7705204635858536,0.030688757
6428,3.9870238304138184,0.7146431803703308,0.035534386
6429,6.585155129432678,0.8199912160634995,0.026347673
6430,4.434139728546143,0.7351670861244202,0.033751503
6431,4.15984034538269,0.7226888835430145,0.03483437
6432,0.23406008258461952,0.5134696364402771,0.054739017
6433,3.494741916656494,0.6909761726856232,0.0376065
6434,2.009986788034439,0.6136819124221802,0.044617027
6435,3.4172728657722473,0.6871541440486908,0.03794341
6436,2.152165472507477,0.6214139759540558,0.043892648
6437,4.745703041553497,0.7488970458507538,0.032562282
6438,2.528303861618042,0.6415649354457855,0.042032465
6439,2.723325490951538,0.6518241167068481,0.04109924
6440,4.514399766921997,0.7387561500072479,0.03344106
6441,1.7049795389175415,0.5969019830226898,0.046211604
6442,7.044813632965088,0.8350861668586731,0.024989601
6443,6.234111189842224,0.8077508360147476,0.02743434
6444,3.7518784403800964,0.7034753859043121,0.036509518
6445,3.591054081916809,0.6956935822963715,0.03719181
6446,4.356434643268585,0.7316565811634064,0.034054797
6447,4.035453498363495,0.7169130146503448,0.03533681
6448,6.52005672454834,0.8177676647901535,0.026545884
6449,4.680853486061096,0.7460780441761017,0.032806303
6450,3.2123416662216187,0.6769223511219025,0.038849276
6451,4.309331476688385,0.7295340597629547,0.034239974
6452,4.058942496776581,0.7180088460445404,0.035241377
6453,4.017210900783539,0.716059148311615,0.035411105
6454,2.9526731371879578,0.6637118458747864,0.040028222
6455,2.5773632526397705,0.6441589593887329,0.04179573
6456,0.1517272088676691,0.5087323188781738,0.05526035
6457,5.026055574417114,0.7608401924371719,0.031528063
6458,3.7290391325950623,0.7023768126964569,0.036605645
6459,3.408563733100891,0.6867252290248871,0.037981477
6460,5.071805715560913,0.7627544850111008,0.031362433
6461,3.2820674777030945,0.6804236471652985,0.038538672
6462,3.148031234741211,0.6736767292022705,0.03913798
6463,4.623311758041382,0.7435609400272369,0.033024356
6464,6.399492621421814,0.8135941177606583,0.026916921
6465,2.509324550628662,0.6405596435070038,0.042124406
6466,3.3141717314720154,0.6820296049118042,0.03839648
6467,3.008542060852051,0.666577011346817,0.039771587
6468,6.711004376411438,0.8242289125919342,0.025968675
6469,5.572569966316223,0.7829823195934296,0.029605443
6470,3.759400248527527,0.7038364112377167,0.036477912
6471,4.425623416900635,0.7347850799560547,0.0337846
6472,3.43550443649292,0.688057541847229,0.03786385
6473,5.863935351371765,0.7941649705171585,0.028628804
6474,2.8523319959640503,0.6585353016853333,0.04049332
6475,0.5200327932834625,0.529899924993515,0.052966144
6476,4.797875881195068,0.7511473298072815,0.03236728
6477,2.2170428931713104,0.6249220967292786,0.04356602
6478,6.926954388618469,0.8313165456056595,0.025330998
6479,4.7861140966415405,0.7506399899721146,0.03241114
6480,6.8330347537994385,0.8282627612352371,0.025606386
6481,4.017162322998047,0.7160568237304688,0.035411302
6482,2.6713380217552185,0.6491027772426605,0.041345965
6483,6.846497654914856,0.8287032693624496,0.025566729
6484,6.9821107387542725,0.8330907374620438,0.025170652
6485,2.231394052505493,0.6256961822509766,0.04349409
6486,5.918148159980774,0.7961972951889038,0.028450679
6487,3.979388177394867,0.7142871022224426,0.035565633
6488,1.9509892165660858,0.6104559004306793,0.044921115
6489,4.478166997432709,0.7371360063552856,0.03358085
6490,2.2886213660240173,0.6287739276885986,0.04320848
6491,6.172499656677246,0.8055374771356583,0.027629625
6492,3.853673040866852,0.7083409428596497,0.036084145
6493,4.0136319398880005,0.7158915996551514,0.035425697
6494,3.6018839478492737,0.6962205469608307,0.037145462
6495,1.5586963295936584,0.5887757241725922,0.046996463
6496,2.038419395685196,0.6152330338954926,0.04447122
6497,3.113700747489929,0.6719349324703217,0.039292976
6498,3.5180988907814026,0.692122608423233,0.037505507
6499,8.241829872131348,0.869637057185173,0.021772513
6500,4.098007678985596,0.719826340675354,0.035083238
6501,3.5830143094062805,0.6953010857105255,0.03722625
6502,3.498564660549164,0.6911662817001343,0.03758995
6503,2.3907023668289185,0.6342467367649078,0.042703647
6504,4.849187135696411,0.7533505111932755,0.032176636
6505,1.9869793951511383,0.6124258637428284,0.044735372
6506,1.2311330437660217,0.5703988373279572,0.04880265
6507,5.176535248756409,0.7670935392379761,0.030986553
6508,5.278094410896301,0.771237850189209,0.030626355
6509,6.790453791618347,0.8268636763095856,0.025732223
6510,2.8543591499328613,0.6586403846740723,0.04048387
6511,3.5596612095832825,0.6941602230072021,0.037326477
6512,4.759659469127655,0.7495009005069733,0.03251
6513,2.2224552929401398,0.6252140700817108,0.04353888
6514,2.464943528175354,0.6382032632827759,0.04234019
6515,2.721436321735382,0.6517270803451538,0.041108176
6516,7.163970470428467,0.8388329297304153,0.024649125
6517,1.8178585171699524,0.6031425297260284,0.045614935
6518,2.8431424498558044,0.6580555737018585,0.040536188
6519,5.6599509716033936,0.7863789945840836,0.0293091
6520,4.166276156902313,0.722985714673996,0.034808572
6521,3.1826087832450867,0.6754253506660461,0.03898249
6522,5.267889499664307,0.7708244621753693,0.030662358
6523,4.420388042926788,0.7345529198646545,0.033804975
6524,6.974384188652039,0.8328428715467453,0.025193052
6525,2.593608796596527,0.6450153887271881,0.041717622
6526,4.2564550042152405,0.7271250486373901,0.034449052
6527,3.5073071718215942,0.6915943026542664,0.037552133
6528,4.587968587875366,0.7420054078102112,0.033159014
6529,4.171494245529175,0.7232266664505005,0.03478767
6530,7.240375876426697,0.8411969691514969,0.02443325
6531,1.8577827513217926,0.6053409576416016,0.045405746
6532,1.910908818244934,0.6082592606544495,0.045128882
6533,2.908802032470703,0.6614530682563782,0.040230915
6534,7.553521990776062,0.8505933582782745,0.023568066
6535,7.842811942100525,0.8588464856147766,0.02279604
6536,2.0508134365081787,0.6159084439277649,0.044407804
6537,4.934124946594238,0.7569672912359238,0.03186352
6538,2.745104432106018,0.6529576182365417,0.040996313
6539,4.515638649463654,0.7388042509555817,0.033436295
6540,1.2698093056678772,0.5725798606872559,0.04858582
6541,3.631875514984131,0.6976790726184845,0.03701743
6542,4.33874636888504,0.7308682501316071,0.034124218
6543,1.1631730943918228,0.5665599703788757,0.04918599
6544,3.7012985348701477,0.7010402381420135,0.036722742
6545,2.766583263874054,0.6540819406509399,0.040895056
6546,2.6989340782165527,0.6505488157272339,0.041214813
6547,4.847458302974701,0.7532774657011032,0.032183044
6548,3.013724982738495,0.6668419539928436,0.03974786
6549,4.002403914928436,0.715365469455719,0.035471525
6550,9.34539020061493,0.8958419039845467,0.019174784
6551,4.702534973621368,0.7470240294933319,0.032724515
6552,2.891434133052826,0.660556972026825,0.040311437
6553,3.0406564474105835,0.6682169139385223,0.03962481
6554,1.6592925786972046,0.5943708121776581,0.04645531
6555,2.7266740798950195,0.651999831199646,0.04108339
6556,6.243418455123901,0.8080836832523346,0.027404955
6557,4.44217324256897,0.7355242967605591,0.033720296
6558,2.604357898235321,0.6455807983875275,0.041666023
6559,2.48860239982605,0.6394600570201874,0.042225026
6560,3.689330518245697,0.7004627585411072,0.036773372
6561,3.7174728512763977,0.7018201947212219,0.036654424
6562,4.968431890010834,0.7584195137023926,0.031737916
6563,2.4139729142189026,0.6354926228523254,0.042589385
6564,3.9381560683250427,0.7123421728610992,0.03573487
6565,5.937724709510803,0.7969308346509933,0.028386632
6566,2.317466288805008,0.6303260624408722,0.043065224
6567,3.9847588539123535,0.7145309746265411,0.035543654
6568,3.2276052236557007,0.677691638469696,0.038781065
6569,5.6265562772750854,0.7850869596004486,0.029422
6570,4.3724605441093445,0.732392281293869,0.033992022
6571,3.810219168663025,0.7062682807445526,0.036265116
6572,2.463008165359497,0.6381001770496368,0.042349633
6573,2.9639405012130737,0.6642899513244629,0.03997634
6574,4.213844537734985,0.7251763045787811,0.03461846
6575,6.454952359199524,0.8155237883329391,0.026745604
6576,4.9713727831840515,0.7585413008928299,0.03172718
6577,6.982067227363586,0.8330900371074677,0.025170777
6578,4.730776846408844,0.7482503056526184,0.032618288
6579,2.5613123178482056,0.6433109641075134,0.041873034
6580,2.152985781431198,0.6214587092399597,0.043888498
6581,5.680275559425354,0.7871600538492203,0.029240599
6582,3.109963834285736,0.6717469394207001,0.039309893
6583,4.862366318702698,0.7539144903421402,0.032127853
6584,2.0290084183216095,0.6147202551364899,0.04451943
6585,4.996703863143921,0.7596074938774109,0.03163478
6586,4.4817280769348145,0.7372957170009613,0.033567082
6587,6.240954399108887,0.8079947680234909,0.027412733
6588,4.4930484890937805,0.7377980351448059,0.033523366
6589,2.56048321723938,0.6432676911354065,0.04187703
6590,1.2596642971038818,0.5720079839229584,0.0486426
6591,3.95764023065567,0.7132625579833984,0.035654802
6592,1.9874514639377594,0.6124547123908997,0.04473294
6593,3.532571792602539,0.6928314864635468,0.03744307
6594,3.7130287289619446,0.7016057670116425,0.03667318
6595,6.853767037391663,0.8289400935173035,0.025545338
6596,7.646246552467346,0.8532873094081879,0.023317808
6597,2.7772045135498047,0.6546343266963959,0.04084509
6598,3.8697493076324463,0.709105521440506,0.036017418
6599,2.9282891750335693,0.6624574065208435,0.040140755
6600,3.570912480354309,0.6947113275527954,0.037278157
6601,3.7608349323272705,0.70390385389328,0.03647189
6602,6.830238103866577,0.8281705230474472,0.025614632
6603,1.9941994547843933,0.6128199696540833,0.0446982
6604,5.060380697250366,0.7622756063938141,0.031403713
6605,4.733951985836029,0.7483893036842346,0.032606367
6606,2.9875361919403076,0.6655009984970093,0.039867874
6607,1.2820631265640259,0.5732701420783997,0.048517324
6608,5.408895015716553,0.7765076458454132,0.030168612
6609,6.804720163345337,0.8273332566022873,0.025689997
6610,3.876260817050934,0.7094115018844604,0.03599043
6611,3.9307495951652527,0.7119943797588348,0.03576535
6612,3.2846641540527344,0.6805547177791595,0.038527142
6613,4.111547470092773,0.7204544246196747,0.03502859
6614,4.535359740257263,0.7396790087223053,0.033360463
6615,6.616109013557434,0.8210408836603165,0.026253944
6616,3.7088868021965027,0.7014088034629822,0.03669068
6617,5.990921854972839,0.7989042848348618,0.028213305
6618,4.607668817043304,0.7428672611713409,0.033083893
6619,5.567582845687866,0.7827899008989334,0.029622443
6620,5.8238983154296875,0.7926541715860367,0.028761078
6621,6.818794012069702,0.8277956694364548,0.025648404
6622,7.532238960266113,0.849968433380127,0.023625882
6623,3.0589091777801514,0.6691495180130005,0.039541632
6624,4.666492938995361,0.7454502284526825,0.032860592
6625,4.643878638744354,0.744465172290802,0.032946255
6626,4.267891049385071,0.7276469171047211,0.034403726
6627,3.773481845855713,0.7045107185840607,0.036418825
6628,3.842388689517975,0.7077905833721161,0.036131047
6629,5.316421389579773,0.7727934271097183,0.03049151
6630,6.762900948524475,0.8259539306163788,0.02581398
6631,3.157930374145508,0.6741772294044495,0.0390934
6632,5.716930031776428,0.7885729819536209,0.029117461
6633,3.9014139771461487,0.7106069624423981,0.035886355
6634,3.211001753807068,0.6768568754196167,0.03885527
6635,4.561483860015869,0.7408353090286255,0.033260275
6636,4.250439703464508,0.726850152015686,0.03447292
6637,2.153725028038025,0.6214985251426697,0.04388476
6638,6.5248048305511475,0.8179315477609634,0.026531372
6639,1.370159536600113,0.5782239735126495,0.048027728
6640,2.7840054035186768,0.6549892127513885,0.040813114
6641,2.29155495762825,0.6289348602294922,0.04319388
6642,5.570787191390991,0.7829126268625259,0.029611515
6643,3.340824544429779,0.6833594143390656,0.038278837
6644,3.197447955608368,0.676173985004425,0.038915947
6645,3.140694499015808,0.6733051240444183,0.039171055
6646,5.5630433559417725,0.7826093435287476,0.02963793
6647,3.066057860851288,0.6695123016834259,0.03950909
6648,4.073582291603088,0.7186907529830933,0.035182033
6649,3.1878069043159485,0.6756866574287415,0.03895917
6650,6.551096439361572,0.8188299983739853,0.026451187
6651,3.3883538842201233,0.6857220530509949,0.038069956
6652,4.058844149112701,0.7180037796497345,0.03524178
6653,2.445390373468399,0.6371632516384125,0.042435613
6654,1.9159452617168427,0.6085362136363983,0.045102723
6655,2.768155336380005,0.6541633903980255,0.04088766
6656,6.958966255187988,0.8323480784893036,0.025237812
6657,3.36885005235672,0.6847501993179321,0.038155533
6658,4.191257357597351,0.7241362035274506,0.034708604
6659,4.705163836479187,0.7471366822719574,0.032714617
6660,4.6226876974105835,0.743529886007309,0.033026736
6661,2.1872036159038544,0.6233107149600983,0.043715935
6662,5.05440354347229,0.7620259523391724,0.03142533
6663,2.3944342136383057,0.6344442367553711,0.042685296
6664,6.482337713241577,0.8164702653884888,0.026661413
6665,4.611567258834839,0.7430445551872253,0.033069044
6666,4.827071130275726,0.7524031847715378,0.032258667
6667,4.619110524654388,0.7433737516403198,0.033040337
6668,3.767511248588562,0.7042238116264343,0.03644387
6669,3.705023229122162,0.7012197375297546,0.036706995
6670,2.684309184551239,0.6497839689254761,0.041284267
6671,3.2410863041877747,0.6783677637577057,0.038720924
6672,2.5327295064926147,0.6417993307113647,0.04201105
6673,2.962769567966461,0.6642314195632935,0.03998173
6674,5.447259545326233,0.7780394852161407,0.030035648
6675,2.476169317960739,0.6388004124164581,0.042285506
6676,2.0769619941711426,0.6173328459262848,0.04427432
6677,6.678783297538757,0.8231499046087265,0.026065188
6678,2.94758141040802,0.663450300693512,0.0400517
6679,4.63026225566864,0.7438656985759735,0.032997947
6680,2.105342447757721,0.6188739538192749,0.0441299
6681,4.405252933502197,0.7338704168796539,0.033863932
6682,1.8721486628055573,0.6061310470104218,0.04533072
6683,4.324240982532501,0.7302126288414001,0.034181252
6684,5.553049445152283,0.7822157740592957,0.02967205
6685,5.0802648067474365,0.7631002366542816,0.031331904
6686,2.248123586177826,0.626598060131073,0.0434104
6687,4.353741109371185,0.7315446138381958,0.03406536
6688,5.0592488050460815,0.762228325009346,0.0314078
6689,1.0808313637971878,0.5618982017040253,0.04965448
6690,2.3190882802009583,0.6304132044315338,0.043057177
6691,1.1899860203266144,0.5680756866931915,0.049034387
6692,4.433938562870026,0.7351579666137695,0.033752274
6693,4.83483761548996,0.7527346014976501,0.032229837
6694,6.136679649353027,0.8042419850826263,0.027743807
6695,9.584340453147888,0.9008650705218315,0.018654473
6696,2.723369300365448,0.6518338024616241,0.041099023
6697,3.9325860142707825,0.7120829224586487,0.03575779
6698,4.547697305679321,0.7402263581752777,0.033313107
6699,0.6676896661520004,0.5383607447147369,0.05207335
6700,2.853742837905884,0.6586086750030518,0.04048674
6701,5.384010076522827,0.7755146771669388,0.030255167
6702,1.2283499538898468,0.5702419877052307,0.04881828
6703,4.000498652458191,0.7152726650238037,0.035479307
6704,3.3041080832481384,0.6815271377563477,0.038440995
6705,4.348152279853821,0.7312868237495422,0.034087285
6706,6.469664573669434,0.8160325884819031,0.02670034
6707,6.106402277946472,0.8031425178050995,0.027840683
6708,4.672861695289612,0.7457298338413239,0.032836504
6709,4.371362626552582,0.7323422431945801,0.033996318
6710,2.786906659603119,0.6551397144794464,0.040799484
6711,2.0616531372070312,0.6164976954460144,0.044352427
6712,4.480409622192383,0.7372365593910217,0.03357218
6713,3.38396817445755,0.6855053007602692,0.03808917
6714,6.162945032119751,0.8051941841840744,0.027660038
6715,3.610876500606537,0.6966580152511597,0.03710703
6716,1.3128814101219177,0.5750051140785217,0.048345488
6717,2.752792239189148,0.6533622741699219,0.040960044
6718,3.2192423939704895,0.6772700250148773,0.038818423
6719,2.497974932193756,0.6399624049663544,0.042179484
6720,2.4744676053524017,0.6387090086936951,0.04229379
6721,6.646642088890076,0.8220711499452591,0.026161816
6722,3.6633914709091187,0.6992071568965912,0.036883358
6723,3.835088312625885,0.7074563205242157,0.03616143
6724,6.25883936882019,0.808632880449295,0.027356343
6725,2.69564688205719,0.6503762304782867,0.041230414
6726,6.602783203125,0.8205896764993668,0.026294254
6727,6.5903013944625854,0.8201624751091003,0.026332065
6728,6.589983105659485,0.8201552480459213,0.026333032
6729,2.9979443550109863,0.6660341918468475,0.039820142
6730,3.4848278760910034,0.6904900968074799,0.03764945
6731,3.0102133750915527,0.666662186384201,0.039763927
6732,5.765907168388367,0.7904483824968338,0.02895374
6733,4.462873637676239,0.7364534139633179,0.033640023
6734,3.1590092182159424,0.674231767654419,0.039088555
6735,7.1496134996414185,0.8383840471506119,0.0246899
6736,5.795076489448547,0.7915614694356918,0.028856669
6737,1.1062276363372803,0.5633377730846405,0.049509514
6738,4.799604415893555,0.7512237131595612,0.03236084
6739,1.297169178724289,0.5741208493709564,0.048433017
6740,4.327164888381958,0.7303412854671478,0.034169756
6741,2.7296292781829834,0.6521542966365814,0.04106942
6742,2.1093586087226868,0.6190924644470215,0.04410949
6743,4.846831858158112,0.7532505095005035,0.032185365
6744,4.078434407711029,0.7189166247844696,0.03516238
6745,9.810091853141785,0.9054101034998894,0.018175878
6746,4.818428456783295,0.7520345151424408,0.032290783
6747,4.767366349697113,0.7498336434364319,0.032481167
6748,3.3090004324913025,0.6817704141139984,0.03841935
6749,3.013419210910797,0.6668257117271423,0.039749254
6750,2.758803069591522,0.653674989938736,0.0409317
6751,4.643709659576416,0.744454950094223,0.032946896
6752,2.5512337684631348,0.6427782475948334,0.041921645
6753,4.65398907661438,0.7449049055576324,0.03290793
6754,4.013889729976654,0.715903639793396,0.03542465
6755,6.302599310874939,0.8101836293935776,0.027218867
6756,2.220546305179596,0.625112384557724,0.04354845
6757,3.272463381290436,0.6799468696117401,0.038581297
6758,3.976593315601349,0.7141536772251129,0.035577085
6759,3.197910785675049,0.6761931777000427,0.038913876
6760,3.966307044029236,0.7136703431606293,0.035619237
6761,5.59542179107666,0.7838754504919052,0.029527655
6762,5.077922344207764,0.7629998326301575,0.031340353
6763,6.256720423698425,0.8085570484399796,0.027363017
6764,6.236982941627502,0.8078524619340897,0.027425269
6765,2.3427212238311768,0.6316804885864258,0.04294019
6766,1.8329717218875885,0.6039755940437317,0.045535635
6767,4.827505946159363,0.7524218857288361,0.032257058
6768,0.3825957328081131,0.5220109522342682,0.053810894
6769,0.5699784681200981,0.5327634215354919,0.052662455
6770,3.2983818650245667,0.6812421977519989,0.038466346
6771,6.99126124382019,0.8333835601806641,0.025144149
6772,3.7612664699554443,0.7039240002632141,0.036470078
6773,4.434381723403931,0.7351779043674469,0.033750556
6774,1.7561618983745575,0.5997406542301178,0.045940097
6775,3.3228015899658203,0.6824611127376556,0.03835835
6776,4.812608361244202,0.7517829090356827,0.03231243
6777,4.161853492259979,0.7227815985679626,0.0348263
6778,5.067883729934692,0.7625842690467834,0.031376597
6779,3.834216594696045,0.7074147760868073,0.03616506
6780,7.324223518371582,0.8437591344118118,0.024198523
6781,5.037674307823181,0.7613265812397003,0.031485915
6782,3.8081490993499756,0.7061701118946075,0.036273755
6783,3.298419713973999,0.6812461614608765,0.03846618
6784,2.6981449127197266,0.6505074799060822,0.041218556
6785,2.0727597177028656,0.6171031594276428,0.044295743
6786,1.8354220688343048,0.6041105091571808,0.04552279
6787,4.450047612190247,0.7358802556991577,0.033689737
6788,4.338541626930237,0.7308584749698639,0.03412502
6789,1.7140239477157593,0.5974054634571075,0.046163503
6790,7.005261182785034,0.8338304162025452,0.025103655
6791,8.722981810569763,0.8816908299922943,0.02059923
6792,2.2283153235912323,0.6255298852920532,0.043509513
6793,4.991137087345123,0.7593711614608765,0.031655062
6794,3.500019907951355,0.6912370324134827,0.037583657
6795,9.648070931434631,0.9021667540073395,0.018518105
6796,2.8742149472236633,0.659667581319809,0.04039143
6797,3.345523178577423,0.6835947930812836,0.038258143
6798,5.308019518852234,0.7724535465240479,0.03052102
6799,3.8754481077194214,0.7093502581119537,0.035993796
6800,4.137374758720398,0.7216508984565735,0.03492458
6801,1.4129844307899475,0.5806278586387634,0.047791515
6802,4.057895541191101,0.7179567813873291,0.035245627
6803,6.775888800621033,0.8263828456401825,0.025775412
6804,2.240225672721863,0.6261723041534424,0.043449894
6805,2.0065107941627502,0.6134954392910004,0.04463489
6806,2.884097695350647,0.6601775884628296,0.040345497
6807,5.222233533859253,0.7689620554447174,0.030823952
6808,5.314042568206787,0.7726975977420807,0.03049986
6809,2.934984862804413,0.6628046333789825,0.040109828
6810,4.843292236328125,0.7530985176563263,0.03219848
6811,4.107344746589661,0.7202586829662323,0.03504555
6812,3.262127637863159,0.6794255375862122,0.038627233
6813,7.305805087089539,0.8431993573904037,0.024249889
6814,8.311681747436523,0.8714495152235031,0.02159812
6815,5.517094135284424,0.7808092385530472,0.02979513
6816,4.840896427631378,0.7529963552951813,0.032207366
6817,2.4324093759059906,0.6364715993404388,0.04249908
6818,5.366338491439819,0.7748030573129654,0.030316781
6819,4.240765273571014,0.7264057993888855,0.03451133
6820,4.444151520729065,0.7356157004833221,0.033712614
6821,4.519035518169403,0.7389554083347321,0.033423215
6822,4.387759566307068,0.73308265209198,0.033932198
6823,2.5558188557624817,0.643020749092102,0.04189952
6824,3.7691769003868103,0.7043051719665527,0.03643688
6825,4.274123013019562,0.7279313802719116,0.03437905
6826,2.193906456232071,0.6236730217933655,0.043682225
6827,3.3073535561561584,0.68168905377388,0.038426634
6828,4.8995161056518555,0.7554976940155029,0.031990737
6829,2.7935966849327087,0.6554876565933228,0.040768072
6830,2.454576939344406,0.6376517713069916,0.042390764
6831,3.7250635027885437,0.7021825313568115,0.036622405
6832,6.215866208076477,0.8070968389511108,0.027492026
6833,4.398738443851471,0.7335762083530426,0.033889335
6834,2.4253958463668823,0.6360979974269867,0.04253341
6835,5.146382451057434,0.7658434510231018,0.031094309
6836,1.2693718075752258,0.5725553333759308,0.048588272
6837,4.272855222225189,0.7278732657432556,0.034384068
6838,1.6018955409526825,0.5911813378334045,0.04676331
6839,5.719206929206848,0.7886648178100586,0.029109832
6840,2.4649740755558014,0.6382048726081848,0.042340048
6841,4.296719133853912,0.7289608418941498,0.034289733
6842,4.054538607597351,0.7178033888339996,0.03525925
6843,1.1983616650104523,0.5685487687587738,0.048987124
6844,7.826627492904663,0.8584110885858536,0.022838553
6845,5.805483460426331,0.791953518986702,0.028822113
6846,4.258222877979279,0.7272055447101593,0.034442034
6847,2.3695166409015656,0.6331138610839844,0.04280792
6848,8.011203408241272,0.8634976446628571,0.022358354
6849,5.266858339309692,0.7707831561565399,0.030665997
6850,4.434646666049957,0.7351859509944916,0.033749525
6851,3.4645116329193115,0.689490020275116,0.037737615
6852,2.165570557117462,0.62213996052742,0.043824952
6853,6.003316640853882,0.7993624359369278,0.02817307
6854,5.551319718360901,0.7821498066186905,0.02967796
6855,2.258090227842331,0.627135306596756,0.04336062
6856,1.613251119852066,0.5918128192424774,0.046702217
6857,4.136318266391754,0.7216019928455353,0.034928836
6858,3.6341965198516846,0.697791576385498,0.03700754
6859,5.289216637611389,0.7716903686523438,0.030587161
6860,5.717908143997192,0.7886130511760712,0.029114183
6861,4.652683138847351,0.74484783411026,0.03291288
6862,6.29600465297699,0.8099540919065475,0.027239544
6863,4.234685301780701,0.7261322438716888,0.034535497
6864,2.7673763036727905,0.6541233360767365,0.040891327
6865,5.304036736488342,0.7722929269075394,0.03053502
6866,2.680864930152893,0.6496074199676514,0.04130064
6867,5.154018998146057,0.7661614269018173,0.031066984
6868,3.326033651828766,0.6826200485229492,0.038344078
6869,3.0831682682037354,0.6703847348690033,0.039431345
6870,10.078728199005127,0.9105780124664307,0.017622342
6871,6.540240049362183,0.818459764122963,0.02648427
6872,4.05776709318161,0.7179551422595978,0.03524615
6873,5.168180465698242,0.7667417675256729,0.031016372
6874,2.7845299243927,0.6550156474113464,0.04081065
6875,3.613719642162323,0.6967957317829132,0.037094884
6876,4.670438468456268,0.7456243336200714,0.032845665
6877,2.2098903357982635,0.6245359480381012,0.043601904
6878,4.025084674358368,0.7164276242256165,0.03537902
6879,4.6004751324653625,0.7425566017627716,0.0331113
6880,3.793836832046509,0.7054865956306458,0.03633358
6881,4.630296230316162,0.7438674569129944,0.032997817
6882,3.4307408332824707,0.6878209114074707,0.037884623
6883,3.1197720766067505,0.6722446978092194,0.03926552
6884,2.4809300899505615,0.6390545666217804,0.042262334
6885,3.270411491394043,0.6798406541347504,0.03859042
6886,7.33948826789856,0.8442215621471405,0.02415603
6887,3.5188624262809753,0.6921619176864624,0.037502218
6888,5.818948745727539,0.7924673557281494,0.028777465
6889,2.5829046964645386,0.644450843334198,0.041769072
6890,4.090349972248077,0.7194714844226837,0.03511418
6891,1.7503996193408966,0.5994200110435486,0.045970585
6892,4.165907502174377,0.7229685485363007,0.03481005
6893,1.4038409292697906,0.5801151096820831,0.047841854
6894,4.536210000514984,0.7397187650203705,0.033357196
6895,2.945343852043152,0.6633354723453522,0.04006202
6896,6.197147369384766,0.8064249008893967,0.027551336
6897,4.6870386600494385,0.7463464438915253,0.032782953
6898,4.5652273297309875,0.7410021126270294,0.033245943
6899,1.332467943429947,0.5761074721813202,0.048236594
6900,4.503405392169952,0.7382605969905853,0.033483416
6901,3.2051169872283936,0.6765596866607666,0.038881607
6902,2.476607859134674,0.6388238072395325,0.042283375
6903,4.968088865280151,0.7584028542041779,0.031739168
6904,3.070550858974457,0.6697425842285156,0.039488666
6905,2.214849144220352,0.6248061656951904,0.043577023
6906,1.8133309483528137,0.602893203496933,0.045638718
6907,6.277644038200378,0.8093011975288391,0.027297182
6908,2.5062373280525208,0.6403957903385162,0.04213938
6909,5.92612624168396,0.7964966893196106,0.028424555
6910,4.673494100570679,0.7457557022571564,0.032834116
6911,3.5621261596679688,0.6942808330059052,0.037315883
6912,3.568635880947113,0.6945996582508087,0.037287924
6913,4.878433346748352,0.7546005398035049,0.032068476
6914,7.9483044147491455,0.8617810308933258,0.022520848
6915,5.6715404987335205,0.7868296504020691,0.02927002
6916,1.4833039045333862,0.5845710635185242,0.047406167
6917,2.708628475666046,0.6510568857192993,0.041168842
6918,3.3489692211151123,0.6837646663188934,0.038242966
6919,3.9674463868141174,0.7137257754802704,0.035614565
6920,4.466042518615723,0.7365942895412445,0.033627756
6921,7.871003746986389,0.8596467822790146,0.022722172
6922,3.7831729650497437,0.7049765884876251,0.036378212
6923,4.261211454868317,0.7273438274860382,0.03443019
6924,2.6585975289344788,0.6484346091747284,0.041406654
6925,3.4443512558937073,0.6884960830211639,0.037825305
6926,8.393035531044006,0.8735333234071732,0.021396771
6927,5.505967140197754,0.7803648710250854,0.029833324
6928,6.206804513931274,0.8067716658115387,0.02752072
6929,0.7122565805912018,0.540909081697464,0.05180685
6930,3.1833291053771973,0.6754639148712158,0.038979255
6931,7.644278407096863,0.8532296121120453,0.02332309
6932,4.848487079143524,0.753320723772049,0.032179233
6933,6.79827094078064,0.8271207809448242,0.025709078
6934,4.6483829617500305,0.7446595132350922,0.03292918
6935,4.877961277961731,0.7545804083347321,0.032070223
6936,3.272196054458618,0.6799303293228149,0.03858249
6937,1.6463302075862885,0.5936562418937683,0.046524692
6938,3.969046473503113,0.713797926902771,0.03560801
6939,4.3692547082901,0.7322475016117096,0.03400457
6940,7.929266095161438,0.8612560331821442,0.022570271
6941,5.38908839225769,0.7757177650928497,0.030237483
6942,2.2960707545280457,0.6291774213314056,0.043171436
6943,5.507831573486328,0.7804387360811234,0.029826928
6944,2.751580774784088,0.6532978713512421,0.040965755
6945,4.364908933639526,0.7320515811443329,0.03402159
6946,2.2942622005939484,0.6290792226791382,0.043180417
6947,3.2977166771888733,0.681207150220871,0.038469292
6948,7.68918514251709,0.8545183539390564,0.023202822
6949,3.8922852277755737,0.7101743817329407,0.03592409
6950,2.361717075109482,0.6326984763145447,0.042846378
6951,1.4232215285301208,0.5812017321586609,0.047735218
6952,2.219049483537674,0.6250303685665131,0.043555953
6953,6.432303786277771,0.8147374987602234,0.026815435
6954,3.1983810663223267,0.6762199401855469,0.03891177
6955,4.941977858543396,0.7572998255491257,0.03183473
6956,4.3338096141815186,0.730645477771759,0.034143616
6957,4.881546497344971,0.7547324597835541,0.032056987
6958,1.9855867326259613,0.61234912276268,0.044742543
6959,3.5947012901306152,0.6958704888820648,0.037176196
6960,5.429955720901489,0.7773506492376328,0.030095544
6961,1.7117035388946533,0.5972774922847748,0.04617584
6962,10.108733177185059,0.911139003932476,0.01756157
6963,6.134108304977417,0.8041497319936752,0.027752021
6964,6.439964771270752,0.8150039911270142,0.02679179
6965,2.2962014377117157,0.6291850507259369,0.043170787
6966,4.491529166698456,0.7377319931983948,0.033529226
6967,6.555308103561401,0.8189749717712402,0.026438365
6968,2.298789918422699,0.6293271481990814,0.043157924
6969,3.076035976409912,0.670021653175354,0.03946374
6970,4.803018569946289,0.7513701617717743,0.03234813
6971,6.008020043373108,0.7995356917381287,0.028157819
6972,5.688993334770203,0.7875028997659683,0.029211264
6973,3.987880051136017,0.7146840691566467,0.035530884
6974,5.7608962059021,0.7902603000402451,0.028970446
6975,2.363909035921097,0.6328142881393433,0.042835575
6976,2.081432044506073,0.6175748407840729,0.04425154
6977,4.920203387737274,0.756377562880516,0.031914633
6978,6.59712553024292,0.8203975409269333,0.026311388
6979,1.9985918700695038,0.6130599081516266,0.044675604
6980,5.804450511932373,0.7919178009033203,0.028825542
6981,3.5559651255607605,0.6939911246299744,0.037342362
6982,6.574458479881287,0.8196278959512711,0.02638014
6983,6.853848099708557,0.8289432674646378,0.025545102
6984,2.276906967163086,0.6281476318836212,0.043266788
6985,5.172744989395142,0.7669320553541183,0.031000078
6986,6.276419758796692,0.8092585355043411,0.02730103
6987,8.04585337638855,0.864435613155365,0.022269342
6988,0.8238330483436584,0.5472817420959473,0.05114561
6989,3.802141547203064,0.7058875560760498,0.036298852
6990,1.7495650053024292,0.5993728935718536,0.045975003
6991,3.2542866468429565,0.679032564163208,0.03866212
6992,4.199176728725433,0.7245003879070282,0.034676973
6993,5.200766921043396,0.7680725157260895,0.030900227
6994,4.746546447277069,0.7489331662654877,0.032559127
6995,7.047979831695557,0.8351885080337524,0.024980493
6996,3.605659604072571,0.6964042484760284,0.037129324
6997,3.866209387779236,0.70893195271492,0.0360321
6998,3.9384302496910095,0.7123565971851349,0.03573374
6999,4.277023375034332,0.7280625402927399,0.034367576
7000,4.435282349586487,0.7352280020713806,0.033747062
7001,8.041408061981201,0.8643154203891754,0.022280738
7002,4.01367723941803,0.7158914506435394,0.03542551
7003,1.5164469182491302,0.5864172577857971,0.04722562
7004,7.533578276634216,0.8500093519687653,0.023622243
7005,2.3190946877002716,0.630413681268692,0.043057147
7006,6.6895657777786255,0.8235117942094803,0.02603285
7007,3.945184648036957,0.7126755118370056,0.035705965
7008,2.4718697369098663,0.6385716795921326,0.04230644
7009,4.1635823249816895,0.7228613495826721,0.03481937
7010,2.0680443942546844,0.616846352815628,0.044319797
7011,4.462898373603821,0.7364541888237,0.033639934
7012,4.575919806957245,0.7414663136005402,0.033205044
7013,2.375093400478363,0.6334125995635986,0.04278045
7014,4.2190492153167725,0.7254144251346588,0.034597725
7015,7.637685537338257,0.8530392944812775,0.023340799
7016,2.07894429564476,0.6174395382404327,0.04426422
7017,0.9726915508508682,0.5557597577571869,0.050276544
7018,2.3806141316890717,0.6337085366249084,0.042753268
7019,3.1296566128730774,0.6727451980113983,0.03922087
7020,3.986644744873047,0.7146260142326355,0.03553594
7021,3.1161507964134216,0.672066867351532,0.03928191
7022,1.3972456753253937,0.5797452628612518,0.047878183
7023,5.186195373535156,0.7674854397773743,0.030952109
7024,8.014547228813171,0.8635884672403336,0.02234975
7025,5.947235822677612,0.7972817867994308,0.02835556
7026,5.732331275939941,0.7891690135002136,0.029065879
7027,7.536994814872742,0.8501070141792297,0.023612952
7028,1.9589976966381073,0.6108949780464172,0.04487972
7029,4.1849517822265625,0.7238437235355377,0.03473381
7030,6.988207101821899,0.8332900106906891,0.025152994
7031,5.533933043479919,0.7814669013023376,0.029737426
7032,4.068535566329956,0.7184550762176514,0.035202485
7033,3.6347201466560364,0.6978162825107574,0.03700531
7034,6.823789477348328,0.8279588222503662,0.025633655
7035,8.20707380771637,0.8687270879745483,0.021859806
7036,4.193916022777557,0.7242583334445953,0.034697987
7037,3.0952972173690796,0.6710014343261719,0.03937632
7038,4.605019688606262,0.7427567541599274,0.033093985
7039,2.6767128705978394,0.6493904292583466,0.041320384
7040,4.1270968317985535,0.7211751639842987,0.03496594
7041,2.9976993799209595,0.666021466255188,0.039821263
7042,3.009237051010132,0.6666124761104584,0.039768413
7043,1.8454986810684204,0.6046650111675262,0.045470014
7044,4.422627091407776,0.734650582075119,0.033796255
7045,2.5516974925994873,0.642802357673645,0.04191941
7046,2.229166328907013,0.6255764961242676,0.043505244
7047,3.9323431253433228,0.7120722532272339,0.035758797
7048,3.5652217268943787,0.6944321691989899,0.03730258
7049,5.486586093902588,0.7795995026826859,0.029899966
7050,3.2954418659210205,0.6810934245586395,0.038479365
7051,6.982315182685852,0.8330984562635422,0.025170062
7052,4.669330716133118,0.7455756664276123,0.032849852
7053,2.19997301697731,0.6240004897117615,0.043651726
7054,2.2415903210639954,0.62624591588974,0.043443065
7055,2.0867522060871124,0.6178640425205231,0.044224452
7056,1.9713757932186127,0.6115722060203552,0.044815805
7057,4.812348783016205,0.7517691552639008,0.0323134
7058,5.060325860977173,0.7622592449188232,0.031403907
7059,10.610193014144897,0.9200519546866417,0.016576404
7060,4.150816202163696,0.7222756445407867,0.03487058
7061,3.5282734036445618,0.692624032497406,0.037461597
7062,3.4555912017822266,0.6890483498573303,0.03777639
7063,1.7295899987220764,0.5982678830623627,0.04608085
7064,7.246602177619934,0.8413880467414856,0.02441574
7065,10.159212350845337,0.9120751172304153,0.017459804
7066,6.307976245880127,0.8103781193494797,0.027202025
7067,1.8667992949485779,0.6058370172977448,0.045358643
7068,2.2130754590034485,0.6247091591358185,0.043585923
7069,7.105164527893066,0.836993470788002,0.024816573
7070,4.432330131530762,0.7350850105285645,0.03375853
7071,1.3155394792556763,0.5751546323299408,0.048330694
7072,4.720305800437927,0.7477955222129822,0.03265764
7073,3.594042658805847,0.6958383321762085,0.037179016
7074,2.603566348552704,0.6455404758453369,0.04166983
7075,7.202370762825012,0.8400238007307053,0.024540395
7076,4.761959910392761,0.7495996057987213,0.032501396
7077,4.775861203670502,0.7502007931470871,0.03244942
7078,3.2307323813438416,0.677848607301712,0.03876711
7079,4.669354259967804,0.7455730140209198,0.032849766
7080,1.3566072285175323,0.5774638950824738,0.048102714
7081,3.6919447779655457,0.7005884349346161,0.03676231
7082,4.425229430198669,0.7347671687602997,0.03378614
7083,0.6847359240055084,0.5393348634243011,0.051971253
7084,3.7149646878242493,0.7016988396644592,0.036665007
7085,7.936533689498901,0.861458346247673,0.022551393
7086,2.0597948133945465,0.6163976788520813,0.04436191
7087,1.8219979107379913,0.6033705770969391,0.045593206
7088,4.240524172782898,0.7263937294483185,0.034512293
7089,7.859176993370056,0.8593196123838425,0.022753133
7090,7.286922931671143,0.8426234275102615,0.024302663
7091,3.2050740718841553,0.6765560209751129,0.038881797
7092,1.888630986213684,0.6070367097854614,0.04524478
7093,4.415760338306427,0.7343421280384064,0.03382299
7094,4.05331552028656,0.7177384793758392,0.035264213
7095,4.718847870826721,0.7477330267429352,0.032663118
7096,2.1960292756557465,0.6237874031066895,0.04367154
7097,3.867218494415283,0.7089850306510925,0.036027912
7098,2.243061810731888,0.6263251900672913,0.04343571
7099,7.401257753372192,0.846083477139473,0.023984855
7100,5.006694793701172,0.7600285857915878,0.031598415
7101,2.10831880569458,0.6190316379070282,0.044114776
7102,2.3889100551605225,0.6341520249843597,0.042712457
7103,4.465481340885162,0.7365696430206299,0.03362993
7104,3.56875479221344,0.6946043968200684,0.037287414
7105,4.9967169761657715,0.7596088945865631,0.031634733
7106,4.854678809642792,0.7535859495401382,0.032156304
7107,2.2211454808712006,0.6251425743103027,0.043545447
7108,2.0566409826278687,0.6162256896495819,0.044378027
7109,2.422354221343994,0.6359357833862305,0.04254831
7110,5.284237861633301,0.7714893370866776,0.030604698
7111,4.558839499950409,0.7407195270061493,0.0332704
7112,3.467603027820587,0.6896396279335022,0.037724182
7113,3.9172521233558655,0.7113557457923889,0.035820976
7114,5.566869378089905,0.7827603369951248,0.029624876
7115,6.5585023164749146,0.8190831989049911,0.026428645
7116,2.2520527243614197,0.6268129050731659,0.043390777
7117,3.248622417449951,0.6787478625774384,0.03868734
7118,3.168083429336548,0.6746910214424133,0.039047733
7119,4.041546881198883,0.7171976566314697,0.03531203
7120,5.390329957008362,0.7757677584886551,0.030233156
7121,3.0163806676864624,0.6669846773147583,0.03973571
7122,2.1940001845359802,0.6236775517463684,0.043681744
7123,4.718175530433655,0.7477036416530609,0.032665648
7124,2.0336149632930756,0.6149724125862122,0.044495825
7125,3.6333897709846497,0.6977523863315582,0.037010975
7126,3.645799458026886,0.6983532905578613,0.036958136
7127,3.453338146209717,0.6889390051364899,0.03778619
7128,4.2396581172943115,0.7263570725917816,0.034515727
7129,3.4752675890922546,0.6900197267532349,0.037690915
7130,1.648203730583191,0.5937558114528656,0.04651466
7131,2.4922309815883636,0.639652669429779,0.042207383
7132,3.268243372440338,0.67973193526268,0.038600046
7133,1.6133317351341248,0.5918206870555878,0.046701778
7134,4.909484088420868,0.7559219598770142,0.031954043
7135,4.272368252277374,0.7278511822223663,0.034385994
7136,1.9661714136600494,0.6112873256206512,0.044842668
7137,5.398304462432861,0.7760866433382034,0.030205417
7138,7.0016127824783325,0.8337121307849884,0.025114201
7139,3.905465304851532,0.7107986509799957,0.03586962
7140,2.1193303167819977,0.6196336150169373,0.044058885
7141,2.4101437628269196,0.6352846622467041,0.042608164
7142,3.9855024218559265,0.71457239985466,0.03554061
7143,6.886193752288818,0.8299967497587204,0.025450148
7144,0.1843160018324852,0.5106101632118225,0.055053405
7145,6.495653390884399,0.8169291466474533,0.026620572
7146,4.09851461648941,0.7198500037193298,0.03508119
7147,5.72320282459259,0.7888182997703552,0.029096443
7148,2.925478219985962,0.6623124480247498,0.04015375
7149,6.440222263336182,0.8150104731321335,0.026791
7150,3.290717303752899,0.6808573603630066,0.03850031
7151,5.938994884490967,0.7969764769077301,0.028382475
7152,4.00987833738327,0.7157193124294281,0.035441007
7153,4.8796263337135315,0.7546496391296387,0.032064073
7154,4.234044253826141,0.7260997891426086,0.03453805
7155,7.481189966201782,0.8484646081924438,0.023765147
7156,3.1280797719955444,0.6726657748222351,0.039227985
7157,3.548346757888794,0.6936070322990417,0.037375126
7158,3.508521318435669,0.6916550099849701,0.03754689
7159,4.098033010959625,0.7198275923728943,0.035083137
7160,1.6533149778842926,0.5940393507480621,0.046487294
7161,1.9094578921794891,0.6081796586513519,0.045136426
7162,3.8695314526557922,0.7090931832790375,0.03601832
7163,3.6563077569007874,0.6988643705844879,0.03691345
7164,4.15620893239975,0.7225212156772614,0.034848936
7165,1.7539609968662262,0.5996150970458984,0.045951743
7166,7.383835315704346,0.8455616980791092,0.024033017
7167,5.325642228126526,0.7731627970933914,0.030459158
7168,4.238003194332123,0.7262809574604034,0.03452231
7169,3.5463955998420715,0.6935103535652161,0.037383527
7170,4.235822856426239,0.726181298494339,0.03453098
7171,2.5342723727226257,0.6418817043304443,0.042003583
7172,4.013496041297913,0.7158829569816589,0.035426255
7173,0.8195281028747559,0.5470361709594727,0.051170964
7174,10.136507749557495,0.9116552323102951,0.017505504
7175,4.027382433414459,0.7165350914001465,0.03536966
7176,4.4348448514938354,0.7351985573768616,0.033748757
7177,3.627956807613373,0.69748854637146,0.037034128
7178,2.45457261800766,0.637651801109314,0.04239077
7179,4.397101700305939,0.7335031628608704,0.033895727
7180,5.240036845207214,0.7696916162967682,0.030760838
7181,3.128901422023773,0.6727063059806824,0.039224282
7182,5.964756608009338,0.7979344874620438,0.028298419
7183,6.593302488327026,0.820267453789711,0.026322974
7184,2.685188949108124,0.6498288810253143,0.041280087
7185,4.840548634529114,0.7529814690351486,0.032208655
7186,6.06963038444519,0.8018002510070801,0.027958795
7187,6.479939818382263,0.8163860440254211,0.02666877
7188,2.977893352508545,0.6650049090385437,0.03991217
7189,4.450777173042297,0.7359121441841125,0.03368691
7190,3.9951351284980774,0.7150241434574127,0.035501216
7191,3.2792723178863525,0.6802850663661957,0.03855107
7192,4.317649602890015,0.7299118638038635,0.0342072
7193,3.862403631210327,0.7087566554546356,0.03604789
7194,2.4365927278995514,0.6366949081420898,0.042478617
7195,3.100682497024536,0.6712774634361267,0.03935192
7196,2.153545469045639,0.6214885413646698,0.043885674
7197,3.1809529662132263,0.6753404140472412,0.038989924
7198,5.436312556266785,0.7776039093732834,0.03007353
7199,3.702531158924103,0.7010992467403412,0.036717534
7200,4.324143826961517,0.7302066087722778,0.034181632
7201,5.297785401344299,0.7720389515161514,0.030557
7202,5.328531265258789,0.7732803225517273,0.030449025
7203,2.583027482032776,0.6444657742977142,0.04176848
7204,2.539837062358856,0.6421754360198975,0.04197669
7205,2.9879969358444214,0.6655249893665314,0.03986577
7206,2.8195035457611084,0.6568325757980347,0.040646657
7207,3.8003620505332947,0.7057945728302002,0.0363063
7208,5.02054750919342,0.7606097161769867,0.03154806
7209,0.7705236971378326,0.5442388355731964,0.051460482
7210,3.282678723335266,0.6804551780223846,0.03853595
7211,4.285256564617157,0.728438675403595,0.034335013
7212,4.569994509220123,0.7412123680114746,0.033227704
7213,6.115818619728088,0.8034850507974625,0.027810518
7214,3.8961973786354065,0.7103599905967712,0.03590791
7215,0.8293524384498596,0.5475969314575195,0.05111312
7216,3.3548760414123535,0.6840624809265137,0.03821697
7217,2.961571216583252,0.664168655872345,0.039987244
7218,3.0741652846336365,0.6699229180812836,0.039472237
7219,7.081340551376343,0.8362431973218918,0.024884732
7220,2.2160206735134125,0.6248664855957031,0.043571148
7221,5.651026368141174,0.7860354632139206,0.029339228
7222,1.8851660192012787,0.6068465411663055,0.045262832
7223,5.201213955879211,0.7681025713682175,0.030898642
7224,3.707481622695923,0.7013369202613831,0.036696613
7225,5.684934854507446,0.787349671125412,0.029224915
7226,4.143930673599243,0.721952885389328,0.03489824
7227,5.910236239433289,0.7959028482437134,0.028476609
7228,2.5087785720825195,0.6405304968357086,0.042127054
7229,6.202258467674255,0.8066099584102631,0.027535131
7230,0.7702435553073883,0.5442227423191071,0.051462132
7231,2.0495156943798065,0.6158376634120941,0.04441445
7232,7.386576533317566,0.8456391245126724,0.024025429
7233,4.110240042209625,0.7203940153121948,0.035033863
7234,1.3129815459251404,0.5750108361244202,0.048344932
7235,1.7756357789039612,0.6008128821849823,0.045837212
7236,6.570264101028442,0.8194843232631683,0.026392886
7237,3.257138431072235,0.6791748404502869,0.03864943
7238,4.046390950679779,0.7174214124679565,0.035292342
7239,4.571253955364227,0.7412718832492828,0.033222888
7240,4.417925775051117,0.7344383299350739,0.033814564
7241,6.048823595046997,0.8010378628969193,0.028025849
7242,1.2609532475471497,0.5720807313919067,0.04863538
7243,3.107227087020874,0.6716075241565704,0.03932228
7244,2.2044314444065094,0.6242407262325287,0.043629322
7245,2.949362099170685,0.6635412871837616,0.040043492
7246,2.986276149749756,0.6654426455497742,0.039873675
7247,5.132175087928772,0.7652581930160522,0.031145206
7248,3.7596696615219116,0.7038492262363434,0.036476787
7249,3.8819080591201782,0.7096823155879974,0.03596703
7250,4.024716019630432,0.716410756111145,0.03538052
7251,6.81728720664978,0.8277480453252792,0.025652856
7252,2.7209073305130005,0.6516987383365631,0.04111068
7253,5.465829968452454,0.7787767201662064,0.029971505
7254,2.996107339859009,0.6659367382526398,0.03982856
7255,3.886560797691345,0.7099031507968903,0.03594777
7256,2.50317245721817,0.6402334272861481,0.042154256
7257,5.923954248428345,0.796415701508522,0.028431667
7258,3.2410240173339844,0.6783649921417236,0.038721196
7259,4.069107174873352,0.718482255935669,0.035200164
7260,2.4853001534938812,0.6392855644226074,0.04224108
7261,5.9184688329696655,0.7962116599082947,0.028449629
7262,0.5150493606925011,0.5296147763729095,0.052996546
7263,4.068866968154907,0.7184714376926422,0.035201136
7264,1.5832918882369995,0.5901455581188202,0.046863575
7265,3.982069492340088,0.7144095301628113,0.035554655
7266,1.812160164117813,0.6028283536434174,0.04564488
7267,2.4435383081436157,0.6370640397071838,0.04244466
7268,2.269386798143387,0.6277419924736023,0.043304265
7269,4.471640586853027,0.7368448674678802,0.03360609
7270,6.949540972709656,0.832045704126358,0.025265215
7271,5.750738978385925,0.7898710668087006,0.029004347
7272,4.868732988834381,0.7541875094175339,0.032104317
7273,6.993873119354248,0.833468034863472,0.025136592
7274,3.167072832584381,0.6746396422386169,0.039052278
7275,2.6440882682800293,0.6476730406284332,0.041475885
7276,1.739480346441269,0.5988127589225769,0.046028417
7277,2.1184687316417694,0.6195875406265259,0.044063263
7278,2.2481630742549896,0.6266002357006073,0.04341021
7279,5.494142770767212,0.7798988372087479,0.029873965
7280,4.01190459728241,0.7158113718032837,0.035432745
7281,4.214431643486023,0.7252004146575928,0.034616128
7282,6.110122799873352,0.803277775645256,0.027828762
7283,5.044238567352295,0.7615998834371567,0.03146213
7284,5.8620685338974,0.7940950840711594,0.028634962
7285,1.6512921452522278,0.5939284861087799,0.046498124
7286,4.263966977596283,0.7274631559848785,0.034419272
7287,3.131791651248932,0.672853946685791,0.039211225
7288,5.750328898429871,0.7898568212985992,0.029005717
7289,4.486820101737976,0.7375189363956451,0.03354741
7290,4.3579137325286865,0.7317363023757935,0.034048997
7291,3.9974385499954224,0.7151325941085815,0.0354918
7292,4.584626853466034,0.741861879825592,0.03317177
7293,1.8326768279075623,0.6039594411849976,0.045537177
7294,5.249030590057373,0.7700572311878204,0.030729003
7295,2.9261380434036255,0.6623468101024628,0.0401507
7296,3.8375380635261536,0.7075730860233307,0.03615123
7297,4.233523607254028,0.7260753512382507,0.03454012
7298,3.122955858707428,0.6724051833152771,0.039251138
7299,4.161527454853058,0.7227726876735687,0.03482761
7300,4.260677695274353,0.7273177206516266,0.03443231
7301,2.2033140063285828,0.6241802275180817,0.043634936
7302,2.932315468788147,0.6626644432544708,0.040122148
7303,5.121820569038391,0.7648300975561142,0.031182362
7304,3.244401514530182,0.678535521030426,0.03870615
7305,4.197207987308502,0.7243993282318115,0.034684837
7306,2.5310170650482178,0.6417085230350494,0.042019334
7307,3.508537709712982,0.691655695438385,0.037546813
7308,2.7316704392433167,0.652264416217804,0.041059773
7309,1.4588189125061035,0.5831955671310425,0.047539983
7310,4.361855983734131,0.7319138646125793,0.034033548
7311,4.874848127365112,0.7544456124305725,0.032081716
7312,2.4777093529701233,0.6388812065124512,0.042278014
7313,3.8389787077903748,0.7076414823532104,0.03614524
7314,4.874423146247864,0.7544278502464294,0.032083288
7315,6.713898777961731,0.8243218511343002,0.02596002
7316,2.944464385509491,0.6632891297340393,0.040066075
7317,4.0194171667099,0.7161544859409332,0.03540211
7318,2.906498610973358,0.6613344550132751,0.04024158
7319,4.913897216320038,0.7561092972755432,0.03193782
7320,2.724011540412903,0.6518642008304596,0.041095987
7321,6.999035477638245,0.8336318731307983,0.025121655
7322,4.89301323890686,0.7552217692136765,0.032014694
7323,5.590680241584778,0.7836881428956985,0.029543782
7324,4.306214451789856,0.7293921113014221,0.034252264
7325,2.333112210035324,0.6311654448509216,0.042987723
7326,3.48203182220459,0.6903521120548248,0.03766157
7327,4.313401877880096,0.7297188937664032,0.034223933
7328,3.4279119968414307,0.6876834034919739,0.03789697
7329,2.1580493450164795,0.6217329800128937,0.043862917
7330,2.8951460123062134,0.660748690366745,0.040294223
7331,4.314998984336853,0.7297915816307068,0.034217637
7332,5.57756245136261,0.7831776291131973,0.02958843
7333,2.732458710670471,0.6523005962371826,0.041056037
7334,3.789190649986267,0.7052645683288574,0.036353018
7335,2.348211407661438,0.631974071264267,0.042913057
7336,5.428571701049805,0.7772940099239349,0.03010034
7337,4.853659570217133,0.753544881939888,0.032160074
7338,3.1491848826408386,0.6737318634986877,0.03913278
7339,3.778657615184784,0.7047596275806427,0.03639713
7340,3.930870294570923,0.7119996249675751,0.03576486
7341,1.8526552617549896,0.605058878660202,0.045432568
7342,5.043469071388245,0.7615674287080765,0.031464916
7343,4.181003272533417,0.7236621081829071,0.034749605
7344,6.646038293838501,0.8220509737730026,0.026163638
7345,2.151942253112793,0.6214010417461395,0.04389377
7346,2.940323054790497,0.6630747616291046,0.040085185
7347,4.589651823043823,0.7420797944068909,0.033152588
7348,4.422400593757629,0.7346392273902893,0.03379714
7349,2.6253387331962585,0.6466887593269348,0.041565504
7350,5.918840169906616,0.7962259203195572,0.028448408
7351,4.639488458633423,0.7442654967308044,0.032962915
7352,5.482503175735474,0.7794378399848938,0.029914025
7353,4.010402262210846,0.715740442276001,0.035438865
7354,2.194024622440338,0.6236791014671326,0.043681625
7355,2.2283615171909332,0.6255329847335815,0.04350929
7356,5.225376486778259,0.7690857797861099,0.0308128
7357,3.1018757820129395,0.6713366210460663,0.03934651
7358,6.34732186794281,0.8117663711309433,0.027079081
7359,10.217524766921997,0.9131455048918724,0.017342983
7360,3.9199674129486084,0.7114875614643097,0.035809778
7361,5.753670930862427,0.7899840027093887,0.028994557
7362,4.086458384990692,0.7192877531051636,0.035129916
7363,4.044003486633301,0.717311829328537,0.035302043
7364,7.828032374382019,0.8584492802619934,0.02283486
7365,7.808847427368164,0.8579121828079224,0.022885356
7366,1.9732305407524109,0.6116737723350525,0.044806235
7367,6.008610129356384,0.7995598018169403,0.028155904
7368,4.958691596984863,0.7580022811889648,0.03177353
7369,5.440906882286072,0.7777840048074722,0.030057628
7370,4.025541543960571,0.7164480090141296,0.035377156
7371,4.890194833278656,0.7551012337207794,0.03202508
7372,2.6543670892715454,0.6482127606868744,0.041426826
7373,4.625365734100342,0.7436479330062866,0.03301655
7374,7.549611926078796,0.8504801988601685,0.023578675
7375,5.452207326889038,0.7782356292009354,0.030018546
7376,5.964745879173279,0.7979324758052826,0.028298452
7377,2.6815468072891235,0.6496361792087555,0.041297402
7378,2.8226426243782043,0.6569961607456207,0.04063197
7379,4.597700834274292,0.7424339056015015,0.03312188
7380,2.20238596200943,0.6241308748722076,0.043639593
7381,3.1628796458244324,0.6744296848773956,0.039071135
7382,3.510160446166992,0.6917288303375244,0.0375398
7383,4.424227774143219,0.7347224950790405,0.033790037
7384,4.8621296882629395,0.753901407122612,0.03212873
7385,3.5348618030548096,0.6929461359977722,0.0374332
7386,4.171295464038849,0.7232169508934021,0.034788463
7387,4.09669041633606,0.7197591662406921,0.03508856
7388,5.145783424377441,0.7658205330371857,0.031096453
7389,4.4023072719573975,0.7337387502193451,0.033875417
7390,4.062871932983398,0.718191921710968,0.03522544
7391,4.03767466545105,0.717019259929657,0.035327774
7392,5.424976348876953,0.7771521210670471,0.030112807
7393,2.1047991514205933,0.6188448369503021,0.044132654
7394,6.743113398551941,0.8252972662448883,0.025872849
7395,6.6230690479278564,0.8212760239839554,0.026232913
7396,4.815479516983032,0.751906156539917,0.03230175
7397,5.083645582199097,0.7632448673248291,0.03131971
7398,4.389807283878326,0.7331764698028564,0.0339242
7399,2.280740439891815,0.6283530592918396,0.043247696
7400,2.3285117745399475,0.6309185326099396,0.043010492
7401,3.9873334765434265,0.7146660387516022,0.035533115
7402,2.644229233264923,0.6476796567440033,0.041475207
7403,4.988003671169281,0.7592420876026154,0.031666484
7404,4.242571592330933,0.7264902889728546,0.03450416
7405,4.837675094604492,0.7528566867113113,0.032219313
7406,2.747604250907898,0.6530922055244446,0.04098452
7407,4.5285433530807495,0.7393771111965179,0.033386644
7408,1.2419570982456207,0.5710094571113586,0.048741866
7409,5.670986175537109,0.7868017256259918,0.02927189
7410,5.181262493133545,0.7672825008630753,0.030969696
7411,2.836388945579529,0.6577086746692657,0.04056772
7412,4.651855528354645,0.744811624288559,0.032916013
7413,2.4482138454914093,0.6373139917850494,0.042421825
7414,3.115689754486084,0.6720364987850189,0.039283987
7415,4.493480324745178,0.7378188967704773,0.0335217
7416,1.8174037337303162,0.6031176745891571,0.04561733
7417,4.207592308521271,0.7248870432376862,0.03464339
7418,4.987877905368805,0.7592360824346542,0.031666942
7419,1.3351835310459137,0.5762591063976288,0.04822151
7420,2.2956836223602295,0.6291569769382477,0.043173354
7421,2.036563605070114,0.6151318550109863,0.044480726
7422,4.284656345844269,0.7284109890460968,0.034337383
7423,1.3573682308197021,0.5775070786476135,0.04809851
7424,6.513243317604065,0.8175341039896011,0.026566712
7425,3.4960877895355225,0.6910429894924164,0.03760067
7426,7.98129141330719,0.8626836389303207,0.022435483
7427,2.8587666153907776,0.6588715016841888,0.040463332
7428,3.8211238384246826,0.7067879736423492,0.036219615
7429,3.1493476033210754,0.6737454533576965,0.03913206
7430,4.5414429903030396,0.7399492561817169,0.033337105
7431,3.9650958776474,0.7136130034923553,0.03562421
7432,6.768547296524048,0.8261402398347855,0.025797205
7433,3.690309524536133,0.700506865978241,0.03676923
7434,4.078322350978851,0.7189077436923981,0.035162836
7435,4.210464358329773,0.7250194549560547,0.034631938
7436,2.715204358100891,0.6513998806476593,0.04113768
7437,1.4140371978282928,0.5806877911090851,0.04778572
7438,2.1274153888225555,0.6200723648071289,0.044017892
7439,3.1857874989509583,0.6755849123001099,0.038968224
7440,4.634732604026794,0.7440585494041443,0.03298097
7441,5.649362802505493,0.7859718203544617,0.029344847
7442,5.402355194091797,0.7762486636638641,0.030191332
7443,3.3581578731536865,0.6842228472232819,0.038202528
7444,1.8882416188716888,0.6070160567760468,0.045246806
7445,3.3979690074920654,0.6861994862556458,0.038027827
7446,3.9709681272506714,0.7138893604278564,0.035600133
7447,5.727410912513733,0.7889767289161682,0.029082349
7448,3.950560986995697,0.7129263579845428,0.035683867
7449,5.764833092689514,0.7904162406921387,0.02895732
7450,4.334248900413513,0.7306638956069946,0.034141894
7451,4.1129374504089355,0.7205205261707306,0.03502298
7452,5.378597974777222,0.7752977013587952,0.030274026
7453,9.857600927352905,0.9063434675335884,0.018076733
7454,3.0606141686439514,0.6692360639572144,0.039533872
7455,4.682814180850983,0.7461638748645782,0.032798905
7456,2.901587188243866,0.6610805988311768,0.040264346
7457,3.2502123713493347,0.6788276135921478,0.038680263
7458,4.028086960315704,0.7165679931640625,0.035366792
7459,2.9852795600891113,0.6653899550437927,0.03987824
7460,6.328892111778259,0.8111164420843124,0.0271366
7461,2.968994379043579,0.6645494699478149,0.039953083
7462,2.622934877872467,0.6465601921081543,0.041577008
7463,3.4209755063056946,0.6873390376567841,0.037927244
7464,3.3866873383522034,0.6856398284435272,0.038077258
7465,6.254299879074097,0.8084730952978134,0.027370645
7466,4.074512720108032,0.7187342345714569,0.03517826
7467,4.76270854473114,0.7496304512023926,0.032498594
7468,2.367185801267624,0.6329894661903381,0.04281941
7469,4.2037853598594666,0.7247089445590973,0.034658577
7470,3.9141809940338135,0.7112112045288086,0.035833642
7471,4.97944563627243,0.7588866204023361,0.0316977
7472,3.962213099002838,0.7134771049022675,0.035636034
7473,4.971851110458374,0.7585635781288147,0.03172543
7474,4.329890012741089,0.7304612100124359,0.03415903
7475,2.51542329788208,0.6408827304840088,0.042094834
7476,2.9432225227355957,0.6632232069969177,0.040071797
7477,3.1543773412704468,0.6739976406097412,0.0391094
7478,10.904525518417358,0.924898661673069,0.016024105
7479,3.602733612060547,0.6962618231773376,0.037141833
7480,3.27026903629303,0.6798312962055206,0.038591046
7481,3.040333390235901,0.6682018041610718,0.03962628
7482,3.1613948941230774,0.6743527352809906,0.03907782
7483,9.721816182136536,0.9036569371819496,0.018361544
7484,4.473052620887756,0.7369072437286377,0.033600625
7485,3.2396727800369263,0.6782981157302856,0.038727224
7486,6.449387073516846,0.8153301179409027,0.026762746
7487,2.1677909791469574,0.6222602128982544,0.04381375
7488,2.706567645072937,0.6509481966495514,0.041178606
7489,4.747641086578369,0.7489813268184662,0.03255502
7490,5.1077598333358765,0.7642458081245422,0.03123288
7491,3.8402849435806274,0.7077038586139679,0.0361398
7492,1.7017731070518494,0.5967273414134979,0.046228666
7493,6.281569600105286,0.8094415366649628,0.02728485
7494,4.594801664352417,0.7423066794872284,0.033132937
7495,4.051433503627777,0.7176530659198761,0.035271864
7496,2.7411407232284546,0.6527549922466278,0.041015033
7497,4.545396864414215,0.740124523639679,0.033321936
7498,4.061994552612305,0.7181510329246521,0.035228997
7499,-0.061265500262379646,0.49648189544677734,0.056632187
7500,3.3261793851852417,0.682630717754364,0.038343433
7501,2.2047744691371918,0.6242596507072449,0.043627597
7502,1.782132238149643,0.6011724472045898,0.045802947
7503,2.8769883513450623,0.659810870885849,0.040378537
7504,2.7680277824401855,0.6541556715965271,0.04088825
7505,3.4039556980133057,0.686496376991272,0.038001627
7506,2.3698677122592926,0.6331334412097931,0.042806197
7507,7.823017835617065,0.8583081215620041,0.02284805
7508,7.554056644439697,0.8506097495555878,0.023566615
7509,7.0364367961883545,0.8348227441310883,0.025013719
7510,5.818246603012085,0.7924407124519348,0.028779797
7511,4.393283128738403,0.7333285808563232,0.03391063
7512,4.211680591106415,0.7250747382640839,0.03462709
7513,4.93075966835022,0.756824716925621,0.031875875
7514,2.9427334666252136,0.6632008254528046,0.04007406
7515,4.585703611373901,0.7419052720069885,0.03316766
7516,2.1207773685455322,0.6197120845317841,0.044051543
7517,6.334949731826782,0.811328575015068,0.027117679
7518,2.2522495687007904,0.6268193125724792,0.043389782
7519,10.190887451171875,0.9126593843102455,0.017396249
7520,1.753970980644226,0.5996164083480835,0.045951683
7521,4.415201246738434,0.7343217432498932,0.03382517
7522,3.792131245136261,0.7054016888141632,0.03634071
7523,6.371885538101196,0.8126276433467865,0.027002608
7524,5.435582399368286,0.7775751352310181,0.030076057
7525,4.063973128795624,0.7182419002056122,0.035220977
7526,7.680352330207825,0.854261189699173,0.023226429
7527,1.60659521818161,0.5914425253868103,0.046738014
7528,4.673528373241425,0.7457587122917175,0.032833986
7529,3.8510051369667053,0.7082139551639557,0.036095224
7530,3.819962441921234,0.7067351341247559,0.036224455
7531,2.495051622390747,0.639802485704422,0.04219368
7532,4.558434784412384,0.7407013773918152,0.03327195
7533,6.329286694526672,0.8111301064491272,0.027135368
7534,3.528982400894165,0.692657858133316,0.037458543
7535,4.459141790866852,0.7362816333770752,0.03365448
7536,1.902354508638382,0.6077902913093567,0.045173347
7537,6.816345453262329,0.8277155756950378,0.025655631
7538,3.0441489815711975,0.6683964431285858,0.03960888
7539,4.21333909034729,0.7251507341861725,0.03462048
7540,4.654962718486786,0.7449473142623901,0.03290424
7541,5.225951075553894,0.7691148519515991,0.030810764
7542,4.233956038951874,0.7260953485965729,0.0345384
7543,6.202059984207153,0.8066025078296661,0.027535757
7544,4.436280429363251,0.735255241394043,0.033743177
7545,4.757204651832581,0.7493944466114044,0.032519188
7546,3.0615228414535522,0.6692825257778168,0.039529733
7547,1.650596261024475,0.5938881933689117,0.04650185
7548,4.3428391218185425,0.7310521602630615,0.034108143
7549,2.3922207951545715,0.6343278288841248,0.042696167
7550,4.6125635504722595,0.7430880665779114,0.033065252
7551,2.703700363636017,0.6507983207702637,0.041192204
7552,7.229804992675781,0.8408710211515427,0.024463002
7553,1.8370698392391205,0.604201078414917,0.045514163
7554,2.541797161102295,0.6422772109508514,0.041967217
7555,4.5576393604278564,0.7406664192676544,0.033274997
7556,1.7769819498062134,0.6008878648281097,0.045830112
7557,3.626408576965332,0.6974112391471863,0.037040733
7558,1.676037609577179,0.5953006148338318,0.04636584
7559,4.136750400066376,0.721622109413147,0.034927092
7560,5.800828337669373,0.7917802333831787,0.028837567
7561,4.974055588245392,0.7586555033922195,0.03171737
7562,3.131766617298126,0.6728526055812836,0.03921134
7563,3.9426150918006897,0.7125539481639862,0.035716534
7564,5.113305449485779,0.7644764184951782,0.031212948
7565,2.8869137167930603,0.660323828458786,0.04033242
7566,5.026126503944397,0.7608450204133987,0.031527802
7567,2.8588205575942993,0.658868819475174,0.040463082
7568,5.196770429611206,0.7679205238819122,0.030914452
7569,6.488572359085083,0.8166842311620712,0.026642282
7570,1.9204527139663696,0.6087829768657684,0.045079328
7571,3.4799933433532715,0.6902537047863007,0.037670407
7572,2.966534197330475,0.6644219160079956,0.0399644
7573,4.848553836345673,0.7533225268125534,0.03217899
7574,3.9777451753616333,0.7142079472541809,0.035572365
7575,3.063902258872986,0.6694116592407227,0.039518908
7576,5.839893221855164,0.7932575792074203,0.028708156
7577,2.608503997325897,0.6457984745502472,0.041646145
7578,4.367678463459015,0.7321639358997345,0.034010738
7579,2.7216413617134094,0.6517356336116791,0.0411072
7580,2.5134944915771484,0.6407804191112518,0.04210419
7581,5.580047965049744,0.783270001411438,0.029579962
7582,5.274050831794739,0.7710756659507751,0.030640613
7583,2.701878547668457,0.6507030725479126,0.041200843
7584,3.154870569705963,0.6740227043628693,0.039107177
7585,2.6502928137779236,0.6479984223842621,0.04144626
7586,4.00312215089798,0.7153992056846619,0.035468586
7587,2.5385650992393494,0.6421082019805908,0.041982837
7588,7.803515195846558,0.8577604293823242,0.022899408
7589,4.337873160839081,0.7308288514614105,0.03412765
7590,5.557674169540405,0.7823990881443024,0.029656256
7591,4.013384580612183,0.7158799469470978,0.035426706
7592,1.6846491396427155,0.5957781076431274,0.046319902
7593,2.8028711676597595,0.6559696793556213,0.040724564
7594,5.117685794830322,0.7646583467721939,0.03119721
7595,4.609300494194031,0.7429444789886475,0.03307768
7596,9.457343816757202,0.8982210457324982,0.018929224
7597,3.3785945177078247,0.6852373778820038,0.038112752
7598,5.297304391860962,0.7720193713903427,0.030558698
7599,5.616597533226013,0.784699559211731,0.029455755
7600,6.062285304069519,0.8015329539775848,0.02798245
7601,5.271593332290649,0.7709753811359406,0.030649286
7602,3.9874067902565002,0.7146563827991486,0.035532825
7603,4.128114879131317,0.7212225794792175,0.03496184
7604,3.7813031673431396,0.7048866748809814,0.036386047
7605,0.5793008208274841,0.5332980751991272,0.052605968
7606,6.999674439430237,0.8336519747972488,0.025119806
7607,1.5286241471767426,0.5870971977710724,0.047159456
7608,4.3557798862457275,0.7316365242004395,0.034057364
7609,4.964669942855835,0.7582579404115677,0.031751666
7610,7.165511846542358,0.8388797640800476,0.024644751
7611,5.460946559906006,0.7785835862159729,0.02998836
7612,3.234817385673523,0.6780603528022766,0.03874888
7613,5.666174292564392,0.7866223901510239,0.02928811
7614,4.258022308349609,0.7271949648857117,0.034442835
7615,2.7324122190475464,0.6522990465164185,0.04105626
7616,5.695630311965942,0.7877586036920547,0.029188951
7617,3.817507028579712,0.7066177129745483,0.0362347
7618,5.272501111030579,0.7710073739290237,0.030646078
7619,4.185335636138916,0.7238636612892151,0.03473228
7620,4.475199580192566,0.737003743648529,0.033592325
7621,1.8930895626544952,0.6072816848754883,0.045221556
7622,1.7660003900527954,0.6002812087535858,0.04588809
7623,7.4267590045928955,0.8468469083309174,0.023914544
7624,3.6089548468589783,0.6965644061565399,0.037115242
7625,4.091455042362213,0.7195212244987488,0.03510971
7626,6.842683553695679,0.828578382730484,0.025577955
7627,3.179646134376526,0.6752746105194092,0.038995788
7628,1.099068969488144,0.5629364550113678,0.049550336
7629,4.523743391036987,0.7391641139984131,0.033405107
7630,4.509744048118591,0.738542377948761,0.03345899
7631,3.733956515789032,0.7026143670082092,0.03658492
7632,8.21561872959137,0.8689513951539993,0.021838313
7633,7.85578727722168,0.8592238873243332,0.022762014
7634,4.260903894901276,0.727328360080719,0.03443141
7635,2.7626073360443115,0.6538741290569305,0.040913783
7636,4.14395272731781,0.7219454646110535,0.034898147
7637,2.5311383605003357,0.6417151391506195,0.04201875
7638,6.381785869598389,0.8129716366529465,0.026971849
7639,3.167642056941986,0.6746695339679718,0.03904972
7640,1.478530466556549,0.5842984318733215,0.04743222
7641,2.921035587787628,0.6620835065841675,0.040174294
7642,5.483538508415222,0.7794786542654037,0.029910458
7643,5.102325677871704,0.764021173119545,0.031252425
7644,1.6403791308403015,0.5933212041854858,0.046556577
7645,4.383465945720673,0.7328886091709137,0.03394898
7646,4.059732556343079,0.718045562505722,0.035238173
7647,2.1935229003429413,0.6236517429351807,0.043684147
7648,4.736221432685852,0.748486340045929,0.032597847
7649,7.430267930030823,0.8469444066286087,0.023904884
7650,2.476177215576172,0.6388003528118134,0.04228547
7651,7.453897595405579,0.8476558476686478,0.02383994
7652,1.6968846321105957,0.5964565277099609,0.046254694
7653,1.5153716504573822,0.5863591432571411,0.047231466
7654,2.4954086542129517,0.639820009469986,0.042191945
7655,3.2988181710243225,0.6812624037265778,0.038464412
7656,4.383131265640259,0.732873946428299,0.033950288
7657,10.384886264801025,0.9161534681916237,0.017012015
7658,3.4529832005500793,0.6889207661151886,0.03778774
7659,8.060630559921265,0.8648318499326706,0.022231486
7660,6.678056120872498,0.8231272101402283,0.026067367
7661,2.797960937023163,0.6557146310806274,0.040747594
7662,2.2794537246227264,0.6282837986946106,0.043254104
7663,2.8141695261001587,0.6565568447113037,0.04067162
7664,4.17364239692688,0.7233253121376038,0.034779068
7665,3.8609328866004944,0.708685427904129,0.036053993
7666,6.0211944580078125,0.8000219762325287,0.02811514
7667,2.415492534637451,0.6355690956115723,0.042581934
7668,2.5477784872055054,0.6425963640213013,0.041938324
7669,2.5346213579177856,0.6418997347354889,0.042001903
7670,4.104782342910767,0.7201410233974457,0.03505588
7671,3.736317753791809,0.7027273178100586,0.03657498
7672,3.9917850494384766,0.7148672640323639,0.035514913
7673,2.6274561882019043,0.646797239780426,0.041555375
7674,7.303327918052673,0.8431234508752823,0.024256809
7675,2.1671611070632935,0.6222260892391205,0.04381693
7676,2.472154349088669,0.6385871469974518,0.04230506
7677,4.240143597126007,0.7263788878917694,0.034513805
7678,1.774657815694809,0.600759357213974,0.045842376
7679,4.769650995731354,0.7499341070652008,0.03247263
7680,3.684469163417816,0.7002252340316772,0.036793962
7681,6.990766525268555,0.8333674520254135,0.025145583
7682,2.2517842054367065,0.6267916262149811,0.04339211
7683,6.814360618591309,0.8276500552892685,0.025661498
7684,2.7599576115608215,0.6537362635135651,0.040926274
7685,4.002857804298401,0.7153867185115814,0.03546967
7686,2.375417798757553,0.6334299743175507,0.042778853
7687,4.956958889961243,0.7579333484172821,0.031779863
7688,3.2463636994361877,0.6786340177059174,0.038697407
7689,4.030727744102478,0.716709315776825,0.03535604
7690,4.997363388538361,0.7596348077058792,0.031632382
7691,2.300274968147278,0.6294033825397491,0.043150537
7692,2.3050835728645325,0.6296615302562714,0.04312666
7693,7.806547284126282,0.8578445762395859,0.022891415
7694,1.5132570266723633,0.586239218711853,0.04724296
7695,3.2866743206977844,0.6806516051292419,0.038518224
7696,2.5171542167663574,0.6409757733345032,0.04208645
7697,5.249548554420471,0.770078182220459,0.03072717
7698,3.674408495426178,0.6997401416301727,0.036836606
7699,6.264788508415222,0.8088446706533432,0.027337613
7700,4.72930908203125,0.748183399438858,0.0326238
7701,5.876976251602173,0.79465651512146,0.028585855
7702,7.180111408233643,0.8393315076828003,0.024603361
7703,2.7775299549102783,0.6546484231948853,0.040843558
7704,2.1304094791412354,0.6202346980571747,0.044002727
7705,1.4220122992992401,0.5811339020729065,0.047741868
7706,6.521453261375427,0.817815899848938,0.026541617
7707,2.605014741420746,0.6456166207790375,0.04166288
7708,4.46379542350769,0.7364941239356995,0.03363645
7709,1.79438516497612,0.6018485426902771,0.045738377
7710,4.629225432872772,0.7438198626041412,0.03300189
7711,3.1560540199279785,0.6740823090076447,0.039101854
7712,2.17542365193367,0.6226730942726135,0.043775268
7713,3.0982208251953125,0.6711497008800507,0.03936307
7714,5.484738349914551,0.7795261442661285,0.02990633
7715,3.0811089277267456,0.6702803671360016,0.039440695
7716,0.6462094187736511,0.5371309220790863,0.052202288
7717,2.15952605009079,0.621812492609024,0.043855466
7718,5.876544117927551,0.794640064239502,0.028587278
7719,6.322464346885681,0.8108898103237152,0.027156685
7720,2.0612695813179016,0.6164770126342773,0.044354383
7721,1.7823004722595215,0.6011812388896942,0.045802053
7722,4.653254151344299,0.7448598444461823,0.032910716
7723,3.0857330560684204,0.6705135107040405,0.039419703
7724,6.334533095359802,0.8113165497779846,0.027118977
7725,4.105458557605743,0.7201725542545319,0.03505315
7726,3.19489985704422,0.6760446131229401,0.03892737
7727,3.705337345600128,0.7012359201908112,0.03670567
7728,4.255823194980621,0.7270947694778442,0.034451555
7729,2.352704405784607,0.632214218378067,0.04289086
7730,1.983572244644165,0.6122450828552246,0.044752922
7731,2.927345931529999,0.6624084115028381,0.04014512
7732,3.0658233165740967,0.6695015728473663,0.039510164
7733,2.1771736443042755,0.6227676272392273,0.043766454
7734,6.367830038070679,0.8124849200248718,0.027015222
7735,2.1395519375801086,0.6207302510738373,0.04395643
7736,4.016638100147247,0.7160328030586243,0.03541344
7737,2.567737102508545,0.6436488032341003,0.04184207
7738,1.2493626773357391,0.5714278519153595,0.04870032
7739,2.191186845302582,0.6235255897045135,0.043695897
7740,2.7926069498062134,0.6554363965988159,0.040772717
7741,5.107022523880005,0.764216735959053,0.031235533
7742,1.7613524198532104,0.6000244915485382,0.045912653
7743,1.495131105184555,0.5852268040180206,0.047341656
7744,4.214238524436951,0.7251920998096466,0.03461689
7745,4.261179566383362,0.7273411452770233,0.034430318
7746,5.713750720024109,0.7884552627801895,0.029128123
7747,4.883334040641785,0.7548096477985382,0.032050394
7748,3.0516064167022705,0.6687768995761871,0.039574895
7749,4.0179044008255005,0.7160901129245758,0.035408277
7750,3.0910730361938477,0.670787125825882,0.03939547
7751,4.109540283679962,0.7203617691993713,0.035036683
7752,6.6110265254974365,0.8208695948123932,0.02626931
7753,9.67838168144226,0.9027821719646454,0.018453594
7754,4.443066716194153,0.7355659604072571,0.03371682
7755,8.676804304122925,0.8805771097540855,0.020709032
7756,4.223490059375763,0.7256150841712952,0.03458005
7757,3.9105814695358276,0.7110412120819092,0.035848495
7758,4.28169310092926,0.7282767295837402,0.0343491
7759,3.511476516723633,0.6918000280857086,0.037534118
7760,2.146383374929428,0.6211001574993134,0.043921873
7761,3.0199122428894043,0.6671581566333771,0.039719556
7762,4.522785544395447,0.7391218841075897,0.033408795
7763,5.894699692726135,0.795319527387619,0.028527588
7764,4.583349823951721,0.741801917552948,0.03317665
7765,3.673444092273712,0.6996944844722748,0.036840692
7766,4.146495461463928,0.7220726311206818,0.034887932
7767,2.6074016094207764,0.6457425057888031,0.04165143
7768,4.016207456588745,0.7160159051418304,0.035415195
7769,4.959868788719177,0.7580537348985672,0.031769224
7770,1.9540178775787354,0.6106195449829102,0.044905458
7771,3.6060866713523865,0.6964251399040222,0.037127495
7772,2.8386613726615906,0.6578270494937897,0.040557105
7773,1.699250042438507,0.5965883135795593,0.04624209
7774,2.6526430249214172,0.6481226980686188,0.04143505
7775,3.7975233793258667,0.7056633830070496,0.036318164
7776,5.044889450073242,0.7616285532712936,0.031459767
7777,2.95587420463562,0.6638759076595306,0.040013477
7778,4.295218586921692,0.728891909122467,0.034295652
7779,2.6741236448287964,0.6492485404014587,0.041332707
7780,7.853874564170837,0.8591707050800323,0.022767024
7781,2.483799457550049,0.6392059028148651,0.042248376
7782,2.6839056611061096,0.6497606635093689,0.04128619
7783,3.9402061700820923,0.712440013885498,0.03572644
7784,2.023249864578247,0.6144061088562012,0.044548947
7785,3.301129937171936,0.6813782751560211,0.03845418
7786,9.924945831298828,0.9076514542102814,0.017937124
7787,2.385343313217163,0.6339603662490845,0.04273
7788,3.006535768508911,0.6664739549160004,0.039780773
7789,8.43843698501587,0.8746843039989471,0.021285223
7790,4.069223701953888,0.7184877693653107,0.03519969
7791,4.25323486328125,0.7269779443740845,0.034461826
7792,2.0972593128681183,0.6184355318546295,0.044170987
7793,1.0578308254480362,0.5605941712856293,0.049786143
7794,7.3152995109558105,0.8434875756502151,0.024223398
7795,4.228878021240234,0.7258631885051727,0.034558598
7796,8.309218883514404,0.8713855147361755,0.021604246
7797,3.8788139820098877,0.70953568816185,0.03597985
7798,1.616697907447815,0.5920045077800751,0.04668368
7799,9.251595139503479,0.8938093334436417,0.019382967
7800,3.278091549873352,0.6802254617214203,0.03855631
7801,3.9227303862571716,0.7116152942180634,0.035798386
7802,4.67743307352066,0.7459285259246826,0.032819226
7803,5.2531057596206665,0.7702208310365677,0.030714592
7804,2.3556916415691376,0.6323749423027039,0.04287611
7805,1.2540720403194427,0.5716924369335175,0.048673928
7806,2.9268914461135864,0.6623860001564026,0.040147215
7807,5.518006086349487,0.7808401733636856,0.029792001
7808,1.948315054178238,0.610310286283493,0.04493495
7809,2.84805566072464,0.6583135724067688,0.040513262
7810,4.383520483970642,0.7328971922397614,0.033948764
7811,2.4780137836933136,0.6388971209526062,0.042276528
7812,4.442954063415527,0.7355621159076691,0.033717256
7813,5.754832029342651,0.7900311946868896,0.028990678
7814,3.1499895453453064,0.6737706065177917,0.039129164
7815,4.3338942527771,0.730648547410965,0.034143288
7816,5.543365478515625,0.781838446855545,0.029705148
7817,2.523789405822754,0.6413258910179138,0.042054314
7818,2.2970639169216156,0.6292291581630707,0.043166492
7819,6.801261305809021,0.8272194564342499,0.025700228
7820,2.0656663179397583,0.6167170703411102,0.044331934
7821,2.723216712474823,0.6518207490444183,0.041099746
7822,0.6535324454307556,0.537551760673523,0.05215829
7823,3.67365300655365,0.6997041404247284,0.036839813
7824,1.030258685350418,0.5590299367904663,0.04994443
7825,1.9459280371665955,0.6101793646812439,0.044947304
7826,5.777122378349304,0.7908804267644882,0.02891638
7827,2.603487968444824,0.6455359756946564,0.041670203
7828,6.915220022201538,0.8309352844953537,0.02536524
7829,3.089325726032257,0.6706977486610413,0.039403405
7830,5.775312781333923,0.7908084541559219,0.028922407
7831,3.023468554019928,0.6673391163349152,0.039703302
7832,3.5716310143470764,0.6947453022003174,0.037275072
7833,4.729296565055847,0.748181164264679,0.032623846
7834,2.2427761554718018,0.6263091564178467,0.04343714
7835,2.2964152693748474,0.6291959285736084,0.043169722
7836,5.1425182819366455,0.7656855583190918,0.031108145
7837,3.3165115118026733,0.6821467578411102,0.038386144
7838,4.611726701259613,0.7430514991283417,0.033068433
7839,2.974497377872467,0.6648326814174652,0.03992778
7840,4.560681879520416,0.7408001720905304,0.033263344
7841,5.910781621932983,0.7959303557872772,0.028474817
7842,4.472417831420898,0.7368784844875336,0.033603083
7843,5.600454807281494,0.784063532948494,0.029510546
7844,5.547202825546265,0.7819903492927551,0.029692031
7845,2.8091800212860107,0.6562973260879517,0.040694993
7846,4.309811592102051,0.72955521941185,0.03423809
7847,7.110145688056946,0.837151288986206,0.024802342
7848,2.626243233680725,0.6467344462871552,0.04156118
7849,1.7195238173007965,0.5977105796337128,0.046134286
7850,3.5214096307754517,0.6922856271266937,0.037491217
7851,5.777088403701782,0.7908768802881241,0.028916493
7852,4.256329834461212,0.7271198928356171,0.03444955
7853,4.880862236022949,0.7547042071819305,0.03205951
7854,7.200801372528076,0.8399759382009506,0.024544822
7855,3.284052014350891,0.6805242598056793,0.038529858
7856,6.693482398986816,0.8236435502767563,0.026021114
7857,3.181813061237335,0.675385057926178,0.03898606
7858,6.74480140209198,0.8253545016050339,0.02586783
7859,4.460145831108093,0.736331045627594,0.033650592
7860,0.9981219470500946,0.5572044551372528,0.05012956
7861,5.396453142166138,0.7760117650032043,0.03021185
7862,4.2925068736076355,0.7287730276584625,0.034306366
7863,3.3075976371765137,0.6817014515399933,0.038425554
7864,2.267041802406311,0.6276166439056396,0.04331596
7865,3.931722044944763,0.7120396792888641,0.03576135
7866,5.402811169624329,0.7762675434350967,0.030189745
7867,5.218392610549927,0.7687975913286209,0.03083759
7868,3.0742979049682617,0.6699438691139221,0.03947163
7869,2.3934121429920197,0.6343916356563568,0.042690314
7870,4.463706016540527,0.7364903390407562,0.0336368
7871,4.386845827102661,0.7330422103404999,0.03393577
7872,1.9148331880569458,0.6084750890731812,0.045108493
7873,4.418410062789917,0.7344582080841064,0.033812676
7874,2.410377562046051,0.6353030204772949,0.04260702
7875,4.1387441754341125,0.7217143476009369,0.034919076
7876,6.73494279384613,0.8250272572040558,0.025897205
7877,4.423982799053192,0.7347113192081451,0.033790983
7878,4.9300119280815125,0.7567923665046692,0.031878617
7879,1.7702020704746246,0.6005133986473083,0.0458659
7880,4.719833135604858,0.7477754652500153,0.03265941
7881,1.3362976908683777,0.5763225853443146,0.048215333
7882,5.610702633857727,0.78446464240551,0.029475754
7883,3.031400144100189,0.6677455008029938,0.039667055
7884,3.7795230746269226,0.7048064470291138,0.036393505
7885,7.904132008552551,0.8605645149946213,0.022635674
7886,2.91129469871521,0.6615821719169617,0.04021937
7887,4.384090602397919,0.7329110503196716,0.033946533
7888,1.4903894066810608,0.5849617421627045,0.047367502
7889,2.6276054978370667,0.6468058526515961,0.04155466
7890,5.790101885795593,0.7913696318864822,0.0288732
7891,2.999761700630188,0.6661256849765778,0.03981182
7892,1.8329302966594696,0.6039745807647705,0.04553586
7893,7.395234107971191,0.84589883685112,0.024001496
7894,3.39216947555542,0.6859116554260254,0.038053226
7895,6.004889011383057,0.7994192540645599,0.02816797
7896,5.952613353729248,0.7974840551614761,0.028338011
7897,1.8283049762248993,0.6037183701992035,0.04556011
7898,4.1413745284080505,0.7218358814716339,0.03490851
7899,4.107156991958618,0.7202509939670563,0.035046298
7900,1.9231988489627838,0.6089491248130798,0.045065068
7901,2.5090187788009644,0.6405432820320129,0.042125884
7902,3.5681062936782837,0.6945725083351135,0.037290197
7903,4.372178614139557,0.7323794364929199,0.033993125
7904,3.794701397418976,0.7055279910564423,0.036329955
7905,1.8609698116779327,0.6055166721343994,0.045389097
7906,2.5779205560684204,0.644187867641449,0.041793045
7907,2.751615345478058,0.653301328420639,0.040965594
7908,4.435345828533173,0.7352209091186523,0.033746812
7909,4.416062235832214,0.734355628490448,0.033821817
7910,4.448113143444061,0.7358017861843109,0.033697244
7911,5.35013735294342,0.7741509526968002,0.030373381
7912,2.6085159182548523,0.6458012163639069,0.04164609
7913,2.238355726003647,0.6260711848735809,0.043459248
7914,5.556761026382446,0.7823622226715088,0.029659372
7915,2.338562458753586,0.6314578056335449,0.04296076
7916,4.716903567314148,0.7476471662521362,0.032670427
7917,2.960846722126007,0.664130300283432,0.039990578
7918,2.8077509999275208,0.6562234163284302,0.040701687
7919,7.625431418418884,0.8526848405599594,0.023373755
7920,2.8900954127311707,0.660487949848175,0.040317655
7921,1.9807195663452148,0.6120829582214355,0.044767622
7922,5.885134339332581,0.794963151216507,0.02855903
7923,4.001014828681946,0.7152998149394989,0.035477195
7924,1.950700432062149,0.6104408502578735,0.044922613
7925,2.760804295539856,0.6537824869155884,0.040922284
7926,3.859768509864807,0.7086311876773834,0.03605882
7927,5.0462740659713745,0.7616815865039825,0.031454757
7928,0.4652978852391243,0.5267597734928131,0.05330098
7929,4.018948972225189,0.716140627861023,0.035404015
7930,1.982559859752655,0.6121838092803955,0.04475814
7931,2.844308316707611,0.6581199467182159,0.04053074
7932,7.2272032499313354,0.8407909125089645,0.024470333
7933,0.13694221153855324,0.5078825056552887,0.05535449
7934,4.649655222892761,0.7447154819965363,0.032924354
7935,5.605336427688599,0.7842659056186676,0.029493967
7936,4.090430736541748,0.7194747626781464,0.035113856
7937,2.550722360610962,0.6427549123764038,0.04192412
7938,3.083844780921936,0.6704171895980835,0.03942827
7939,2.4085116386413574,0.6351975798606873,0.042616174
7940,5.605591535568237,0.7842715382575989,0.029493105
7941,3.832663893699646,0.7073406875133514,0.036171526
7942,1.1945420503616333,0.568333089351654,0.049008667
7943,6.657463908195496,0.8224356174468994,0.026129248
7944,3.3211305737495422,0.6823773384094238,0.038365733
7945,4.382127225399017,0.732828676700592,0.033954214
7946,4.379001259803772,0.7326877415180206,0.033966433
7947,4.6495237946510315,0.7447095811367035,0.032924853
7948,2.3058198392391205,0.6297005116939545,0.043123007
7949,6.0220277309417725,0.8000496029853821,0.028112445
7950,2.6504698395729065,0.6480079293251038,0.041445423
7951,3.9589232206344604,0.7133202850818634,0.035649534
7952,6.949803829193115,0.832053005695343,0.02526445
7953,7.6366764307022095,0.8530112951993942,0.023343513
7954,5.0553107261657715,0.7620638459920883,0.03142205
7955,4.548158049583435,0.7402468919754028,0.03331134
7956,5.578592419624329,0.7832178026437759,0.02958492
7957,2.3560136556625366,0.6323919594287872,0.042874523
7958,6.831974983215332,0.8282279819250107,0.02560951
7959,2.7342787384986877,0.6523900926113129,0.041047443
7960,4.268811345100403,0.7276883125305176,0.03440008
7961,1.1351612955331802,0.5649756193161011,0.049344864
7962,6.062062382698059,0.8015241473913193,0.027983168
7963,2.7146941423416138,0.6513733267784119,0.04114009
7964,5.332279801368713,0.773433655500412,0.030435892
7965,5.121745467185974,0.7648263722658157,0.031182628
7966,3.732421100139618,0.7025387585163116,0.036591392
7967,4.0679216384887695,0.7184269726276398,0.03520497
7968,3.8070154190063477,0.7061202526092529,0.036278494
7969,9.237297773361206,0.8934966251254082,0.019414898
7970,3.0816876888275146,0.6703088581562042,0.039438073
7971,4.777916967868805,0.7502914518117905,0.032441743
7972,4.008989036083221,0.7156745195388794,0.03544464
7973,2.1614882349967957,0.6219188570976257,0.043845564
7974,4.102173149585724,0.7200204133987427,0.035066415
7975,4.128837883472443,0.721254825592041,0.03495893
7976,4.69378799200058,0.7466423511505127,0.03275749
7977,1.6710516810417175,0.595024436712265,0.04639246
7978,1.7853687703609467,0.6013504862785339,0.04578588
7979,5.543925166130066,0.7818580269813538,0.02970324
7980,4.642099738121033,0.7443830072879791,0.03295301
7981,5.75121283531189,0.7898845672607422,0.029002763
7982,4.044493138790131,0.7173342108726501,0.035300054
7983,4.205345809459686,0.7247824668884277,0.034652352
7984,5.386859178543091,0.7756284177303314,0.030245239
7985,2.883487045764923,0.6601465940475464,0.040348336
7986,5.701503157615662,0.7879845649003983,0.02916922
7987,5.324066877365112,0.7731021344661713,0.030464685
7988,5.132901668548584,0.76529161632061,0.031142604
7989,6.5580350160598755,0.819067656993866,0.026430069
7990,3.2252109050750732,0.6775682270526886,0.038791757
7991,3.433627188205719,0.6879639625549316,0.037872035
7992,3.747410476207733,0.7032604813575745,0.0365283
7993,4.317947030067444,0.7299270033836365,0.03420603
7994,3.7314143776893616,0.702496737241745,0.03659563
7995,6.367546916007996,0.8124797195196152,0.027016101
7996,3.975437581539154,0.7140994966030121,0.035581816
7997,2.6922109723091125,0.6501963436603546,0.041246723
7998,3.661207854747772,0.6990996897220612,0.03689263
7999,4.282217919826508,0.7283003032207489,0.034347028
8000,5.778433680534363,0.790928453207016,0.028912012
8001,0.4945264756679535,0.5284378230571747,0.05312191
8002,2.2839047014713287,0.6285248100757599,0.04323194
8003,1.783585101366043,0.6012523770332336,0.04579528
8004,3.1707197427749634,0.6748242676258087,0.039035887
8005,5.671093463897705,0.7868121713399887,0.029271526
8006,9.166730642318726,0.8919405117630959,0.019573277
8007,3.231843411922455,0.6779049634933472,0.038762152
8008,8.257110714912415,0.8700347989797592,0.02173424
8009,6.377761960029602,0.8128338605165482,0.02698435
8010,3.698861598968506,0.7009217739105225,0.036733046
8011,2.8576427698135376,0.6588102281093597,0.04046857
8012,7.035609483718872,0.8347962200641632,0.025016097
8013,4.046953916549683,0.7174495756626129,0.03529005
8014,3.057871162891388,0.6690972149372101,0.03954635
8015,2.7528679370880127,0.6533662676811218,0.040959682
8016,5.544198155403137,0.7818708121776581,0.029702304
8017,1.9733892381191254,0.6116823256015778,0.04480542
8018,2.428152710199356,0.6362447738647461,0.042519912
8019,4.680132269859314,0.7460431456565857,0.032809027
8020,2.361873686313629,0.6327055394649506,0.042845614
8021,5.746228098869324,0.7896999716758728,0.029019412
8022,5.068981051445007,0.762634202837944,0.031372633
8023,3.36201012134552,0.6844146847724915,0.03818559
8024,3.3791890740394592,0.6852668821811676,0.038110137
8025,2.3803208768367767,0.6336921155452728,0.04275471
8026,2.696211040019989,0.6504063606262207,0.041227728
8027,4.199824035167694,0.724530428647995,0.034674384
8028,2.2428397834300995,0.6263130605220795,0.04343682
8029,6.701667308807373,0.8239170908927917,0.025996607
8030,6.899098753929138,0.8304174989461899,0.025412364
8031,3.083198368549347,0.670408695936203,0.039431207
8032,4.71647709608078,0.7476318776607513,0.032672033
8033,4.291408658027649,0.7287189960479736,0.034310702
8034,3.7808758020401,0.7048660218715668,0.036387835
8035,2.2547100484371185,0.6269641220569611,0.043377504
8036,4.428693652153015,0.73492431640625,0.033772666
8037,4.029674828052521,0.7166414856910706,0.03536033
8038,2.991543412208557,0.6657060384750366,0.039849497
8039,1.7666615545749664,0.6003173589706421,0.0458846
8040,3.1000536680221558,0.6712435483932495,0.03935477
8041,3.2354751229286194,0.6780880689620972,0.03874594
8042,4.029289484024048,0.716621458530426,0.035361897
8043,6.4364707469940186,0.8148820400238037,0.026802577
8044,2.283848077058792,0.6285206377506256,0.043232225
8045,0.7359335571527481,0.5422624945640564,0.051665816
8046,10.35460352897644,0.9156171828508377,0.017071424
8047,2.5073614716529846,0.6404553353786469,0.042133935
8048,5.207936763763428,0.7683774679899216,0.030874731
8049,6.0835325717926025,0.802308976650238,0.027914086
8050,2.000809907913208,0.6131811141967773,0.044664197
8051,3.9041414856910706,0.7107363343238831,0.035875086
8052,6.472636461257935,0.8161356449127197,0.02669121
8053,4.286377131938934,0.728490024805069,0.03433058
8054,2.9325658082962036,0.6626772880554199,0.040121
8055,2.653869092464447,0.6481862962245941,0.041429203
8056,4.23018753528595,0.7259233593940735,0.03455339
8057,5.168587565422058,0.7667587995529175,0.031014916
8058,7.139477729797363,0.8380682170391083,0.02471873
8059,4.970203638076782,0.7584922164678574,0.031731445
8060,3.4607702493667603,0.6893032491207123,0.037753876
8061,5.108088254928589,0.7642578333616257,0.031231698
8062,3.106551766395569,0.6715734302997589,0.03932533
8063,2.4320675432682037,0.6364535689353943,0.042500753
8064,2.6753628253936768,0.6493138670921326,0.041326806
8065,5.266593098640442,0.7707723826169968,0.030666934
8066,1.6372671723365784,0.5931480824947357,0.046573263
8067,5.1705896854400635,0.7668433040380478,0.031007772
8068,4.408617317676544,0.7340212464332581,0.03385082
8069,4.489240944385529,0.7376298308372498,0.033538062
8070,6.867921352386475,0.8294011801481247,0.025503745
8071,4.149255454540253,0.7221997082233429,0.03487685
8072,2.6929640769958496,0.6502362191677094,0.041243155
8073,4.033027291297913,0.7167990505695343,0.03534668
8074,2.0036663115024567,0.6133392751216888,0.044649515
8075,4.919489026069641,0.7563468217849731,0.031917255
8076,2.866995334625244,0.6592942774295807,0.040425014
8077,1.1701440066099167,0.5669550597667694,0.04914652
8078,2.436974346637726,0.6367150247097015,0.042476747
8079,2.8205323219299316,0.6568861305713654,0.040641844
8080,3.418455421924591,0.6872142851352692,0.037938245
8081,2.870837152004242,0.659492164850235,0.040407147
8082,6.252498626708984,0.8084059804677963,0.027376324
8083,4.287311434745789,0.7285324931144714,0.03432689
8084,5.274165868759155,0.7710803151130676,0.030640211
8085,1.8227030336856842,0.603410005569458,0.0455895
8086,3.071182668209076,0.6697769463062286,0.039485797
8087,5.2477943897247314,0.770004391670227,0.030733379
8088,9.870234727859497,0.9065887853503227,0.018050458
8089,5.519010424613953,0.780879557132721,0.029788556
8090,2.4689942598342896,0.6384184956550598,0.042320453
8091,4.596996307373047,0.7423965036869049,0.033124562
8092,4.142904877662659,0.7219067513942719,0.034902357
8093,6.112370491027832,0.803359180688858,0.02782156
8094,6.877110004425049,0.8297010809183121,0.02547678
8095,3.586846888065338,0.6954877972602844,0.037209824
8096,4.64694082736969,0.7445963323116302,0.032934643
8097,5.232077240943909,0.7693648934364319,0.030789038
8098,4.74655956029892,0.7489343285560608,0.03255907
8099,3.058485686779022,0.669127345085144,0.039543554
8100,6.2583327293396,0.8086149245500565,0.027357941
8101,3.111804723739624,0.6718389391899109,0.03930156
8102,5.645102858543396,0.7858067750930786,0.029359244
8103,3.445471227169037,0.68855020403862,0.037820432
8104,2.267538756132126,0.6276418268680573,0.043313477
8105,5.474108457565308,0.7791055738925934,0.02994295
8106,3.5422641038894653,0.6933088004589081,0.037401304
8107,4.000965356826782,0.7152979373931885,0.0354774
8108,7.671923041343689,0.8540258407592773,0.02324898
8109,2.1937739849090576,0.6236753761768341,0.04368289
8110,2.729177176952362,0.6521314978599548,0.041071553
8111,4.205987453460693,0.7248133420944214,0.034649797
8112,2.218317985534668,0.6249909400939941,0.04355962
8113,4.23092246055603,0.7259570062160492,0.034550466
8114,2.6911085844039917,0.650139182806015,0.041251965
8115,4.835178256034851,0.7527507245540619,0.032228574
8116,7.946637272834778,0.8617357909679413,0.022525173
8117,4.717840254306793,0.7476886510848999,0.032666907
8118,7.199593186378479,0.8399274349212646,0.024548244
8119,4.434003531932831,0.7351589202880859,0.033752028
8120,4.549650549888611,0.7403128147125244,0.033305615
8121,6.815510988235474,0.8276886940002441,0.025658099
8122,2.4895159900188446,0.6395086050033569,0.04222058
8123,1.9174690544605255,0.6086196303367615,0.045094807
8124,5.786370038986206,0.791235625743866,0.028885607
8125,6.811973452568054,0.827571228146553,0.025668552
8126,3.153391182422638,0.6739491522312164,0.039113846
8127,4.517209827899933,0.7388732135295868,0.03343024
8128,2.1216993033885956,0.6197621822357178,0.044046875
8129,4.719359874725342,0.7477534711360931,0.032661192
8130,2.7782726287841797,0.654691755771637,0.04084006
8131,5.553369522094727,0.7822301834821701,0.029670957
8132,4.509039521217346,0.7385112047195435,0.0334617
8133,2.808889150619507,0.6562824845314026,0.04069636
8134,5.9661900997161865,0.7979878634214401,0.028293751
8135,2.190502882003784,0.6234885454177856,0.04369934
8136,5.6468552350997925,0.785874754190445,0.029353322
8137,4.360104501247406,0.7318345904350281,0.034040414
8138,1.8812669813632965,0.6066331267356873,0.045283157
8139,2.2116029262542725,0.6246278882026672,0.043593314
8140,2.89546936750412,0.6607651710510254,0.040292714
8141,3.618607521057129,0.6970336139202118,0.037074015
8142,2.585078477859497,0.6445656716823578,0.041758616
8143,1.0285860300064087,0.558934897184372,0.04995405
8144,6.114473938941956,0.8034361898899078,0.027814826
8145,5.019125938415527,0.7605423033237457,0.031553224
8146,3.246033787727356,0.6786182820796967,0.038698874
8147,7.18381404876709,0.8394503444433212,0.024592876
8148,3.9954760670661926,0.7150398194789886,0.035499826
8149,1.1548789590597153,0.5660910606384277,0.049232982
8150,5.1432061195373535,0.765713706612587,0.031105679
8151,0.32640688121318817,0.5187804996967316,0.05416013
8152,5.273909568786621,0.7710697203874588,0.030641116
8153,4.498849809169769,0.7380584478378296,0.03350098
8154,1.9657516479492188,0.6112646460533142,0.044844832
8155,5.93896746635437,0.7969755977392197,0.028382566
8156,5.800538659095764,0.7917700707912445,0.028838525
8157,3.419540524482727,0.6872680485248566,0.037933506
8158,7.36558735370636,0.8450101315975189,0.02408356
8159,5.935737490653992,0.7968518137931824,0.028393123
8160,4.618158638477325,0.7433342039585114,0.033043955
8161,4.748736023902893,0.7490279078483582,0.032550916
8162,1.8603228032588959,0.6054807603359222,0.045392472
8163,5.359975695610046,0.7745482623577118,0.030339
8164,4.591085910797119,0.742142915725708,0.033147115
8165,5.713374614715576,0.7884389460086823,0.02912938
8166,3.7526294589042664,0.703511655330658,0.03650636
8167,2.2391660511493683,0.6261155605316162,0.0434552
8168,7.3039549589157104,0.8431427329778671,0.024255056
8169,4.568219780921936,0.7411341071128845,0.03323449
8170,2.300191819667816,0.6293988525867462,0.04315095
8171,4.080657362937927,0.7190200388431549,0.035153385
8172,3.601461946964264,0.696199357509613,0.037147272
8173,2.3325087130069733,0.6311332285404205,0.042990707
8174,3.1329387426376343,0.6729120314121246,0.039206047
8175,2.710009813308716,0.6511281430721283,0.041162293
8176,5.2129727602005005,0.7685842514038086,0.030856835
8177,3.078061044216156,0.6701248586177826,0.039454542
8178,5.235923528671265,0.7695199996232986,0.03077541
8179,1.8950332701206207,0.6073883771896362,0.04521144
8180,6.191202402114868,0.8062112480401993,0.027570197
8181,3.2365596294403076,0.678141862154007,0.038741108
8182,3.8588380813598633,0.7085819244384766,0.03606269
8183,3.5552358627319336,0.6939438283443451,0.037345495
8184,2.8501614928245544,0.6584229469299316,0.04050344
8185,3.238767683506012,0.6782504618167877,0.038731262
8186,1.3302916288375854,0.5759844183921814,0.048248682
8187,3.674735426902771,0.6997567713260651,0.03683522
8188,3.455539345741272,0.6890475451946259,0.037776615
8189,2.4026834964752197,0.6348865628242493,0.04264478
8190,1.6669933497905731,0.5947984755039215,0.04641414
8191,3.3926549553871155,0.6859369874000549,0.038051106
8192,3.8881704211235046,0.709966391324997,0.035941117
8193,2.3429258167743683,0.6316936612129211,0.042939182
8194,3.7651821970939636,0.7041150331497192,0.036453642
8195,4.514211714267731,0.7387397587299347,0.033441786
8196,4.888569414615631,0.7550324350595474,0.032031078
8197,1.7417697608470917,0.5989418029785156,0.046016287
8198,2.0050305128097534,0.6134115159511566,0.0446425
8199,2.4014900624752045,0.6348229944705963,0.042650636
8200,4.117822647094727,0.7207457423210144,0.035003286
8201,2.505595088005066,0.6403615772724152,0.042142496
8202,4.673640429973602,0.7457642555236816,0.032833565
8203,3.8387399911880493,0.7076290845870972,0.036146235
8204,3.556387424468994,0.6940003633499146,0.03734054
8205,4.243093729019165,0.726511687040329,0.03450208
8206,5.937126278877258,0.7969069480895996,0.028388584
8207,3.8225778937339783,0.7068620026111603,0.03621355
8208,1.8354539573192596,0.6041117906570435,0.045522626
8209,7.430291771888733,0.846944123506546,0.023904819
8210,3.6993643641471863,0.7009478509426117,0.036730915
8211,2.929544448852539,0.6625215709209442,0.040134948
8212,6.814818382263184,0.8276654332876205,0.025660144
8213,2.2380149364471436,0.6260532438755035,0.043460954
8214,9.801616072654724,0.9052463993430138,0.018193625
8215,3.2230690121650696,0.6774635314941406,0.038801324
8216,3.017183542251587,0.6670188307762146,0.03973203
8217,4.567669332027435,0.7411096692085266,0.033236597
8218,7.849297523498535,0.859047070145607,0.022779025
8219,1.4469054341316223,0.5825284719467163,0.047605243
8220,3.504623770713806,0.6914633512496948,0.037563737
8221,5.212518572807312,0.7685654014348984,0.030858448
8222,4.72352921962738,0.7479436695575714,0.032645516
8223,5.398356914520264,0.7760888189077377,0.030205231
8224,3.2957518100738525,0.6811050772666931,0.038478
8225,4.953530132770538,0.7577882260084152,0.031792417
8226,3.947426974773407,0.712780773639679,0.035696752
8227,4.9606674909591675,0.7580884397029877,0.031766303
8228,1.2476903945207596,0.5713337063789368,0.048709705
8229,4.191032946109772,0.7241258025169373,0.034709502
8230,4.132137894630432,0.7214086055755615,0.03494565
8231,0.2367774024605751,0.5136266350746155,0.054721892
8232,4.146862328052521,0.722089558839798,0.03488646
8233,4.320400357246399,0.7300337255001068,0.03419637
8234,2.1361759305000305,0.6205480098724365,0.043973524
8235,2.3582710325717926,0.6325133442878723,0.042863376
8236,4.362386763095856,0.7319381833076477,0.034031462
8237,1.3470864295959473,0.5769286155700684,0.048155475
8238,4.675067067146301,0.745826005935669,0.03282818
8239,3.7775379419326782,0.7047061920166016,0.036401823
8240,3.9251741766929626,0.7117307484149933,0.03578832
8241,3.911496102809906,0.7110837697982788,0.03584472
8242,6.528233885765076,0.8180481195449829,0.026520904
8243,5.090691447257996,0.7635382413864136,0.031294312
8244,3.070281147956848,0.6697287559509277,0.03948989
8245,7.566220164299011,0.8509646207094193,0.023533633
8246,5.571147799491882,0.7829264998435974,0.02961029
8247,2.6986366510391235,0.6505332291126251,0.04121622
8248,7.5958943367004395,0.8518268018960953,0.023453373
8249,5.591978430747986,0.7837407439947128,0.029539363
8250,5.658043622970581,0.7863079607486725,0.029315535
8251,2.461397349834442,0.6380147337913513,0.04235748
8252,2.700852155685425,0.6506499946117401,0.04120571
8253,5.583299994468689,0.7834015488624573,0.029568892
8254,3.8238826394081116,0.7069219052791595,0.036208104
8255,4.061833322048187,0.7181421518325806,0.03522965
8256,3.3544665575027466,0.6840387284755707,0.038218763
8257,6.427018642425537,0.8145561218261719,0.026831755
8258,2.2724413871765137,0.6279073059558868,0.04328904
8259,5.056002140045166,0.7620925903320312,0.03141955
8260,4.040447771549225,0.7171440124511719,0.035316497
8261,2.7603164315223694,0.653751939535141,0.04092458
8262,6.395735144615173,0.8134629726409912,0.026928568
8263,8.373757004737854,0.8730422258377075,0.021444313
8264,10.138646364212036,0.9116942211985588,0.017501194
8265,2.5751063227653503,0.6440393924713135,0.041806586
8266,6.46750807762146,0.8159569650888443,0.026706971
8267,6.467856168746948,0.8159693032503128,0.0267059
8268,4.188968539237976,0.7240309715270996,0.034717754
8269,2.8712645173072815,0.6595114767551422,0.040405158
8270,5.670238733291626,0.7867783755064011,0.02927441
8271,10.644351243972778,0.9206306040287018,0.016511345
8272,5.584605932235718,0.7834526002407074,0.029564446
8273,4.090798497200012,0.7194915413856506,0.03511237
8274,6.3990318775177,0.813578188419342,0.026918348
8275,4.950032532215118,0.7576413601636887,0.03180522
8276,4.715455770492554,0.7475854754447937,0.032675877
8277,4.846328496932983,0.7532289773225784,0.032187227
8278,2.0410874485969543,0.6153785288333893,0.044457555
8279,5.5247581005096436,0.78110571205616,0.029768854
8280,5.829997658729553,0.7928858250379562,0.028740885
8281,2.9447361826896667,0.6633034348487854,0.040064815
8282,4.505346119403839,0.738352507352829,0.03347593
8283,3.497464954853058,0.6911127269268036,0.03759471
8284,2.283717691898346,0.628513514995575,0.043232877
8285,6.692333221435547,0.8236047625541687,0.026024558
8286,4.550560414791107,0.7403529286384583,0.03330213
8287,4.184063673019409,0.7238050699234009,0.03473736
8288,4.690456390380859,0.7464973628520966,0.032770056
8289,2.1492305397987366,0.6212552487850189,0.043907475
8290,4.763842821121216,0.7496810555458069,0.032494348
8291,2.458542436361313,0.6378638744354248,0.042371403
8292,3.7436947226524353,0.7030820548534393,0.03654393
8293,2.96806663274765,0.6645026206970215,0.039957356
8294,3.7688860297203064,0.7042920291423798,0.036438093
8295,2.771202027797699,0.6543221771717072,0.040873323
8296,4.604865610599518,0.7427496016025543,0.03309457
8297,4.136358797550201,0.721602201461792,0.03492867
8298,5.643228888511658,0.785734236240387,0.029365577
8299,2.9679712653160095,0.6644972562789917,0.039957784
8300,4.426203370094299,0.7348105609416962,0.03378235
8301,4.287991225719452,0.7285632789134979,0.034324203
8302,7.0614320039749146,0.8356150984764099,0.024941836
8303,3.5969603061676025,0.6959807276725769,0.037166532
8304,5.508668422698975,0.7804717719554901,0.029824048
8305,4.7353386878967285,0.7484543323516846,0.03260116
8306,1.6112320125102997,0.5917005240917206,0.04671307
8307,3.5712578892707825,0.6947266161441803,0.03727667
8308,4.8344117403030396,0.7527195662260056,0.032231413
8309,4.967857599258423,0.7583929598331451,0.031740017
8310,9.85161304473877,0.9062288925051689,0.0180892
8311,10.114351511001587,0.9112437665462494,0.017550215
8312,2.6449692249298096,0.647720456123352,0.041471675
8313,4.912581443786621,0.75605309009552,0.031942647
8314,2.3485201597213745,0.6319895386695862,0.04291153
8315,4.044105708599091,0.7173126935958862,0.03530163
8316,4.469841718673706,0.7367628216743469,0.03361305
8317,4.188080132007599,0.7239899933338165,0.034721304
8318,2.436400353908539,0.636684238910675,0.04247956
8319,4.063468873500824,0.7182199954986572,0.03522302
8320,6.912087798118591,0.830836221575737,0.025374392
8321,7.272875905036926,0.8421943187713623,0.024341999
8322,5.844952464103699,0.7934503853321075,0.028691445
8323,5.218077898025513,0.7687930166721344,0.030838702
8324,3.22785347700119,0.6777040958404541,0.038779963
8325,2.949063777923584,0.6635259687900543,0.040044867
8326,3.5567882657051086,0.6940142512321472,0.037338816
8327,2.2551000118255615,0.6269741654396057,0.04337555
8328,4.17118102312088,0.7232034504413605,0.034788918
8329,5.945752859115601,0.797228142619133,0.028360404
8330,4.9208831787109375,0.7564056068658829,0.031912133
8331,4.670612215995789,0.7456315457820892,0.032845013
8332,4.060870707035065,0.7180985808372498,0.035233553
8333,7.307260632514954,0.8432425260543823,0.02424583
8334,2.5546428561210632,0.6429572105407715,0.041905202
8335,4.583250284194946,0.7417979538440704,0.03317703
8336,4.245418608188629,0.726620614528656,0.03449285
8337,4.015445709228516,0.7159765362739563,0.0354183
8338,3.1681159138679504,0.674692302942276,0.03904759
8339,3.682630956172943,0.7001384198665619,0.036801748
8340,3.290305435657501,0.6808373332023621,0.03850213
8341,4.142758548259735,0.7218988835811615,0.034902945
8342,4.632161557674408,0.743947446346283,0.032990728
8343,2.9551446437835693,0.6638390421867371,0.04001684
8344,4.457293748855591,0.7361993193626404,0.03366164
8345,6.479856371879578,0.8163839280605316,0.02666903
8346,1.3956087827682495,0.5796533226966858,0.047887214
8347,4.197129607200623,0.7244064807891846,0.03468515
8348,1.328950971364975,0.5759092569351196,0.048256125
8349,5.492331385612488,0.7798260152339935,0.029880196
8350,3.4301576018333435,0.6877903640270233,0.037887167
8351,2.4567843973636627,0.637769341468811,0.042379983
8352,4.075298607349396,0.7187851071357727,0.035175078
8353,1.7334479093551636,0.5984810292720795,0.0460604
8354,6.164259910583496,0.8052383065223694,0.02765585
8355,2.099582552909851,0.6185614466667175,0.044159167
8356,6.94826602935791,0.8320049047470093,0.025268922
8357,2.6679804921150208,0.6489266753196716,0.04136195
8358,4.025574326515198,0.7164505422115326,0.035377022
8359,3.1736016273498535,0.6749668121337891,0.03902294
8360,4.433810710906982,0.7351527214050293,0.033752773
8361,3.4573572874069214,0.6891361773014069,0.037768707
8362,2.516322135925293,0.6409197449684143,0.04209048
8363,3.321079909801483,0.6823734641075134,0.03836596
8364,3.285147547721863,0.6805771291255951,0.038525004
8365,2.2031164169311523,0.6241698563098907,0.043635927
8366,1.619197279214859,0.5921511650085449,0.046670254
8367,3.929837942123413,0.7119507491588593,0.03576911
8368,2.8912758827209473,0.6605481803417206,0.04031217
8369,2.480517476797104,0.6390315294265747,0.042264342
8370,3.229338526725769,0.677774965763092,0.038773328
8371,2.538115680217743,0.6420870423316956,0.04198501
8372,6.73530638217926,0.8250382244586945,0.025896123
8373,4.0388476848602295,0.7170698344707489,0.035323
8374,3.0177736282348633,0.6670489311218262,0.039729342
8375,4.929381608963013,0.7567654848098755,0.031880926
8376,4.072229266166687,0.7186278700828552,0.035187513
8377,6.039524078369141,0.8006963580846786,0.028055875
8378,1.908986121416092,0.6081542670726776,0.045138873
8379,3.0627086758613586,0.6693430542945862,0.03952433
8380,4.883424639701843,0.7548131197690964,0.03205005
8381,5.477745532989502,0.7792485803365707,0.029930415
8382,3.775794208049774,0.7046209275722504,0.03640913
8383,1.7958292365074158,0.6019280552864075,0.045730773
8384,2.9311060905456543,0.6625982224941254,0.04012774
8385,3.9437344670295715,0.7126089930534363,0.035711925
8386,1.9094040989875793,0.6081768274307251,0.0451367
8387,2.0608264207839966,0.6164537370204926,0.04435664
8388,3.149706721305847,0.6737643778324127,0.03913044
8389,5.051983594894409,0.7619249224662781,0.031434085
8390,4.733805358409882,0.7483812272548676,0.03260692
8391,4.160429835319519,0.7227160334587097,0.03483201
8392,3.977561593055725,0.7141993045806885,0.035573117
8393,3.7988469004631042,0.7057263255119324,0.036312625
8394,3.900221288204193,0.710550457239151,0.03589128
8395,6.67184054851532,0.8229176551103592,0.026086029
8396,5.31701922416687,0.7728155851364136,0.030489411
8397,3.3420655131340027,0.6834211647510529,0.03827337
8398,3.419746458530426,0.6872782409191132,0.03793261
8399,4.944764971733093,0.7574162930250168,0.03182451
8400,1.4802321791648865,0.5843934714794159,0.04742293
8401,4.417543709278107,0.7344222962856293,0.033816047
8402,2.549021542072296,0.6426613032817841,0.041932322
8403,3.473893105983734,0.6899518072605133,0.037696872
8404,2.1158744394779205,0.619446188211441,0.04407642
8405,3.043105900287628,0.6683420836925507,0.039613634
8406,4.7057995200157166,0.7471652328968048,0.032712217
8407,6.372018456459045,0.8126332759857178,0.027002202
8408,8.33330512046814,0.8720049858093262,0.021544417
8409,8.254360556602478,0.8699621111154556,0.021741126
8410,2.596472203731537,0.6451661288738251,0.041703876
8411,7.298049330711365,0.8429614752531052,0.024271553
8412,8.23349416255951,0.869419053196907,0.021793414
8413,3.043532967567444,0.6683641374111176,0.039611686
8414,1.3582566380500793,0.5775562822818756,0.048093583
8415,7.509218454360962,0.8492928147315979,0.023688586
8416,0.4380781203508377,0.5251962840557098,0.05346827
8417,4.0968334674835205,0.7197706997394562,0.035087977
8418,4.578835368156433,0.7416025698184967,0.0331939
8419,6.51216447353363,0.8175006806850433,0.026570018
8420,3.5251978039741516,0.6924731433391571,0.037474867
8421,3.2989606261253357,0.6812701523303986,0.038463783
8422,1.4458796381950378,0.5824711322784424,0.047610857
8423,2.161197066307068,0.621902734041214,0.043847032
8424,6.060390472412109,0.801461935043335,0.027988555
8425,4.633104205131531,0.743990033864975,0.03298715
8426,0.8595535904169083,0.549318790435791,0.050935704
8427,4.135963022708893,0.7215877771377563,0.034930263
8428,4.9289679527282715,0.7567482143640518,0.031882446
8429,4.850514829158783,0.7534083127975464,0.03217172
8430,4.9151259660720825,0.7561607956886292,0.031933293
8431,7.076576352119446,0.8360810428857803,0.02489839
8432,6.92656934261322,0.8313051015138626,0.025332125
8433,4.809216558933258,0.7516370266675949,0.03232505
8434,4.734838306903839,0.7484265565872192,0.03260304
8435,1.979142427444458,0.6119969487190247,0.044775758
8436,2.5902271270751953,0.6448368430137634,0.041733872
8437,1.0421354323625565,0.559704452753067,0.04987618
8438,4.047992825508118,0.7174965739250183,0.035285834
8439,5.732325315475464,0.7891687899827957,0.029065898
8440,2.972766160964966,0.6647418439388275,0.039935745
8441,5.756977200508118,0.7901102304458618,0.028983524
8442,5.969556570053101,0.7981113642454147,0.028282788
8443,6.623690128326416,0.8212995380163193,0.026231037
8444,7.810155153274536,0.8579485863447189,0.02288191
8445,4.618258476257324,0.7433484792709351,0.03304358
8446,3.5536757111549377,0.6938650906085968,0.037352204
8447,2.395060658454895,0.6344794929027557,0.04268222
8448,3.446672260761261,0.6886076629161835,0.0378152
8449,2.20194935798645,0.624104917049408,0.04364179
8450,3.8921698927879333,0.7101687490940094,0.03592457
8451,7.911175489425659,0.8607534021139145,0.022617325
8452,1.3544011116027832,0.5773396492004395,0.04811494
8453,4.365342557430267,0.732071191072464,0.034019887
8454,1.2519921362400055,0.5715756118297577,0.048685584
8455,6.5939247608184814,0.8202886283397675,0.026321085
8456,4.924007058143616,0.7565370351076126,0.03190065
8457,5.775267481803894,0.790808841586113,0.028922554
8458,4.91815447807312,0.7562901079654694,0.031922165
8459,2.544192671775818,0.6424064338207245,0.04195564
8460,3.451225757598877,0.6888364553451538,0.03779538
8461,7.879571914672852,0.8598837852478027,0.022699768
8462,1.9629228115081787,0.6111098229885101,0.044859443
8463,3.0833858251571655,0.6703945994377136,0.039430358
8464,1.6715699434280396,0.5950530171394348,0.046389688
8465,1.6078546643257141,0.5915126204490662,0.046731237
8466,4.176398813724518,0.7234519720077515,0.034768026
8467,3.278782069683075,0.6802602112293243,0.038553245
8468,1.2453703582286835,0.5712019801139832,0.04872271
8469,2.2359226644039154,0.6259404122829437,0.04347143
8470,5.257992148399353,0.7704220414161682,0.03069732
8471,0.8834516257047653,0.5506808757781982,0.05079576
8472,5.449315905570984,0.7781165689229965,0.030028543
8473,2.235342264175415,0.6259089112281799,0.043474324
8474,3.162999451160431,0.6744335889816284,0.0390706
8475,6.948137283325195,0.8319998681545258,0.025269296
8476,3.610890507698059,0.6966589093208313,0.037106972
8477,4.551973044872284,0.740415632724762,0.033296715
8478,2.735728919506073,0.6524792611598969,0.04104059
8479,0.8788878470659256,0.5504203140735626,0.05082245
8480,7.344957590103149,0.8443841338157654,0.024140827
8481,2.2630131244659424,0.6273998320102692,0.043336056
8482,4.559790790081024,0.7407606542110443,0.033266757
8483,2.971571385860443,0.6646899878978729,0.039941236
8484,2.7192148566246033,0.6516084969043732,0.04111869
8485,5.7662034034729,0.7904629409313202,0.028952751
8486,2.740759253501892,0.652735024690628,0.041016825
8487,3.761206269264221,0.7039232552051544,0.03647033
8488,5.391249656677246,0.775804340839386,0.03022996
8489,7.316272258758545,0.8435168415307999,0.024220686
8490,5.4022932052612305,0.7762460559606552,0.030191548
8491,4.338808059692383,0.7308711111545563,0.034123976
8492,3.691891133785248,0.7005859017372131,0.036762536
8493,1.7874835431575775,0.6014686524868011,0.04577473
8494,0.7771853357553482,0.5446190536022186,0.05142103
8495,2.9054003953933716,0.6612775325775146,0.040246677
8496,5.272007584571838,0.7709927707910538,0.030647822
8497,7.608910799026489,0.8522067666053772,0.023418251
8498,4.121012091636658,0.7208935618400574,0.03499044
8499,7.106086015701294,0.8370223939418793,0.024813939
8500,3.3582669496536255,0.6842279136180878,0.038202047
8501,3.5433894395828247,0.6933641135692596,0.037396464
8502,2.7905982732772827,0.6553332209587097,0.040782146
8503,3.6443516612052917,0.6982848346233368,0.036964297
8504,2.788812816143036,0.6552396714687347,0.04079053
8505,3.840135335922241,0.7076966464519501,0.036140423
8506,3.762100040912628,0.7039664685726166,0.036466576
8507,5.103014707565308,0.764050155878067,0.031249948
8508,4.571733176708221,0.7412821650505066,0.03322105
8509,2.2357478737831116,0.6259309947490692,0.0434723
8510,4.8137301206588745,0.7518308758735657,0.032308258
8511,3.0762681365013123,0.6700331568717957,0.03946268
8512,3.677188456058502,0.6998752355575562,0.03682482
8513,2.9265153408050537,0.6623661518096924,0.04014896
8514,2.353244721889496,0.6322438418865204,0.042888198
8515,2.543739080429077,0.6423839032649994,0.041957833
8516,3.015385866165161,0.6669268310070038,0.039740264
8517,7.536133527755737,0.8500840067863464,0.023615295
8518,0.9717442095279694,0.555711567401886,0.05028203
8519,2.806031107902527,0.6561351418495178,0.04070975
8520,5.681832432746887,0.7872269451618195,0.029235356
8521,11.187362670898438,0.9292984306812286,0.015510719
8522,3.872404396533966,0.7092314064502716,0.03600641
8523,3.783368766307831,0.7049855291843414,0.036377393
8524,3.5674259066581726,0.6945407688617706,0.03729312
8525,2.1282121539115906,0.6201159954071045,0.044013858
8526,7.244711518287659,0.8413296490907669,0.024421055
8527,5.488276481628418,0.779666468501091,0.029894147
8528,4.028412401676178,0.716583251953125,0.035365466
8529,3.4135961532592773,0.6869739592075348,0.03795948
8530,2.462991327047348,0.6380997896194458,0.042349707
8531,6.73031210899353,0.8248718082904816,0.025911016
8532,2.8766098618507385,0.6597896814346313,0.0403803
8533,3.884015679359436,0.7097823917865753,0.03595831
8534,4.427315890789032,0.7348605394363403,0.033778023
8535,9.313033819198608,0.8951424956321716,0.019246347
8536,0.5464120209217072,0.5314126908779144,0.052805528
8537,5.809733271598816,0.7921181917190552,0.028808013
8538,4.083826839923859,0.7191674709320068,0.03514056
8539,2.898397743701935,0.6609163582324982,0.040279135
8540,8.438544273376465,0.8746864199638367,0.021284958
8541,5.754566788673401,0.7900187075138092,0.028991567
8542,3.207758665084839,0.6766919195652008,0.03886978
8543,5.7343989610672,0.7892435491085052,0.029058961
8544,4.235237538814545,0.7261544764041901,0.034533303
8545,8.12612533569336,0.8665865510702133,0.02206448
8546,2.6551026105880737,0.6482516825199127,0.041423317
8547,4.888624548912048,0.7550346404314041,0.032030873
8548,6.530175805091858,0.8181149661540985,0.026514975
8549,4.351522624492645,0.7314459681510925,0.034074064
8550,5.129557847976685,0.7651481479406357,0.031154595
8551,0.717376172542572,0.5412027835845947,0.051776327
8552,8.262346982955933,0.8701716512441635,0.021721141
8553,5.393936038017273,0.7759110182523727,0.030220611
8554,6.439433693885803,0.8149850368499756,0.026793431
8555,5.184435248374939,0.7674128264188766,0.030958384
8556,3.7092751264572144,0.7014245390892029,0.036689036
8557,6.616343259811401,0.8210487812757492,0.026253238
8558,5.340229272842407,0.7737522423267365,0.030408045
8559,4.5288026332855225,0.739388644695282,0.033385653
8560,3.6861324310302734,0.700307697057724,0.036786918
8561,0.535842776298523,0.5308063626289368,0.052869827
8562,3.6567217111587524,0.6988848745822906,0.036911685
8563,4.195772409439087,0.7243439257144928,0.034690566
8564,3.4789028763771057,0.6901977956295013,0.037675142
8565,5.059349536895752,0.7622351795434952,0.031407434
8566,1.270168274641037,0.5726009905338287,0.048583817
8567,3.3747249841690063,0.68504598736763,0.038129736
8568,6.850953698158264,0.8288497179746628,0.025553616
8569,2.7483269572257996,0.653129905462265,0.040981103
8570,7.293228507041931,0.8428152799606323,0.024285028
8571,2.2563034296035767,0.627038836479187,0.043369547
8572,5.116415023803711,0.7646054029464722,0.03120177
8573,4.510805904865265,0.7385897040367126,0.033454895
8574,2.7343344688415527,0.6524040400981903,0.04104718
8575,2.579817771911621,0.6442933678627014,0.041783918
8576,1.9271446764469147,0.6091501414775848,0.045044605
8577,3.0542683601379395,0.6689126789569855,0.03956276
8578,3.307242691516876,0.6816835701465607,0.038427122
8579,6.36687159538269,0.8124526143074036,0.027018204
8580,4.218615293502808,0.7253738045692444,0.034599453
8581,5.592167973518372,0.783748134970665,0.029538713
8582,6.573106646537781,0.819584921002388,0.026384244
8583,0.9355147927999496,0.5536455810070038,0.050492194
8584,5.694440603256226,0.7877106815576553,0.02919295
8585,3.1717857718467712,0.6748775541782379,0.039031096
8586,6.051294803619385,0.8011274486780167,0.028017879
8587,5.357999205589294,0.7744668424129486,0.030345902
8588,3.3103936910629272,0.6818411350250244,0.038413186
8589,3.734324872493744,0.7026301324367523,0.036583375
8590,5.041281580924988,0.761479526758194,0.03147284
8591,3.349616229534149,0.6837963461875916,0.03824012
8592,2.787805497646332,0.655186802148819,0.04079526
8593,1.7191433906555176,0.5976895689964294,0.046136305
8594,9.809016585350037,0.9053891897201538,0.01817813
8595,7.153112888336182,0.8384941965341568,0.024679959
8596,5.403916239738464,0.7763119339942932,0.030185904
8597,1.998385637998581,0.613046795129776,0.04467666
8598,5.343354940414429,0.7738802134990692,0.030397108
8599,5.3524839878082275,0.7742478251457214,0.030365176
8600,7.112049460411072,0.8372094035148621,0.024796907
8601,3.3310359716415405,0.6828750669956207,0.03832201
8602,3.584359288215637,0.6953648328781128,0.03722049
8603,4.340644180774689,0.7309544682502747,0.034116764
8604,1.0245228558778763,0.5587041676044464,0.049977425
8605,5.787490606307983,0.7912729978561401,0.028881881
8606,2.235940098762512,0.6259410977363586,0.043471344
8607,0.6855574995279312,0.5393818616867065,0.051966332
8608,5.603688955307007,0.7841961532831192,0.02949956
8609,2.9485994577407837,0.6635020971298218,0.040047
8610,1.4162233471870422,0.5808095335960388,0.0477737
8611,7.802261114120483,0.857727587223053,0.022902714
8612,2.842749059200287,0.658038854598999,0.040538017
8613,6.616100072860718,0.8210419416427612,0.026253972
8614,7.8815507888793945,0.8599390089511871,0.022694597
8615,3.552320897579193,0.6938021183013916,0.037358027
8616,4.0224021673202515,0.716302365064621,0.035389945
8617,2.679246664047241,0.649517685174942,0.041308332
8618,3.0395016074180603,0.6681595146656036,0.039630078
8619,3.171459138393402,0.6748605668544769,0.039032564
8620,3.028634190559387,0.6676040887832642,0.03967969
8621,3.2143807411193848,0.6770263016223907,0.038840156
8622,6.020203232765198,0.7999855130910873,0.028118353
8623,2.305949181318283,0.6297080814838409,0.043122366
8624,3.375973403453827,0.6851081550121307,0.038124256
8625,1.8037942051887512,0.6023671925067902,0.04568886
8626,5.046966075897217,0.7617103904485703,0.031452242
8627,1.8701262772083282,0.6060200333595276,0.045341272
8628,2.7861973643302917,0.6551024913787842,0.04080282
8629,5.0858670473098755,0.7633364796638489,0.031311702
8630,2.1524202823638916,0.6214278936386108,0.043891363
8631,1.0199805349111557,0.558446079492569,0.050003566
8632,4.118107259273529,0.7207590043544769,0.035002142
8633,5.85659921169281,0.7938883453607559,0.028652996
8634,4.759151935577393,0.7494774162769318,0.032511905
8635,4.303055107593536,0.7292487025260925,0.03426473
8636,4.801849722862244,0.7513199597597122,0.032352477
8637,3.0207616090774536,0.6672008335590363,0.039715674
8638,6.226100921630859,0.8074636161327362,0.027459648
8639,2.030056118965149,0.6147769391536713,0.044514064
8640,1.7528708279132843,0.599555492401123,0.04595751
8641,3.4044817090034485,0.6865223050117493,0.037999336
8642,3.938590884208679,0.7123643755912781,0.035733085
8643,4.382213056087494,0.7328320741653442,0.03395388
8644,2.9486024379730225,0.6635022759437561,0.040046997
8645,3.9833828806877136,0.7144700586795807,0.035549283
8646,3.938131034374237,0.7123346328735352,0.03573497
8647,2.794487476348877,0.655533641576767,0.040763892
8648,2.010246217250824,0.6136962473392487,0.044615693
8649,1.4889222383499146,0.5848849415779114,0.04737551
8650,3.000459671020508,0.6661629676818848,0.039808612
8651,4.410158395767212,0.7340902984142303,0.03384481
8652,3.7627142667770386,0.703993022441864,0.036464
8653,1.7714132368564606,0.6005799770355225,0.045859504
8654,7.222698926925659,0.8406467288732529,0.024483027
8655,4.745168685913086,0.7488714754581451,0.03256429
8656,6.775760054588318,0.8263770490884781,0.025775792
8657,3.8437211513519287,0.707867443561554,0.036125503
8658,6.249690651893616,0.8083069771528244,0.027385173
8659,6.88488245010376,0.829954132437706,0.025453988
8660,2.5386998057365417,0.6421211063861847,0.04198218
8661,0.863175243139267,0.5495254993438721,0.05091447
8662,3.389309048652649,0.6857677400112152,0.038065765
8663,2.405264675617218,0.6350238025188446,0.042632103
8664,3.7779489159584045,0.7047267258167267,0.0364001
8665,4.141435027122498,0.7218385338783264,0.03490827
8666,4.654518365859985,0.744928389787674,0.03290592
8667,2.346355617046356,0.6318747401237488,0.042922232
8668,3.4521201252937317,0.6888781785964966,0.03779149
8669,1.9575957953929901,0.6108178496360779,0.044886965
8670,3.4760743379592896,0.690059095621109,0.037687406
8671,5.600016117095947,0.784054309129715,0.02951204
8672,3.489193022251129,0.6907047033309937,0.03763053
8673,4.306831359863281,0.7294191122055054,0.034249835
8674,1.1927327513694763,0.5682308673858643,0.04901888
8675,10.526344776153564,0.9186235442757607,0.016737198
8676,3.4001216292381287,0.6863061487674713,0.03801841
8677,3.534289300441742,0.6929160952568054,0.037435666
8678,4.071560502052307,0.7185963690280914,0.03519022
8679,7.077421545982361,0.8361197859048843,0.024895964
8680,2.685995399951935,0.6498708724975586,0.04127625
8681,6.733956336975098,0.8249944150447845,0.025900146
8682,3.0052602291107178,0.6664106845855713,0.039786614
8683,1.3897556066513062,0.579324871301651,0.047919493
8684,3.430698812007904,0.6878200769424438,0.037884805
8685,1.675085425376892,0.595247745513916,0.04637092
8686,3.109188675880432,0.671707272529602,0.039313395
8687,4.534599184989929,0.7396461963653564,0.03336338
8688,2.397621273994446,0.6346171498298645,0.04266964
8689,5.1441943645477295,0.7657521069049835,0.031102143
8690,4.267321825027466,0.7276204526424408,0.03440598
8691,0.6426579505205154,0.5369268953800201,0.052223634
8692,2.9917949438095093,0.6657191216945648,0.039848346
8693,0.965164452791214,0.5553315281867981,0.050320134
8694,1.5336859226226807,0.5873796939849854,0.047131985
8695,4.236747324466705,0.7262237071990967,0.0345273
8696,2.3117224872112274,0.6300179064273834,0.04309371
8697,7.277066111564636,0.8423202633857727,0.02433026
8698,4.9953800439834595,0.7595457285642624,0.031639606
8699,1.7067128419876099,0.5970021784305573,0.046202373
8700,4.647133052349091,0.7446044683456421,0.032933913
8701,5.3421056270599365,0.7738299667835236,0.030401481
8702,6.425865888595581,0.8145137429237366,0.026835315
8703,2.770591676235199,0.6542880833148956,0.040876187
8704,5.0690048933029175,0.762636199593544,0.031372547
8705,4.828471541404724,0.7524638622999191,0.03225347
8706,4.789988100528717,0.7508088648319244,0.03239669
8707,2.954394519329071,0.6637999415397644,0.04002029
8708,1.357521265745163,0.5775150656700134,0.048097663
8709,2.052174061536789,0.6159822344779968,0.044400852
8710,7.65108048915863,0.8534069210290909,0.023304835
8711,5.392066240310669,0.7758347541093826,0.030227117
8712,6.052151322364807,0.8011600226163864,0.028015116
8713,3.745552897453308,0.7031677663326263,0.03653612
8714,3.3586901426315308,0.6842482388019562,0.038200185
8715,5.6688374280929565,0.7867195308208466,0.029279131
8716,2.460363507270813,0.6379596590995789,0.042362526
8717,3.3013787865638733,0.6813907027244568,0.038453076
8718,3.564220666885376,0.694382518529892,0.037306882
8719,5.566439628601074,0.7827404886484146,0.02962634
8720,3.402944803237915,0.686445415019989,0.038006052
8721,6.5162283182144165,0.8176372051239014,0.026557585
8722,4.123704731464386,0.7210193276405334,0.034979597
8723,3.951207995414734,0.7129534780979156,0.03568121
8724,7.2468191385269165,0.8413941413164139,0.024415132
8725,1.5596632659435272,0.5888298451900482,0.04699123
8726,4.3039268255233765,0.7292877435684204,0.03426129
8727,2.128165513277054,0.6201129853725433,0.04401409
8728,4.879443347454071,0.7546435296535492,0.032064747
8729,7.983841300010681,0.862751305103302,0.0224289
8730,7.285876274108887,0.8425904512405396,0.024305595
8731,4.750793874263763,0.749117374420166,0.03254321
8732,3.220200836658478,0.6773194372653961,0.038814142
8733,5.516999959945679,0.7807995229959488,0.029795455
8734,5.035858154296875,0.7612507492303848,0.031492498
8735,9.90626573562622,0.9072904884815216,0.017975738
8736,5.252821445465088,0.7702115774154663,0.0307156
8737,5.251245498657227,0.770147368311882,0.03072117
8738,4.371357262134552,0.7323426604270935,0.033996344
8739,2.990005910396576,0.6656282842159271,0.039856553
8740,2.8078532218933105,0.6562293469905853,0.040701214
8741,6.4911991357803345,0.8167760372161865,0.026634226
8742,7.074764370918274,0.8360362201929092,0.02490358
8743,1.735217124223709,0.5985789597034454,0.04605101
8744,1.8228740990161896,0.6034190952777863,0.045588605
8745,3.148847818374634,0.6737178266048431,0.039134305
8746,3.8326266407966614,0.7073383629322052,0.036171682
8747,2.6986107230186462,0.6505326926708221,0.04121634
8748,3.5199809074401855,0.6922179162502289,0.037497383
8749,2.5643694400787354,0.6434724032878876,0.0418583
8750,4.831565618515015,0.7525907158851624,0.032241985
8751,5.623704195022583,0.7849738895893097,0.029431663
8752,2.3059065639972687,0.6297057271003723,0.043122575
8753,5.96804141998291,0.798057422041893,0.02828772
8754,2.5192105770111084,0.6410842537879944,0.042076487
8755,7.410489916801453,0.8463548123836517,0.023959378
8756,4.800013899803162,0.7512412071228027,0.032359313
8757,5.506282448768616,0.7803773730993271,0.029832244
8758,4.191807210445404,0.7241615056991577,0.03470641
8759,3.848188817501068,0.7080800533294678,0.036106933
8760,4.03160035610199,0.7167273759841919,0.035352487
8761,4.786354303359985,0.7506470680236816,0.03241024
8762,3.9940720796585083,0.7149637341499329,0.035505563
8763,3.507300317287445,0.6915945410728455,0.037552163
8764,6.936212182044983,0.8316147327423096,0.025304014
8765,3.7770190834999084,0.7046810686588287,0.036403995
8766,4.454023540019989,0.7360570430755615,0.033674326
8767,1.6637799143791199,0.594620406627655,0.046431314
8768,8.157461881637573,0.8674186766147614,0.021985024
8769,1.3917942345142365,0.5794393718242645,0.04790825
8770,6.271907687187195,0.8090982735157013,0.027315216
8771,5.6454867124557495,0.7858219891786575,0.029357947
8772,4.308339059352875,0.7294919788837433,0.034243893
8773,5.479127764701843,0.7793040871620178,0.02992565
8774,5.511581897735596,0.7805845588445663,0.029814048
8775,4.087466597557068,0.719336599111557,0.035125837
8776,2.4260438978672028,0.6361324489116669,0.04253024
8777,1.2686389684677124,0.5725138187408447,0.048592366
8778,4.325954020023346,0.7302891910076141,0.034174513
8779,3.60838383436203,0.6965384483337402,0.03711768
8780,2.3813939094543457,0.6337493658065796,0.04274943
8781,2.94669508934021,0.6634040772914886,0.040055785
8782,4.901284575462341,0.7555735260248184,0.03198422
8783,3.832828998565674,0.7073502242565155,0.036170837
8784,2.8543710708618164,0.6586411893367767,0.040483817
8785,4.024227857589722,0.7163870930671692,0.03538251
8786,6.543991565704346,0.8185897618532181,0.026472837
8787,4.702139496803284,0.7470060586929321,0.03272601
8788,4.741344749927521,0.748708188533783,0.032578625
8789,1.9238393008708954,0.6089692115783691,0.04506175
8790,6.68340802192688,0.8233065456151962,0.026051315
8791,3.2821068167686462,0.6804265677928925,0.03853849
8792,2.484530061483383,0.6392437219619751,0.04224483
8793,5.181043744087219,0.7672733068466187,0.030970464
8794,3.0887439846992493,0.6706684529781342,0.039406043
8795,4.204597473144531,0.7247494757175446,0.034655336
8796,2.678949534893036,0.6495064496994019,0.041309748
8797,4.428980350494385,0.7349360883235931,0.033771552
8798,3.1096354126930237,0.6717285513877869,0.039311375
8799,7.0803141593933105,0.8362112641334534,0.024887675
8800,2.420530766248703,0.6358386278152466,0.042557243
8801,3.8684505224227905,0.7090329825878143,0.036022805
8802,2.9577982425689697,0.6639749109745026,0.040004615
8803,2.168758511543274,0.6223130226135254,0.043808877
8804,2.941921055316925,0.6631588637828827,0.040077813
8805,2.958986759185791,0.664035975933075,0.03999914
8806,5.853977799415588,0.793790727853775,0.028661646
8807,3.3149337768554688,0.6820680201053619,0.03839311
8808,4.808656573295593,0.7516130805015564,0.03232713
8809,3.9090338349342346,0.7109661102294922,0.035854883
8810,4.865244925022125,0.7540396898984909,0.032117207
8811,2.3814502358436584,0.6337525248527527,0.04274915
8812,1.8367782235145569,0.6041849851608276,0.045515686
8813,3.8169485330581665,0.706591010093689,0.036237035
8814,5.75877845287323,0.7901792675256729,0.028977511
8815,3.272083103656769,0.6799242794513702,0.03858299
8816,3.906692862510681,0.710857093334198,0.035864547
8817,4.671525657176971,0.7456716597080231,0.032841556
8818,3.59730988740921,0.6959985494613647,0.03716503
8819,4.518965184688568,0.7389520704746246,0.033423487
8820,5.2527642250061035,0.7702088952064514,0.0307158
8821,7.682823538780212,0.8543380349874496,0.02321982
8822,8.362942337989807,0.8727660328149796,0.02147103
8823,5.676944255828857,0.7870398163795471,0.029251818
8824,3.7326574325561523,0.7025489211082458,0.0365904
8825,4.381437301635742,0.7327973544597626,0.033956915
8826,1.970355212688446,0.6115163564682007,0.044821076
8827,4.795070290565491,0.7510292679071426,0.032377735
8828,1.1024317145347595,0.5631215870380402,0.049531147
8829,1.1541998386383057,0.5660526752471924,0.049236823
8830,7.953310012817383,0.8619208484888077,0.022507876
8831,2.9733306169509888,0.6647724807262421,0.039933138
8832,4.785568416118622,0.7506191432476044,0.032413177
8833,6.884579658508301,0.8299444168806076,0.025454883
8834,2.406444400548935,0.6350871622562408,0.042626318
8835,4.062838852405548,0.7181893885135651,0.03522557
8836,1.9101577997207642,0.6082165837287903,0.045132786
8837,2.978745996952057,0.6650503575801849,0.039908256
8838,3.9300283789634705,0.7119597494602203,0.03576833
8839,5.734303593635559,0.7892434000968933,0.02905928
8840,2.754441201686859,0.653449296951294,0.04095227
8841,5.910536050796509,0.7959163784980774,0.02847562
8842,3.4329715371131897,0.6879312992095947,0.037874896
8843,4.481789767742157,0.7372978329658508,0.033566844
8844,4.1067904233932495,0.720225989818573,0.035047777
8845,4.147487282752991,0.7221182584762573,0.03488395
8846,5.711073279380798,0.7883467674255371,0.029137097
8847,8.326023817062378,0.8718179315328598,0.021562483
8848,4.07755434513092,0.7188752591609955,0.03516595
8849,4.840600788593292,0.752983883023262,0.032208465
8850,6.334993243217468,0.8113319873809814,0.027117541
8851,4.065952897071838,0.7183362543582916,0.03521294
8852,3.7523499131202698,0.7034977078437805,0.03650753
8853,2.060125321149826,0.616415411233902,0.04436022
8854,5.897890329360962,0.7954421490430832,0.02851711
8855,4.810544550418854,0.7516936659812927,0.03232011
8856,4.429860711097717,0.7349753975868225,0.03376813
8857,2.0216530561447144,0.6143187582492828,0.044557143
8858,6.09615683555603,0.8027698546648026,0.027873546
8859,1.891084611415863,0.6071723401546478,0.045231998
8860,4.185537397861481,0.7238731384277344,0.034731474
8861,4.2097049951553345,0.7249848246574402,0.034634966
8862,2.3819027841091156,0.6337767541408539,0.042746924
8863,4.475506246089935,0.737015575170517,0.033591136
8864,3.8998597860336304,0.7105333209037781,0.03589277
8865,7.084684371948242,0.8363400399684906,0.024875157
8866,3.510303497314453,0.6917424201965332,0.037539184
8867,5.382353067398071,0.7754471749067307,0.030260935
8868,4.246261119842529,0.7266590893268585,0.034489505
8869,2.615022361278534,0.6461442410945892,0.0416149
8870,4.192197024822235,0.7241795361042023,0.034704857
8871,4.710327982902527,0.7473623156547546,0.03269517
8872,1.1732273548841476,0.5671285390853882,0.049129084
8873,4.761247932910919,0.7495647668838501,0.03250406
8874,4.68019038438797,0.7460498511791229,0.03280881
8875,3.5254281759262085,0.6924842298030853,0.037473876
8876,2.5414595007896423,0.6422605514526367,0.04196885
8877,1.488671451807022,0.5848653316497803,0.047376882
8878,1.8563750386238098,0.6052636802196503,0.04541311
8879,2.398707866668701,0.6346732676029205,0.042664304
8880,2.825099527835846,0.6571238934993744,0.040620476
8881,2.56999671459198,0.6437700390815735,0.041831188
8882,4.757719039916992,0.7494176030158997,0.032517273
8883,6.936918497085571,0.8316383957862854,0.025301956
8884,7.309658527374268,0.8433167934417725,0.024239132
8885,2.7624377608299255,0.6538639664649963,0.040914584
8886,1.9260089099407196,0.6090880632400513,0.045050498
8887,5.992556810379028,0.798964187502861,0.02820799
8888,6.496744751930237,0.8169673085212708,0.026617225
8889,2.261153757572174,0.6272997558116913,0.043345332
8890,5.698587894439697,0.7878732681274414,0.029179018
8891,5.868887305259705,0.7943519055843353,0.028612489
8892,3.8203459978103638,0.7067430019378662,0.036222856
8893,5.32614529132843,0.7731865048408508,0.030457394
8894,9.594410061836243,0.9010722786188126,0.01863286
8895,2.348547577857971,0.6319922506809235,0.04291139
8896,2.3419326543807983,0.6316381394863129,0.04294409
8897,1.7078574001789093,0.5970637202262878,0.04619629
8898,6.203983426094055,0.8066707253456116,0.027529662
8899,2.2051864862442017,0.6242818236351013,0.043625534
8900,2.9088997840881348,0.6614641547203064,0.04023046
8901,3.825160264968872,0.7069695591926575,0.03620279
8902,5.7452404499053955,0.7896621972322464,0.02902271
8903,5.78483521938324,0.7911756336688995,0.028890714
8904,4.015743136405945,0.7159905135631561,0.035417095
8905,1.1438922584056854,0.5654696822166443,0.049295288
8906,3.0723929405212402,0.6698350608348846,0.03948029
8907,7.666274309158325,0.8538659960031509,0.023264103
8908,4.66445654630661,0.7453625798225403,0.032868296
8909,2.8403735160827637,0.6579159200191498,0.04054911
8910,1.4944662153720856,0.5851891338825226,0.047345277
8911,3.9201831817626953,0.7114959061145782,0.03580889
8912,3.7113183736801147,0.7015232145786285,0.036680404
8913,2.8933119773864746,0.6606540381908417,0.04030273
8914,9.79164719581604,0.9050474390387535,0.01821452
8915,2.801286280155182,0.6558862328529358,0.040732
8916,5.017707347869873,0.7604855895042419,0.031558376
8917,6.516557931900024,0.8176478147506714,0.02655658
8918,2.798328399658203,0.6557356119155884,0.04074587
8919,2.810715436935425,0.6563772261142731,0.040687803
8920,4.745643436908722,0.7488954067230225,0.032562513
8921,4.851420223712921,0.753446638584137,0.03216837
8922,6.417331695556641,0.8142165690660477,0.026861697
8923,5.073845386505127,0.7628357857465744,0.031355068
8924,4.241218268871307,0.7264283299446106,0.034509536
8925,0.8697819709777832,0.5499018132686615,0.05087576
8926,4.855053722858429,0.7536008805036545,0.032154914
8927,0.6541764736175537,0.5375862717628479,0.052154433
8928,6.101149320602417,0.8029509633779526,0.027857527
8929,2.916305959224701,0.6618397831916809,0.040196177
8930,3.2891395688056946,0.6807785332202911,0.0385073
8931,4.667482674121857,0.7454947829246521,0.032856848
8932,5.603572130203247,0.7841914743185043,0.029499955
8933,4.535886347293854,0.7397031784057617,0.033358432
8934,2.2805827856063843,0.6283448338508606,0.04324848
8935,4.691300094127655,0.7465340197086334,0.032766875
8936,3.032594919204712,0.6678045094013214,0.0396616
8937,3.299284279346466,0.6812856793403625,0.03846235
8938,1.9247379899024963,0.6090181171894073,0.045057088
8939,5.151282548904419,0.7660438865423203,0.03107677
8940,2.4871625006198883,0.639383852481842,0.042232025
8941,0.054614683613181114,0.5031472146511078,0.055881657
8942,6.7237788438797,0.8246548771858215,0.02593051
8943,6.534644365310669,0.8182684034109116,0.026501337
8944,6.726017594337463,0.8247301131486893,0.025923828
8945,4.286110103130341,0.72847780585289,0.034331635
8946,7.245980501174927,0.8413654118776321,0.024417488
8947,5.372283458709717,0.7750422954559326,0.03029604
8948,0.4813172295689583,0.5276790857315063,0.053202756
8949,2.013542950153351,0.6138757765293121,0.04459877
8950,3.795112669467926,0.7055476307868958,0.036328245
8951,3.838413953781128,0.707616537809372,0.036147583
8952,0.270488616079092,0.5155653655529022,0.054509923
8953,7.3974281549453735,0.8459677845239639,0.023995435
8954,4.428979754447937,0.7349353432655334,0.033771556
8955,4.002604186534882,0.7153748571872711,0.0354707
8956,4.527334272861481,0.7393238246440887,0.0333913
8957,2.591477334499359,0.644903153181076,0.04172786
8958,3.6876308917999268,0.7003799676895142,0.03678057
8959,7.99066960811615,0.8629390746355057,0.022411274
8960,3.628227710723877,0.6975016891956329,0.03703298
8961,2.1187306940555573,0.6196019649505615,0.044061933
8962,2.678126096725464,0.6494569778442383,0.041313663
8963,4.52823132276535,0.7393636107444763,0.033387847
8964,6.503579020500183,0.8172037303447723,0.026596287
8965,4.696239531040192,0.7467443943023682,0.03274824
8966,2.7333420515060425,0.6523478329181671,0.04105187
8967,2.942282259464264,0.6631776392459869,0.040076144
8968,4.358931183815002,0.7317816019058228,0.03404501
8969,1.6860824823379517,0.5958582162857056,0.046312246
8970,2.9486754536628723,0.6635052263736725,0.040046655
8971,3.2069131731987,0.6766501665115356,0.038873557
8972,3.595445156097412,0.6959068477153778,0.03717301
8973,7.191116213798523,0.83967524766922,0.024572207
8974,2.5399398803710938,0.642180860042572,0.04197619
8975,3.7077677249908447,0.7013545036315918,0.0366954
8976,2.9734107851982117,0.6647720336914062,0.039932776
8977,6.105946898460388,0.8031274974346161,0.027842144
8978,2.391267567873001,0.6342750489711761,0.042700864
8979,1.9250601530075073,0.609035849571228,0.045055415
8980,7.783467173576355,0.8571964502334595,0.022952326
8981,3.0429574847221375,0.6683328449726105,0.039614316
8982,2.2808848321437836,0.6283612549304962,0.04324698
8983,4.866475164890289,0.7540871202945709,0.032112658
8984,4.627207517623901,0.7437363564968109,0.033009555
8985,2.1365074813365936,0.6205653846263885,0.043971844
8986,2.1242374181747437,0.6198995113372803,0.044034004
8987,5.886756777763367,0.7950219064950943,0.028553685
8988,4.934807121753693,0.7569945603609085,0.031861022
8989,5.251742005348206,0.7701676487922668,0.030719412
8990,6.444990634918213,0.8151780068874359,0.026776295
8991,8.19663405418396,0.8684522211551666,0.021886097
8992,0.4110093414783478,0.523641973733902,0.053635158
8993,3.747572600841522,0.7032684683799744,0.03652762
8994,1.828857809305191,0.6037487387657166,0.045557212
8995,3.1982913613319397,0.6762139797210693,0.038912177
8996,3.1008607149124146,0.6712794005870819,0.03935111
8997,3.778773844242096,0.7047640979290009,0.03639664
8998,1.2552428245544434,0.5717594027519226,0.048667368
8999,3.2873979210853577,0.6806914508342743,0.03851502
9000,5.737357139587402,0.7893605381250381,0.029049063
9001,3.156888782978058,0.6741289496421814,0.03909809
9002,2.6337775588035583,0.647130697965622,0.041525144
9003,9.87613558769226,0.9067056849598885,0.0180382
9004,5.491089820861816,0.779778316617012,0.029884469
9005,4.819972217082977,0.7520991563796997,0.032285046
9006,5.393663048744202,0.7759010046720505,0.03022156
9007,4.6016958355903625,0.742609292268753,0.03310665
9008,3.133440613746643,0.6729360520839691,0.039203793
9009,2.4834610521793365,0.6391870081424713,0.04225003
9010,5.027664303779602,0.7609075754880905,0.03152222
9011,3.503834903240204,0.6914238929748535,0.037567154
9012,6.442367434501648,0.8150873929262161,0.026784386
9013,2.972555160522461,0.6647323966026306,0.039936706
9014,3.0899885296821594,0.6707299053668976,0.039400395
9015,3.4024709463119507,0.6864226758480072,0.03800813
9016,3.5556593537330627,0.693964809179306,0.037343673
9017,2.6814621686935425,0.6496320366859436,0.0412978
9018,3.848735988140106,0.7081034481525421,0.036104657
9019,4.434563219547272,0.7351858615875244,0.033749852
9020,2.531663179397583,0.6417443454265594,0.042016204
9021,3.8741543889045715,0.7093153297901154,0.035999153
9022,3.161057233810425,0.6743342578411102,0.03907933
9023,9.221267104148865,0.893134169280529,0.019450765
9024,3.6597740650177,0.699032187461853,0.03689872
9025,2.0561857521533966,0.6162009537220001,0.04438035
9026,7.0702362060546875,0.8358936160802841,0.024916569
9027,8.298065662384033,0.8710977137088776,0.021632003
9028,5.410523414611816,0.7765765935182571,0.03016295
9029,2.3696181178092957,0.6331197619438171,0.042807426
9030,6.952046155929565,0.8321264088153839,0.02525793
9031,8.03088903427124,0.8640288859605789,0.022307739
9032,4.768536388874054,0.7498839795589447,0.032476798
9033,2.2558730840682983,0.6270154714584351,0.04337169
9034,4.627088010311127,0.7437262237071991,0.03301001
9035,2.452346980571747,0.6375332176685333,0.042401645
9036,3.2796207070350647,0.680300384759903,0.03854952
9037,3.0383452773094177,0.6681181490421295,0.039635353
9038,5.703054070472717,0.7880439013242722,0.029164014
9039,4.4142040610313416,0.7342723608016968,0.033829052
9040,1.8900813162326813,0.6071196794509888,0.04523722
9041,5.8758544921875,0.7946121692657471,0.028589547
9042,2.607599198818207,0.6457528471946716,0.04165049
9043,2.1910834312438965,0.623519092798233,0.043696415
9044,5.58900773525238,0.7836227566003799,0.029549465
9045,4.2572033405303955,0.7271597981452942,0.034446083
9046,4.000850021839142,0.7152927815914154,0.035477865
9047,4.200126230716705,0.7245438992977142,0.03467318
9048,4.14952278137207,0.7222098112106323,0.034875777
9049,4.474538266658783,0.7369731962680817,0.033594877
9050,2.9256269335746765,0.6623200178146362,0.040153064
9051,4.153830409049988,0.7224074602127075,0.034858484
9052,1.7297187447547913,0.5982745885848999,0.046080172
9053,5.450895428657532,0.7781841456890106,0.030023083
9054,5.7312774658203125,0.7891280353069305,0.029069405
9055,3.16386878490448,0.6744776666164398,0.039066687
9056,2.2452370822429657,0.6264405250549316,0.043424834
9057,2.7659785747528076,0.6540486514568329,0.040897913
9058,4.125380218029022,0.721089243888855,0.03497285
9059,2.9106372594833374,0.6615532338619232,0.04022242
9060,3.4871727228164673,0.6906087100505829,0.037639286
9061,1.9225601851940155,0.6088987290859222,0.045068387
9062,6.2054359912872314,0.8067226558923721,0.027525054
9063,4.2249977588653564,0.7256855368614197,0.034574036
9064,3.473394215106964,0.6899230182170868,0.037699044
9065,0.1604858972132206,0.5092381536960602,0.055204663
9066,2.271321713924408,0.6278466284275055,0.043294616
9067,0.4385208711028099,0.5252218842506409,0.05346554
9068,2.9232093691825867,0.6622001230716705,0.04016424
9069,3.4675300121307373,0.6896377801895142,0.037724502
9070,2.459448277950287,0.6379116773605347,0.042367
9071,4.471877813339233,0.736855149269104,0.033605177
9072,5.908890962600708,0.7958532273769379,0.028481014
9073,5.695397853851318,0.7877495884895325,0.029189734
9074,2.7300208806991577,0.6521759033203125,0.041067563
9075,2.0936070382595062,0.618237167596817,0.044189554
9076,4.127053320407867,0.7211731374263763,0.03496611
9077,5.126628279685974,0.7650271952152252,0.03116511
9078,2.601960301399231,0.6454566717147827,0.04167754
9079,3.951708674430847,0.7129826843738556,0.035679158
9080,3.9083194732666016,0.7109337747097015,0.03585783
9081,0.8226804435253143,0.547216147184372,0.0511524
9082,5.846837162971497,0.7935214042663574,0.028685216
9083,2.6983022689819336,0.6505157649517059,0.041217804
9084,2.0426154136657715,0.6154618561267853,0.04444974
9085,6.236841082572937,0.80784772336483,0.027425716
9086,2.9117757081985474,0.6616063416004181,0.04021715
9087,2.995351254940033,0.6659006476402283,0.03983203
9088,2.253853976726532,0.6269066035747528,0.043381777
9089,4.442697167396545,0.7355504631996155,0.03371826
9090,2.9234766960144043,0.6622093021869659,0.040163
9091,2.0221197605133057,0.6143442690372467,0.044554748
9092,8.019416332244873,0.863720253109932,0.022337222
9093,2.9678410291671753,0.6644906103610992,0.039958388
9094,3.989485800266266,0.714759349822998,0.035524312
9095,4.148528575897217,0.7221665680408478,0.03487977
9096,2.196592837572098,0.623818039894104,0.043668713
9097,3.043473958969116,0.6683617830276489,0.03961196
9098,5.144537687301636,0.7657738327980042,0.031100914
9099,3.4303924441337585,0.6878049075603485,0.03788614
9100,6.02488100528717,0.800157830119133,0.02810321
9101,2.410368323326111,0.6352962255477905,0.042607065
9102,7.786659002304077,0.8572871387004852,0.02294389
9103,3.386247158050537,0.685617983341217,0.03807919
9104,3.8587000966072083,0.7085802853107452,0.036063258
9105,2.513698637485504,0.6407914161682129,0.042103197
9106,9.92176353931427,0.9075896814465523,0.017943691
9107,1.7418934404850006,0.5989505350589752,0.046015624
9108,4.955554008483887,0.7578739523887634,0.031785008
9109,4.336710572242737,0.7307624220848083,0.034132216
9110,5.967901349067688,0.7980515211820602,0.028288176
9111,6.280023455619812,0.8093864321708679,0.027289707
9112,5.144846439361572,0.7657819092273712,0.031099807
9113,4.55542653799057,0.7405684590339661,0.033283476
9114,7.216963768005371,0.8404744863510132,0.024499198
9115,5.653601288795471,0.7861359268426895,0.029330535
9116,6.068135499954224,0.8017467558383942,0.02796361
9117,4.13898229598999,0.7217254042625427,0.034918122
9118,3.776201903820038,0.7046420872211456,0.036407422
9119,2.178969532251358,0.6228647828102112,0.04375741
9120,3.80263090133667,0.7059072852134705,0.03629681
9121,5.329937934875488,0.773332953453064,0.030444102
9122,4.116962254047394,0.7207054495811462,0.035006758
9123,1.3561320304870605,0.5774373412132263,0.048105348
9124,4.201453626155853,0.724604994058609,0.034667887
9125,4.506109058856964,0.7383808493614197,0.033472992
9126,5.954427123069763,0.7975510358810425,0.028332094
9127,3.2466667890548706,0.6786476969718933,0.038696054
9128,3.9420315623283386,0.7125260531902313,0.035718925
9129,6.3858407735824585,0.8131177872419357,0.02695926
9130,1.589142084121704,0.5904718935489655,0.04683202
9131,2.6050376892089844,0.6456182301044464,0.041662768
9132,2.4718236923217773,0.6385692358016968,0.04230667
9133,4.617954194545746,0.7433247566223145,0.03304474
9134,2.449999898672104,0.6374078989028931,0.0424131
9135,3.0378711223602295,0.6680773794651031,0.039637517
9136,6.130161285400391,0.8040079325437546,0.027764633
9137,2.261815667152405,0.6273353397846222,0.043342024
9138,6.745279431343079,0.8253727108240128,0.025866402
9139,2.608770430088043,0.6458146274089813,0.04164487
9140,4.282799661159515,0.7283260226249695,0.03434472
9141,2.7432772517204285,0.6528667509555817,0.041004937
9142,4.539927840232849,0.7398822903633118,0.03334292
9143,4.584790766239166,0.7418654561042786,0.033171143
9144,6.192225813865662,0.8062458485364914,0.027566949
9145,6.496941447257996,0.8169732093811035,0.026616622
9146,7.062364816665649,0.8356439471244812,0.024939155
9147,3.566083014011383,0.694473922252655,0.037298884
9148,3.2819968461990356,0.6804208755493164,0.038538978
9149,3.5908806324005127,0.6956841051578522,0.037192553
9150,7.206454277038574,0.8401496112346649,0.024528857
9151,4.906545579433441,0.7557972222566605,0.031964853
9152,3.8171187043190002,0.7065971791744232,0.036236316
9153,1.6063448786735535,0.5914289653301239,0.04673936
9154,2.493460774421692,0.6397179961204529,0.04220141
9155,3.794638514518738,0.7055249214172363,0.036330227
9156,5.480268597602844,0.7793479412794113,0.029921722
9157,1.6617968678474426,0.5945102274417877,0.046441924
9158,4.560794830322266,0.740804523229599,0.03326291
9159,4.617097973823547,0.7432869076728821,0.033047996
9160,6.886361241340637,0.8300025463104248,0.025449656
9161,3.7194806337356567,0.7019155323505402,0.036645945
9162,3.859432637691498,0.7086163759231567,0.036060218
9163,2.6015913486480713,0.6454362273216248,0.041679304
9164,4.401010870933533,0.7336787581443787,0.03388048
9165,4.316656589508057,0.729868620634079,0.034211114
9166,3.063214421272278,0.6693688333034515,0.039522037
9167,4.958850741386414,0.7580133676528931,0.03177294
9168,3.1606072187423706,0.6743123233318329,0.039081357
9169,4.27743524312973,0.7280825078487396,0.03436594
9170,6.787436008453369,0.8267625272274017,0.025741167
9171,2.371397018432617,0.6332145929336548,0.04279866
9172,2.565513551235199,0.6435329020023346,0.041852783
9173,7.336122393608093,0.8441194742918015,0.024165394
9174,2.49568834900856,0.6398364007472992,0.04219059
9175,2.474695146083832,0.6387231945991516,0.04229268
9176,6.392616033554077,0.8133542090654373,0.02693824
9177,3.814217746257782,0.7064605951309204,0.03624842
9178,6.854590177536011,0.8289670646190643,0.025542915
9179,6.9460731744766235,0.8319334536790848,0.025275305
9180,4.643322825431824,0.7444379329681396,0.032948367
9181,2.686290740966797,0.6498860120773315,0.04127485
9182,4.869805872440338,0.7542319446802139,0.032100346
9183,4.482052326202393,0.7373032867908478,0.03356583
9184,8.76491665840149,0.8826925829052925,0.020500014
9185,4.364699423313141,0.7320422828197479,0.034022406
9186,2.527260482311249,0.6415103077888489,0.04203751
9187,3.8677021861076355,0.7090080082416534,0.036025904
9188,2.7953335642814636,0.655578225851059,0.04075993
9189,7.681723237037659,0.854305773973465,0.023222765
9190,4.880649745464325,0.7546938508749008,0.0320603
9191,4.781240224838257,0.7504317313432693,0.032429334
9192,3.2812947034835815,0.6803859174251556,0.03854209
9193,2.000337988138199,0.6131553053855896,0.044666618
9194,4.115257561206818,0.7206262648105621,0.03501363
9195,1.8672969937324524,0.6058641374111176,0.045356043
9196,4.084686040878296,0.7192073464393616,0.035137083
9197,2.9886993765830994,0.6655608713626862,0.039862543
9198,4.156288504600525,0.7225248515605927,0.034848627
9199,6.250928044319153,0.8083497732877731,0.02738127
9200,3.1513038277626038,0.6738422214984894,0.03912324
9201,6.670304536819458,0.8228676170110703,0.026090646
9202,4.393596351146698,0.7333474159240723,0.03390941
9203,6.268625259399414,0.8089804649353027,0.02732554
9204,5.317402482032776,0.7728329300880432,0.030488065
9205,6.4126282930374146,0.8140527606010437,0.026876248
9206,4.3723055720329285,0.7323850393295288,0.033992626
9207,4.867295622825623,0.7541246712207794,0.03210963
9208,7.6022350788116455,0.8520135283470154,0.023436258
9209,5.9770625829696655,0.7983887791633606,0.028258355
9210,3.649602234363556,0.6985388696193695,0.03694196
9211,3.067609667778015,0.6695915758609772,0.03950204
9212,1.1400343477725983,0.5652524828910828,0.049317185
9213,2.077450752258301,0.6173582673072815,0.04427183
9214,1.4088907837867737,0.5803985297679901,0.047814045
9215,4.725589156150818,0.7480234205722809,0.032637775
9216,4.153115749359131,0.7223783433437347,0.034861356
9217,5.776519775390625,0.7908561527729034,0.028918382
9218,4.08792108297348,0.7193577885627747,0.035123996
9219,2.2261880338191986,0.6254156529903412,0.043520175
9220,1.83314248919487,0.6039848029613495,0.04553475
9221,3.9807018637657166,0.71434685587883,0.03556026
9222,6.104050278663635,0.80305615067482,0.027848225
9223,5.729240775108337,0.7890496104955673,0.029076222
9224,5.1209938526153564,0.764795333147049,0.031185327
9225,5.237630605697632,0.7695920467376709,0.030769363
9226,2.1857966482639313,0.6232342720031738,0.04372302
9227,2.9288238286972046,0.6624830365180969,0.04013829
9228,1.7644555866718292,0.6001956760883331,0.04589625
9229,3.5321709513664246,0.692814826965332,0.0374448
9230,5.583452582359314,0.7834087014198303,0.02956837
9231,2.0654259622097015,0.6167035400867462,0.044333167
9232,2.33717143535614,0.631382405757904,0.042967636
9233,2.822173237800598,0.6569719910621643,0.040634174
9234,4.160049855709076,0.7226985394954681,0.03483353
9235,2.5817102193832397,0.6443906128406525,0.041774817
9236,3.5426676273345947,0.6933288872241974,0.03739957
9237,5.824355483055115,0.7926754802465439,0.028759561
9238,3.356994092464447,0.6841696798801422,0.03820765
9239,8.18471908569336,0.8681385815143585,0.02191614
9240,6.784241199493408,0.8266591727733612,0.025750637
9241,5.261862874031067,0.770579993724823,0.030683639
9242,4.2598214745521545,0.7272780537605286,0.0344357
9243,4.7144415974617,0.7475409805774689,0.032679692
9244,2.9011523723602295,0.6610577702522278,0.04026636
9245,6.948016285896301,0.8319972008466721,0.02526965
9246,8.18066656589508,0.8680323213338852,0.02192637
9247,3.768719434738159,0.7042834460735321,0.036438797
9248,1.5212643146514893,0.5866864621639252,0.04719944
9249,2.8238818049430847,0.6570603549480438,0.040626176
9250,4.390045404434204,0.733186274766922,0.033923276
9251,5.371843576431274,0.7750226408243179,0.030297572
9252,3.6015966534614563,0.6962058842182159,0.037146695
9253,4.172519743442535,0.7232674658298492,0.034783565
9254,4.202788472175598,0.7246656715869904,0.034662552
9255,2.048554867506027,0.6157854795455933,0.044419356
9256,5.066235661506653,0.7625160068273544,0.03138255
9257,2.297017276287079,0.6292283236980438,0.04316673
9258,2.049454301595688,0.615833967924118,0.04441476
9259,5.8439213037490845,0.7934112250804901,0.02869485
9260,2.356700599193573,0.6324290335178375,0.042871132
9261,2.1507494151592255,0.621335357427597,0.043899797
9262,3.9961135387420654,0.715067595243454,0.03549722
9263,11.053110361099243,0.9272361770272255,0.01575232
9264,6.06040358543396,0.8014624118804932,0.027988514
9265,4.505543112754822,0.7383545935153961,0.033475175
9266,6.409075856208801,0.8138986378908157,0.026887242
9267,2.761532962322235,0.6538184881210327,0.040918846
9268,4.025469422340393,0.7164322137832642,0.035377454
9269,4.103018343448639,0.7200589776039124,0.035063002
9270,7.701059579849243,0.8548601567745209,0.023171121
9271,3.2612499594688416,0.6793814897537231,0.038631137
9272,4.953083395957947,0.7577632963657379,0.031794045
9273,4.858739376068115,0.7537596970796585,0.032141276
9274,3.604821264743805,0.6963529586791992,0.037132908
9275,3.5697543621063232,0.6946536302566528,0.037283123
9276,2.0958933234214783,0.6183607578277588,0.044177927
9277,3.7899699807167053,0.7053088247776031,0.03634975
9278,6.250074505805969,0.8083259761333466,0.027383963
9279,5.829595923423767,0.7928704917430878,0.028742213
9280,1.4391867816448212,0.5820962488651276,0.04764756
9281,2.4864132702350616,0.6393440365791321,0.04223567
9282,6.13976776599884,0.8043545931577682,0.02773394
9283,4.653322100639343,0.744873434305191,0.03291046
9284,2.843274474143982,0.6580660045146942,0.04053557
9285,0.4587244614958763,0.5263813734054565,0.05334132
9286,4.8189714550971985,0.752056285738945,0.032288764
9287,1.9434258341789246,0.6100424230098724,0.04496025
9288,0.6191366910934448,0.5355801284313202,0.052365247
9289,2.733735144138336,0.6523724794387817,0.04105001
9290,3.960190713405609,0.7133798003196716,0.035644326
9291,2.271898239850998,0.6278775930404663,0.043291748
9292,8.790503144264221,0.8833014667034149,0.020439714
9293,3.370346426963806,0.6848283112049103,0.038148955
9294,2.5744879245758057,0.6440051794052124,0.041809566
9295,2.5686022639274597,0.643692821264267,0.0418379
9296,8.987095355987549,0.8878806754946709,0.01998229
9297,4.432073533535004,0.7350740134716034,0.033759527
9298,0.766078382730484,0.5439848899841309,0.051486824
9299,4.8653775453567505,0.7540435045957565,0.032116722
9300,6.8333351612091064,0.8282723128795624,0.0256055
9301,8.24979841709137,0.8698445707559586,0.02175255
9302,4.404631853103638,0.7338420450687408,0.033866353
9303,2.671462893486023,0.6491094827651978,0.04134537
9304,3.0188262462615967,0.6671027839183807,0.039724525
9305,2.868052124977112,0.6593498885631561,0.040420104
9306,2.362632155418396,0.6327437162399292,0.042841867
9307,4.99286025762558,0.7594463378190994,0.031648785
9308,3.2124948501586914,0.6769299209117889,0.038848594
9309,5.220339894294739,0.768885001540184,0.030830674
9310,5.299366116523743,0.7721032053232193,0.030551441
9311,4.80226457118988,0.7513378411531448,0.03235093
9312,3.464713990688324,0.6895002126693726,0.037736736
9313,5.917763113975525,0.7961855232715607,0.028451938
9314,2.198230028152466,0.6239061951637268,0.04366048
9315,3.8654017448425293,0.708898663520813,0.03603545
9316,5.914392471313477,0.7960580587387085,0.028462986
9317,5.599790811538696,0.7840454131364822,0.029512806
9318,3.9596033096313477,0.7133535742759705,0.035646744
9319,4.225925505161285,0.7257324755191803,0.034570348
9320,7.38686203956604,0.8456502556800842,0.02402464
9321,2.145342528820038,0.6210441887378693,0.043927137
9322,6.429060101509094,0.8146247118711472,0.026825452
9323,5.838177800178528,0.7931945770978928,0.028713832
9324,1.636858731508255,0.5931252241134644,0.04657545
9325,6.192486882209778,0.806258037686348,0.027566122
9326,6.604263186454773,0.8206397145986557,0.026289776
9327,4.665648341178894,0.7454143166542053,0.032863785
9328,3.43153715133667,0.6878563463687897,0.03788115
9329,2.7798551321029663,0.6547762453556061,0.04083262
9330,2.8237158060073853,0.6570519804954529,0.040626954
9331,2.4432604014873505,0.6370496451854706,0.04244602
9332,3.727221190929413,0.7022893130779266,0.036613304
9333,2.429795414209366,0.6363322734832764,0.04251188
9334,3.7743669748306274,0.7045552134513855,0.03641512
9335,3.231426477432251,0.6778836846351624,0.03876401
9336,3.937305510044098,0.7123034000396729,0.03573837
9337,2.199084460735321,0.6239521205425262,0.043656185
9338,5.739958882331848,0.789455771446228,0.029040366
9339,4.1064563393592834,0.7202201187610626,0.03504913
9340,5.003734230995178,0.7599038034677505,0.031609185
9341,5.377962589263916,0.7752787619829178,0.030276237
9342,1.3630525767803192,0.5778262913227081,0.048067033
9343,4.231601655483246,0.7259881496429443,0.03454776
9344,7.446691393852234,0.8474378287792206,0.023859726
9345,4.950306713581085,0.7576520591974258,0.031804215
9346,1.026603803038597,0.558822363615036,0.049965456
9347,2.6840436458587646,0.6497684717178345,0.041285522
9348,2.1025463938713074,0.6187231242656708,0.044144105
9349,2.7512630820274353,0.6532858312129974,0.040967252
9350,3.9182281494140625,0.7114049792289734,0.035816956
9351,4.169566035270691,0.7231360971927643,0.03479539
9352,5.201708674430847,0.7681222707033157,0.03089688
9353,4.363887310028076,0.7320056259632111,0.03402559
9354,5.205117464065552,0.7682632356882095,0.030884756
9355,3.8096898794174194,0.7062442600727081,0.036267325
9356,5.133299231529236,0.7653052061796188,0.031141179
9357,2.941158711910248,0.6631156802177429,0.040081326
9358,3.5098710656166077,0.6917213797569275,0.037541054
9359,1.3545584678649902,0.5773486196994781,0.048114073
9360,8.309540748596191,0.8713943362236023,0.021603443
9361,4.129703342914581,0.7212963700294495,0.034955446
9362,3.2239699363708496,0.6775087714195251,0.0387973
9363,3.013351559638977,0.6668302416801453,0.03974957
9364,8.33131194114685,0.8719547837972641,0.021549363
9365,4.3653371930122375,0.732070803642273,0.034019906
9366,8.107725977897644,0.8660960048437119,0.022111272
9367,4.489833116531372,0.7376561760902405,0.033535775
9368,3.8229140639305115,0.7068757712841034,0.03621215
9369,6.676397919654846,0.8230717927217484,0.026072348
9370,4.344128966331482,0.7311137914657593,0.034103077
9371,1.4880825579166412,0.5848326086997986,0.04738009
9372,4.65447872877121,0.7449264526367188,0.032906074
9373,4.225143790245056,0.7256921231746674,0.034573458
9374,2.6672598719596863,0.6488875150680542,0.04136538
9375,7.005021572113037,0.8338223844766617,0.02510435
9376,2.2750289738178253,0.6280429363250732,0.043276146
9377,4.4171494245529175,0.7344057559967041,0.033817586
9378,5.958196520805359,0.7976907044649124,0.0283198
9379,3.493035137653351,0.6908935308456421,0.03761389
9380,4.021668434143066,0.716267853975296,0.035392936
9381,3.2922786474227905,0.6809359490871429,0.038493376
9382,6.776319146156311,0.826397031545639,0.025774129
9383,4.870887398719788,0.7542783617973328,0.03209635
9384,6.775766015052795,0.8263788223266602,0.025775773
9385,5.869380235671997,0.7943710386753082,0.028610863
9386,2.9175731539726257,0.6619051098823547,0.04019031
9387,4.631364941596985,0.7439138889312744,0.032993753
9388,5.732517838478088,0.7891743928194046,0.029065253
9389,6.5802329778671265,0.819823831319809,0.026362607
9390,3.935405910015106,0.7122101485729218,0.035746187
9391,1.9860583543777466,0.6123748123645782,0.04474012
9392,6.510968208312988,0.8174559772014618,0.026573677
9393,1.0132025927305222,0.5580596029758453,0.050042603
9394,8.912448287010193,0.8861666843295097,0.02015476
9395,2.5926509499549866,0.6449646353721619,0.041722227
9396,4.2458271980285645,0.7266392111778259,0.034491226
9397,2.3022398352622986,0.6295087933540344,0.043140784
9398,2.577778697013855,0.6441805064678192,0.041793726
9399,0.6358912587165833,0.5365384519100189,0.05226433
9400,2.9938989877700806,0.6658268868923187,0.039838694
9401,4.808117151260376,0.7515875846147537,0.032329135
9402,2.667173147201538,0.6488845348358154,0.041365787
9403,5.630258321762085,0.7852318733930588,0.029409466
9404,1.9811293482780457,0.6121063232421875,0.044765506
9405,4.369858801364899,0.7322752177715302,0.034002203
9406,1.1390398442745209,0.5651955306529999,0.04932283
9407,2.4878154695034027,0.6394204199314117,0.042228848
9408,1.979442685842514,0.6120133399963379,0.044774204
9409,2.0053978264331818,0.6134312152862549,0.044640608
9410,3.332086503505707,0.6829206049442291,0.03831737
9411,3.272077739238739,0.6799241900444031,0.038583014
9412,4.539872407913208,0.7398797869682312,0.033343133
9413,4.941050112247467,0.7572606205940247,0.031838126
9414,3.050479292869568,0.6687130630016327,0.03958002
9415,4.470769762992859,0.73680579662323,0.033609457
9416,3.9895591139793396,0.7147628366947174,0.035524014
9417,5.90112030506134,0.7955617308616638,0.028506504
9418,0.6557748466730118,0.5376782119274139,0.052144825
9419,5.578553080558777,0.7832155376672745,0.029585056
9420,2.633407711982727,0.6471112668514252,0.041526917
9421,4.828429818153381,0.7524620294570923,0.032253627
9422,7.793426513671875,0.8574788719415665,0.022926018
9423,3.6161985993385315,0.6969152092933655,0.0370843
9424,4.00284469127655,0.715386152267456,0.035469722
9425,3.7902945280075073,0.7053166031837463,0.0363484
9426,5.12653112411499,0.7650243937969208,0.031165453
9427,4.5442357659339905,0.7400729060173035,0.033326387
9428,1.6166229546070099,0.5920004546642303,0.046684083
9429,4.069131910800934,0.7184826135635376,0.03520006
9430,2.2307832539081573,0.6256630718708038,0.043497156
9431,1.8707004189491272,0.6060512959957123,0.045338273
9432,5.508356690406799,0.7804593294858932,0.029825121
9433,3.947075307369232,0.7127591669559479,0.03569819
9434,3.950396478176117,0.712919294834137,0.035684545
9435,1.9316653907299042,0.6093980371952057,0.04502116
9436,7.9283154010772705,0.8612321615219116,0.022572737
9437,3.8209345936775208,0.7067815959453583,0.0362204
9438,3.3157718181610107,0.6821092069149017,0.03838941
9439,4.141080975532532,0.7218216955661774,0.034909688
9440,4.257212281227112,0.7271595001220703,0.03444605
9441,1.458466351032257,0.5831758379936218,0.047541916
9442,2.779971957206726,0.6547777354717255,0.040832076
9443,4.2792463302612305,0.728164941072464,0.034358777
9444,2.5090044736862183,0.6405453085899353,0.042125963
9445,5.821092128753662,0.7925484478473663,0.02877037
9446,4.153813123703003,0.7224106788635254,0.034858555
9447,4.028282165527344,0.7165795266628265,0.035365995
9448,2.0949605107307434,0.6183107197284698,0.04418267
9449,8.025502562522888,0.8638856559991837,0.022321576
9450,7.533217668533325,0.8499856442213058,0.023623224
9451,6.819937229156494,0.8278391659259796,0.025645027
9452,6.2621235847473145,0.8087496906518936,0.027346002
9453,4.962339997291565,0.7581605464220047,0.031760182
9454,1.7389355599880219,0.598784476518631,0.046031296
9455,4.591552317142487,0.7421634793281555,0.033145335
9456,8.04617464542389,0.8644439578056335,0.022268519
9457,2.675403654575348,0.6493163108825684,0.041326616
9458,2.5564229488372803,0.6430525481700897,0.04189661
9459,5.516723990440369,0.7807894945144653,0.029796401
9460,2.4592140316963196,0.6378985643386841,0.04236813
9461,5.60745894908905,0.7843451946973801,0.02948676
9462,3.342868387699127,0.6834607720375061,0.03826984
9463,2.35162690281868,0.6321570873260498,0.04289618
9464,5.883762240409851,0.7949106991291046,0.028563535
9465,3.2588359713554382,0.6792731285095215,0.038641877
9466,3.417109251022339,0.6871478259563446,0.037944127
9467,6.007533669471741,0.7995180636644363,0.028159397
9468,5.398278832435608,0.7760838121175766,0.030205501
9469,2.1656812727451324,0.6221462488174438,0.0438244
9470,4.886422753334045,0.7549411356449127,0.032038998
9471,3.079639971256256,0.6702050864696503,0.03944736
9472,2.8378525376319885,0.657785028219223,0.04056088
9473,7.285695672035217,0.8425858020782471,0.024306098
9474,1.0296852886676788,0.5589972734451294,0.04994773
9475,8.312636613845825,0.8714743852615356,0.021595746
9476,3.300539553165436,0.6813487112522125,0.03845679
9477,6.736540198326111,0.8250738382339478,0.025892444
9478,4.921517074108124,0.7564314305782318,0.031909805
9479,2.869265377521515,0.6594108045101166,0.04041446
9480,2.197614014148712,0.6238726377487183,0.04366358
9481,3.667477071285248,0.6994054615497589,0.036866017
9482,1.9300659000873566,0.6093107461929321,0.045029454
9483,7.977200150489807,0.8625721037387848,0.022446053
9484,3.247237801551819,0.6786785423755646,0.03869351
9485,4.495672583580017,0.7379162609577179,0.03351324
9486,6.212012767791748,0.806959256529808,0.027504224
9487,3.942285180091858,0.7125384211540222,0.035717882
9488,4.313092231750488,0.7297049760818481,0.034225155
9489,1.624898761510849,0.5924599766731262,0.046639625
9490,4.449232220649719,0.7358430922031403,0.033692896
9491,2.904267907142639,0.6612240672111511,0.040251918
9492,5.916767716407776,0.7961455583572388,0.028455198
9493,5.994625091552734,0.7990401536226273,0.028201276
9494,10.31717300415039,0.9149481505155563,0.017145151
9495,4.8493891954422,0.7533598840236664,0.03217589
9496,3.19853276014328,0.6762278079986572,0.038911093
9497,4.839033484458923,0.752917006611824,0.032214265
9498,4.989745020866394,0.7593041211366653,0.03166014
9499,1.591520607471466,0.5906035900115967,0.046819195
9500,7.307956218719482,0.8432643413543701,0.024243884
9501,4.579547941684723,0.7416341006755829,0.033191174
9502,5.390723347663879,0.7757829576730728,0.030231787
9503,1.851968914270401,0.6050322949886322,0.04543616
9504,3.420218527317047,0.6873016953468323,0.037930544
9505,1.7424759268760681,0.5989813506603241,0.046012543
9506,2.1242713928222656,0.6199016869068146,0.044033833
9507,5.151506662368774,0.7660569995641708,0.031075966
9508,7.386682033538818,0.8456448465585709,0.02402514
9509,3.6570727825164795,0.698900580406189,0.0369102
9510,5.535611510276794,0.7815328985452652,0.02973168
9511,4.829628765583038,0.7525132298469543,0.03224917
9512,3.184693455696106,0.6755334436893463,0.038973127
9513,1.9509406387805939,0.6104539632797241,0.044921372
9514,3.800797462463379,0.7058123648166656,0.036304478
9515,6.920403838157654,0.8311055302619934,0.025350109
9516,4.533475935459137,0.7395895421504974,0.033367697
9517,2.757389545440674,0.6536026298999786,0.04093837
9518,3.2805395126342773,0.6803444623947144,0.03854544
9519,2.994116246700287,0.6658379137516022,0.0398377
9520,0.7018754631280899,0.540314644575119,0.051868808
9521,6.385566592216492,0.8131076544523239,0.026960112
9522,2.7470606565475464,0.6530638039112091,0.04098708
9523,3.987112045288086,0.7146497070789337,0.035534024
9524,5.248651504516602,0.770041212439537,0.030730348
9525,3.5237491130828857,0.6924020051956177,0.037481118
9526,2.763347625732422,0.6539130806922913,0.0409103
9527,4.772264361381531,0.7500454187393188,0.032462858
9528,3.9011386036872864,0.7105886042118073,0.03588749
9529,4.061990976333618,0.7181496620178223,0.035229012
9530,4.2594558000564575,0.7272620797157288,0.03443715
9531,5.434345602989197,0.7775216102600098,0.03008034
9532,3.0828696489334106,0.6703694760799408,0.039432697
9533,2.538784146308899,0.6421197652816772,0.04198178
9534,3.1800368428230286,0.6752944588661194,0.03899404
9535,2.110324501991272,0.6191447973251343,0.04410459
9536,4.437676668167114,0.7353326380252838,0.033737756
9537,5.286336541175842,0.7715745121240616,0.030597307
9538,3.683483600616455,0.7001796066761017,0.03679814
9539,4.257067441940308,0.7271533906459808,0.034446616
9540,5.061773657798767,0.7623357623815536,0.03139868
9541,2.748345136642456,0.6531311571598053,0.040981017
9542,7.611327767372131,0.8522728979587555,0.023411738
9543,4.7758811712265015,0.7502011656761169,0.032449346
9544,2.7616193890571594,0.65382319688797,0.04091844
9545,4.276358485221863,0.7280332446098328,0.034370203
9546,3.5928934812545776,0.6957823932170868,0.037183944
9547,3.4149816632270813,0.6870417594909668,0.03795343
9548,4.8785993456840515,0.7546066641807556,0.03206787
9549,6.455429792404175,0.815540075302124,0.026744131
9550,6.048308610916138,0.8010184466838837,0.028027518
9551,1.4196811616420746,0.581003338098526,0.047754683
9552,2.6259133219718933,0.6467172205448151,0.04156276
9553,2.3082081973552704,0.6298297345638275,0.04311115
9554,4.354429244995117,0.7315792739391327,0.03406266
9555,2.1109557151794434,0.6191790699958801,0.044101387
9556,4.751724600791931,0.7491581439971924,0.032539718
9557,4.26516979932785,0.7275231182575226,0.034414504
9558,2.671532928943634,0.6491126716136932,0.041345038
9559,3.205876350402832,0.6765977144241333,0.038878202
9560,6.655257344245911,0.8223611116409302,0.026135882
9561,2.211267054080963,0.6246096193790436,0.043594997
9562,2.2003881633281708,0.6240226924419403,0.043649632
9563,4.163698852062225,0.72286656498909,0.034818903
9564,1.8551647663116455,0.6051976680755615,0.04541944
9565,3.1771180033683777,0.675142914056778,0.03900714
9566,4.692563712596893,0.7465883195400238,0.032762107
9567,4.37493622303009,0.7325039207935333,0.03398233
9568,4.2871662974357605,0.7285228371620178,0.034327462
9569,3.594355583190918,0.6958539485931396,0.037177674
9570,3.944302499294281,0.7126329839229584,0.035709593
9571,6.021401882171631,0.800028920173645,0.02811447
9572,2.4491241574287415,0.6373616755008698,0.042417377
9573,3.107353150844574,0.6716104447841644,0.039321706
9574,5.9902650117874146,0.7988812625408173,0.028215433
9575,7.240980863571167,0.8412176072597504,0.024431549
9576,6.5065401792526245,0.8173042386770248,0.026587225
9577,4.363163709640503,0.731972873210907,0.034028426
9578,3.7878936529159546,0.7052074372768402,0.03635845
9579,5.37749707698822,0.7752504795789719,0.03027786
9580,7.218124270439148,0.8405116051435471,0.024495922
9581,4.769320487976074,0.7499182820320129,0.032473866
9582,3.914359211921692,0.7112193703651428,0.03583291
9583,2.3853322863578796,0.6339604258537292,0.042730045
9584,3.1840428709983826,0.6754942834377289,0.03897605
9585,5.372066497802734,0.7750350385904312,0.030296797
9586,1.9788283109664917,0.6119796931743622,0.04477737
9587,2.808862626552582,0.6562803685665131,0.040696483
9588,1.886402815580368,0.6069144010543823,0.045256384
9589,5.189313888549805,0.7676133662462234,0.030941
9590,2.2123660147190094,0.6246693432331085,0.043589484
9591,2.3370416462421417,0.6313836574554443,0.042968273
9592,7.6900458335876465,0.854544147849083,0.02320052
9593,4.188681542873383,0.7240189909934998,0.0347189
9594,4.369275867938995,0.7322457730770111,0.03400449
9595,3.7529027462005615,0.7035241723060608,0.036505215
9596,4.5977553725242615,0.742437332868576,0.033121668
9597,3.9391911029815674,0.7123926877975464,0.03573061
9598,2.6028895378112793,0.645504504442215,0.041673075
9599,3.6542433500289917,0.6987647116184235,0.036922228
9600,3.341744542121887,0.6834046542644501,0.03827478
9601,6.202161908149719,0.8066051602363586,0.027535431
9602,4.1412171721458435,0.7218308746814728,0.03490914
9603,2.668163478374481,0.6489360928535461,0.04136108
9604,3.7652039527893066,0.7041141390800476,0.03645355
9605,4.772735834121704,0.7500641942024231,0.032461103
9606,4.903087317943573,0.7556510865688324,0.031977586
9607,4.912104308605194,0.7560353130102158,0.0319444
9608,4.0613991022109985,0.7181222438812256,0.035231408
9609,7.493951320648193,0.8488417416810989,0.02373026
9610,2.096361368894577,0.618386298418045,0.044175558
9611,4.442238211631775,0.7355288863182068,0.03372004
9612,3.125915229320526,0.672556072473526,0.03923776
9613,3.875328004360199,0.7093701064586639,0.03599429
9614,5.577443242073059,0.7831738591194153,0.029588835
9615,4.116396605968475,0.720678836107254,0.035009038
9616,2.502439320087433,0.640194833278656,0.04215781
9617,2.988782823085785,0.6655658483505249,0.039862167
9618,4.739063084125519,0.74860680103302,0.032587186
9619,8.025991916656494,0.863898515701294,0.02232032
9620,3.035409152507782,0.6679503321647644,0.039648756
9621,1.9709916412830353,0.6115512251853943,0.04481779
9622,2.3927944898605347,0.6343585848808289,0.042693358
9623,3.4143632650375366,0.6870110929012299,0.037956126
9624,3.294733166694641,0.6810585856437683,0.03848251
9625,5.937638282775879,0.7969260066747665,0.028386908
9626,4.629012942314148,0.7438095510005951,0.03300269
9627,2.2289197146892548,0.6255618035793304,0.04350649
9628,2.418133020401001,0.6357106864452362,0.042568997
9629,5.186107754707336,0.7674812823534012,0.03095242
9630,1.7761428654193878,0.6008413732051849,0.04583454
9631,3.641619086265564,0.698152095079422,0.036975924
9632,7.675727605819702,0.8541353046894073,0.023238799
9633,2.4760155379772186,0.6387917101383209,0.042286254
9634,8.504948019981384,0.8763527125120163,0.021122856
9635,2.1715420484542847,0.6224627792835236,0.043794833
9636,6.4802563190460205,0.8163965344429016,0.026667802
9637,3.152000904083252,0.6738773584365845,0.039120104
9638,3.059476315975189,0.6691781282424927,0.03953905
9639,3.5730868577957153,0.6948148608207703,0.03726882
9640,0.16865480691194534,0.5097071528434753,0.05515276
9641,5.353454351425171,0.7742876410484314,0.030361783
9642,2.488259971141815,0.6394418776035309,0.042226683
9643,4.415625035762787,0.7343359291553497,0.033823516
9644,0.6196169927716255,0.5356076955795288,0.05236235
9645,3.97792786359787,0.7142165005207062,0.035571616
9646,6.561681032180786,0.8191920965909958,0.026418976
9647,3.9323556423187256,0.7120654582977295,0.03575874
9648,2.3198868334293365,0.6304567456245422,0.043053225
9649,4.412001669406891,0.7341734170913696,0.03383763
9650,3.8925692439079285,0.7101880013942719,0.03592292
9651,4.984062612056732,0.7590773850679398,0.031680856
9652,1.619783192873001,0.5921743214130402,0.046667103
9653,5.098824501037598,0.7638759016990662,0.03126503
9654,4.14508581161499,0.7220076024532318,0.034893595
9655,3.286086916923523,0.6806196868419647,0.03852083
9656,7.93146550655365,0.8613193780183792,0.022564553
9657,4.048809707164764,0.7175363004207611,0.035282508
9658,2.6540616154670715,0.6481980085372925,0.041428287
9659,2.8626665472984314,0.6590693891048431,0.04044517
9660,3.3179962635040283,0.6822207570075989,0.038379576
9661,7.139765620231628,0.8380773067474365,0.024717912
9662,2.138686031103134,0.6206803321838379,0.04396081
9663,4.311847388744354,0.7296487092971802,0.034230057
9664,3.5531604290008545,0.6938424706459045,0.03735442
9665,4.299020767211914,0.7290654480457306,0.034280647
9666,3.512834906578064,0.6918665170669556,0.037528247
9667,6.802980303764343,0.8272771090269089,0.025695141
9668,5.017445087432861,0.760479524731636,0.03155933
9669,2.1773555874824524,0.622777670621872,0.043765534
9670,2.5158318877220154,0.6409045159816742,0.042092856
9671,4.468608498573303,0.7367090880870819,0.033617824
9672,0.7245469838380814,0.541612833738327,0.051733598
9673,3.026786148548126,0.6675102412700653,0.03968814
9674,1.6868223249912262,0.5958991050720215,0.046308305
9675,5.153438448905945,0.7661363184452057,0.03106906
9676,3.8206201791763306,0.7067704796791077,0.036221717
9677,4.31013286113739,0.7295688688755035,0.03423682
9678,4.329572916030884,0.7304527163505554,0.03416028
9679,3.119259774684906,0.6722182035446167,0.03926784
9680,2.887590527534485,0.6603579223155975,0.04032928
9681,2.7566134929656982,0.6535624563694,0.04094203
9682,6.934961676597595,0.8315751403570175,0.025307655
9683,4.050072133541107,0.7175947427749634,0.035277393
9684,5.083686709403992,0.763246476650238,0.031319566
9685,3.729867935180664,0.702416867017746,0.03660215
9686,6.818838715553284,0.8277973234653473,0.025648268
9687,2.272970527410507,0.6279360055923462,0.043286406
9688,3.0104047060012817,0.6666720807552338,0.039763052
9689,0.946977436542511,0.5542974770069122,0.050425608
9690,4.2066410183906555,0.7248432338237762,0.034647185
9691,4.396323263645172,0.7334681153297424,0.033898763
9692,1.5364618599414825,0.587534636259079,0.04711692
9693,4.43440705537796,0.7351776957511902,0.033750456
9694,4.28458034992218,0.7284080982208252,0.03433768
9695,4.823481738567352,0.7522498667240143,0.032272004
9696,3.773193359375,0.7044981718063354,0.036420032
9697,6.528400182723999,0.8180539309978485,0.026520396
9698,3.274005949497223,0.680020809173584,0.03857445
9699,2.234572321176529,0.625867635011673,0.04347818
9700,6.0298943519592285,0.8003396093845367,0.028086996
9701,4.146644473075867,0.7220793664455414,0.034887336
9702,3.4047698974609375,0.6865357160568237,0.037998073
9703,2.263985127210617,0.6274503767490387,0.043331206
9704,5.265200138092041,0.7707129716873169,0.030671855
9705,2.741990089416504,0.6527992486953735,0.041011017
9706,4.396989643573761,0.733508974313736,0.033896163
9707,3.6944371461868286,0.7007086873054504,0.036751762
9708,3.7539100646972656,0.7035735249519348,0.03650098
9709,4.567153751850128,0.7410848438739777,0.03323857
9710,7.480486035346985,0.8484470248222351,0.023767075
9711,6.89677894115448,0.8303400427103043,0.025419155
9712,1.7544305324554443,0.599641740322113,0.04594926
9713,6.776242256164551,0.8263950347900391,0.02577436
9714,3.1991055607795715,0.6762557029724121,0.038908523
9715,3.596624732017517,0.6959642171859741,0.037167963
9716,5.231351256370544,0.7693351805210114,0.030791607
9717,2.9927286505699158,0.6657580733299255,0.03984406
9718,5.126293301582336,0.765014573931694,0.031166306
9719,3.880077600479126,0.7095955908298492,0.035974618
9720,5.202726721763611,0.7681638300418854,0.030893255
9721,6.709561347961426,0.8241808116436005,0.025972988
9722,3.009527325630188,0.6666295528411865,0.03976707
9723,5.117247104644775,0.7646403014659882,0.031198785
9724,3.3408701419830322,0.6833615601062775,0.03827864
9725,9.765324592590332,0.9045244753360748,0.018269802
9726,3.6026188731193542,0.6962563991546631,0.03714232
9727,2.2918231785297394,0.628945529460907,0.043192547
9728,3.753531575202942,0.7035547494888306,0.036502566
9729,3.199429512023926,0.6762726306915283,0.038907066
9730,3.1019943952560425,0.6713419556617737,0.03934597
9731,4.268816411495209,0.7276895344257355,0.03440006
9732,2.8946807980537415,0.6607245802879333,0.040296372
9733,3.2974010705947876,0.6811962425708771,0.038470685
9734,2.7406030893325806,0.6527261734008789,0.04101756
9735,3.9389336109161377,0.7123801708221436,0.03573167
9736,2.987217605113983,0.6654846966266632,0.03986935
9737,4.774411916732788,0.7501381188631058,0.03245484
9738,4.217283129692078,0.7253317832946777,0.03460476
9739,4.086938798427582,0.7193124890327454,0.035127975
9740,5.802355408668518,0.7918383628129959,0.028832497
9741,4.417963624000549,0.7344406843185425,0.03381441
9742,2.3655568063259125,0.6329027116298676,0.042827446
9743,3.2124829292297363,0.6769304275512695,0.038848646
9744,5.033203363418579,0.7611376196146011,0.031502128
9745,4.867957532405853,0.754153773188591,0.032107178
9746,4.132345616817474,0.7214184105396271,0.034944814
9747,6.302105188369751,0.8101694732904434,0.027220413
9748,6.8929266929626465,0.8302150666713715,0.02543043
9749,6.8706125020980835,0.8294892460107803,0.025495844
9750,5.8768779039382935,0.7946523278951645,0.02858618
9751,4.996665120124817,0.7596065998077393,0.031634923
9752,11.113460063934326,0.928173691034317,0.015643252
9753,4.050678610801697,0.7176222205162048,0.035274923
9754,5.652400851249695,0.7860900610685349,0.029334588
9755,5.647866129875183,0.7859138548374176,0.029349906
9756,1.6160039603710175,0.591966301202774,0.046687413
9757,4.626663029193878,0.7437074780464172,0.033011623
9758,5.925846099853516,0.7964849025011063,0.028425474
9759,5.935559272766113,0.7968473732471466,0.028393704
9760,3.71066153049469,0.7014904618263245,0.03668318
9761,1.9777008891105652,0.6119182407855988,0.044783182
9762,3.3856457471847534,0.6855880320072174,0.03808182
9763,5.11036217212677,0.7643554657697678,0.03122352
9764,4.477606415748596,0.7371110618114471,0.033583015
9765,6.9168007373809814,0.830988198518753,0.025360625
9766,10.229736566543579,0.9133684188127518,0.017318618
9767,6.313843131065369,0.8105849623680115,0.027183658
9768,4.059461355209351,0.7180330455303192,0.035239276
9769,5.262234210968018,0.7705949991941452,0.030682325
9770,6.887510418891907,0.8300392627716064,0.025446292
9771,4.184471070766449,0.7238240838050842,0.03473573
9772,2.822711169719696,0.6570000648498535,0.04063165
9773,7.396878004074097,0.8459516018629074,0.023996955
9774,2.5335142016410828,0.6418406367301941,0.042007253
9775,7.08182692527771,0.8362588733434677,0.024883337
9776,4.0479108691215515,0.7174887955188751,0.035286162
9777,6.436153054237366,0.8148714601993561,0.026803553
9778,2.5720325112342834,0.643877387046814,0.04182138
9779,5.061109662055969,0.7623066604137421,0.031401075
9780,4.061680436134338,0.7181365191936493,0.03523027
9781,5.617315769195557,0.7847277969121933,0.029453319
9782,6.433631181716919,0.8147829622030258,0.026811335
9783,7.2894638776779175,0.8427008390426636,0.024295552
9784,5.266981720924377,0.7707860171794891,0.03066556
9785,2.39709809422493,0.6345883309841156,0.04267221
9786,6.323203444480896,0.8109162896871567,0.02715438
9787,3.0806195735931396,0.6702761948108673,0.03944292
9788,2.5578948855400085,0.6431300342082977,0.041889504
9789,5.009701251983643,0.7601543664932251,0.031587478
9790,6.909974813461304,0.8307682126760483,0.025380565
9791,10.03572940826416,0.9097682163119316,0.017709797
9792,8.286582231521606,0.8708005845546722,0.021660622
9793,3.1965038180351257,0.6761253476142883,0.038920175
9794,2.689034342765808,0.650030642747879,0.04126181
9795,4.078044295310974,0.7188991010189056,0.035163965
9796,1.1081670969724655,0.5634470283985138,0.04949845
9797,3.432585299015045,0.6879131495952606,0.037876576
9798,5.315013527870178,0.7727362811565399,0.030496454
9799,4.402315318584442,0.7337383031845093,0.033875387
9800,2.849740982055664,0.6584011912345886,0.040505406
9801,5.342153906822205,0.7738321125507355,0.03040131
9802,1.3734301924705505,0.5784082412719727,0.048009645
9803,3.8463622331619263,0.7079915404319763,0.036114525
9804,3.1065821647644043,0.6715769469738007,0.039325196
9805,2.534666657447815,0.64189812541008,0.042001683
9806,3.8079482316970825,0.7061609327793121,0.036274597
9807,5.184045433998108,0.7673967033624649,0.03095977
9808,4.269242882728577,0.7276932299137115,0.03439837
9809,3.708510398864746,0.7013891339302063,0.03669226
9810,1.8051470816135406,0.6024421453475952,0.045681745
9811,2.2201134264469147,0.625090479850769,0.043550618
9812,4.974252283573151,0.7586631327867508,0.03171666
9813,2.9299288988113403,0.6625387966632843,0.040133186
9814,1.9763153791427612,0.6118263304233551,0.044790335
9815,4.550946354866028,0.7403677105903625,0.033300646
9816,4.69685971736908,0.7467761635780334,0.032745905
9817,4.112755060195923,0.7205107510089874,0.03502372
9818,2.7169859409332275,0.651493102312088,0.04112924
9819,3.897314667701721,0.7104113698005676,0.035903294
9820,1.8843330442905426,0.6068000197410583,0.04526717
9821,4.30885523557663,0.7295124530792236,0.03424185
9822,3.863532245159149,0.708810567855835,0.036043204
9823,0.662800520658493,0.5380798280239105,0.052102674
9824,6.657015681266785,0.8224210441112518,0.026130587
9825,3.867499828338623,0.7089973092079163,0.036026746
9826,4.4138190150260925,0.7342550754547119,0.03383055
9827,4.61066335439682,0.7430047392845154,0.033072483
9828,4.997574985027313,0.7596553862094879,0.031631608
9829,3.7594518065452576,0.7038398385047913,0.0364777
9830,6.651623845100403,0.822239339351654,0.026146816
9831,6.016504168510437,0.7998494505882263,0.028130328
9832,4.207800626754761,0.7248965501785278,0.034642562
9833,3.348935842514038,0.6837643384933472,0.03824311
9834,3.9659762382507324,0.7136525213718414,0.035620596
9835,7.452815771102905,0.8476220071315765,0.023842908
9836,6.7334794998168945,0.8249770402908325,0.025901569
9837,5.2228522300720215,0.7689879834651947,0.03082176
9838,9.774892926216125,0.9047128334641457,0.018249685
9839,5.208768844604492,0.7684085071086884,0.030871777
9840,4.512744247913361,0.7386758625507355,0.033447433
9841,1.8955178558826447,0.6074148416519165,0.04520892
9842,4.5468670129776,0.7401895523071289,0.033316292
9843,2.4368222057819366,0.6367068290710449,0.042477492
9844,1.2542589008808136,0.5717031359672546,0.04867288
9845,6.667160987854004,0.8227617144584656,0.026100092
9846,3.295617401599884,0.6811027526855469,0.038478587
9847,4.07350480556488,0.7186872661113739,0.035182346
9848,6.325186491012573,0.810985654592514,0.02714818
9849,2.9369014501571655,0.6629197597503662,0.040100977
9850,4.2341649532318115,0.7261002659797668,0.03453757
9851,5.13308584690094,0.7652948796749115,0.031141942
9852,2.998378872871399,0.666056364774704,0.03981814
9853,6.846213340759277,0.8286941349506378,0.025567565
9854,5.055270791053772,0.7620620876550674,0.031422194
9855,4.102180004119873,0.7200188934803009,0.035066385
9856,2.2555993497371674,0.627000629901886,0.043373056
9857,4.716925024986267,0.7476490437984467,0.03267035
9858,2.6614224910736084,0.6485808491706848,0.041393187
9859,4.167742133140564,0.7230530977249146,0.034802698
9860,3.374544680118561,0.6850390136241913,0.03813053
9861,4.585520327091217,0.7418965399265289,0.03316836
9862,2.5120311975479126,0.6407027244567871,0.042111278
9863,1.8060024082660675,0.6024890542030334,0.04567724
9864,5.558720827102661,0.7824414521455765,0.029652681
9865,5.733986496925354,0.7892312854528427,0.029060338
9866,5.816261172294617,0.7923576384782791,0.028786374
9867,3.8784444332122803,0.7095133364200592,0.035981383
9868,2.5264406204223633,0.641465812921524,0.04204148
9869,1.6234864294528961,0.59238201379776,0.046647213
9870,4.089069366455078,0.719411313533783,0.035119355
9871,4.126624763011932,0.7211534678936005,0.03496784
9872,7.30501115322113,0.8431731313467026,0.024252107
9873,0.7764225453138351,0.5445756614208221,0.05142555
9874,2.197198271751404,0.6238494515419006,0.043665674
9875,4.968465268611908,0.7584192305803299,0.031737797
9876,4.1940343379974365,0.7242607474327087,0.03469751
9877,3.531055450439453,0.6927568912506104,0.03744961
9878,1.3761922717094421,0.5785740315914154,0.047994386
9879,4.068591594696045,0.7184586524963379,0.03520225
9880,3.560155928134918,0.6941846609115601,0.03732434
9881,2.5206243991851807,0.6411581635475159,0.04206964
9882,1.3718031346797943,0.5783173143863678,0.048018634
9883,7.609021067619324,0.8522104173898697,0.023417955
9884,1.4138783514499664,0.580677717924118,0.047786593
9885,3.262428939342499,0.6794404685497284,0.0386259
9886,5.182559490203857,0.7673358917236328,0.03096507
9887,5.940642952919006,0.7970379292964935,0.028377092
9888,6.940475106239319,0.8317531794309616,0.025291596
9889,2.9997995495796204,0.6661290526390076,0.039811634
9890,4.0270742774009705,0.7165207862854004,0.035370912
9891,7.764483094215393,0.8566624969244003,0.023002543
9892,3.384300172328949,0.6855221688747406,0.038087722
9893,1.7604897916316986,0.5999764800071716,0.045917217
9894,3.0164989829063416,0.6669838428497314,0.03973517
9895,4.872028231620789,0.7543139904737473,0.032092135
9896,5.706176161766052,0.7881644815206528,0.029153533
9897,7.116701602935791,0.8373548984527588,0.02478363
9898,3.970862329006195,0.7138827741146088,0.035600565
9899,6.8579429388046265,0.8290769308805466,0.025533061
9900,4.914760589599609,0.7561458200216293,0.031934638
9901,7.0901817083358765,0.8365221172571182,0.024859415
9902,4.39041405916214,0.7332020998001099,0.033921834
9903,4.302690029144287,0.7292323410511017,0.03426617
9904,2.481960654258728,0.6391078233718872,0.042257324
9905,2.8618767857551575,0.6590286791324615,0.040448852
9906,3.7867459654808044,0.705146998167038,0.03636325
9907,1.4947883784770966,0.5852140188217163,0.047343522
9908,3.5571950674057007,0.6940399706363678,0.037337072
9909,3.479984998703003,0.6902556121349335,0.03767044
9910,4.977370798587799,0.7587934136390686,0.03170527
9911,4.26657497882843,0.7275877296924591,0.034408942
9912,3.033159375190735,0.6678412854671478,0.03965903
9913,6.4978015422821045,0.8170033842325211,0.026613988
9914,1.9967922568321228,0.612961620092392,0.044684865
9915,4.522363245487213,0.7391029298305511,0.03341041
9916,2.523585855960846,0.6413153111934662,0.042055294
9917,5.955105423927307,0.7975761294364929,0.02832988
9918,6.231663227081299,0.8076612651348114,0.027442072
9919,5.08417546749115,0.7632668167352676,0.031317804
9920,0.7320301979780197,0.5420393645763397,0.051689047
9921,2.73710697889328,0.6525474190711975,0.04103408
9922,3.576386868953705,0.6949760317802429,0.037254665
9923,4.2833662033081055,0.7283528447151184,0.034342483
9924,3.139241635799408,0.6732315123081207,0.03917761
9925,1.8978779017925262,0.6075437366962433,0.045196638
9926,2.5120845437049866,0.6407077014446259,0.042111024
9927,3.2360339164733887,0.6781153976917267,0.038743455
9928,3.5374704003334045,0.693074643611908,0.03742196
9929,4.214195907115936,0.7251912653446198,0.034617063
9930,5.41042685508728,0.776571050286293,0.030163286
9931,5.340544581413269,0.7737638354301453,0.030406944
9932,4.787011444568634,0.7506815493106842,0.032407794
9933,6.222379207611084,0.8073334991931915,0.027471414
9934,3.9523646235466003,0.7130151987075806,0.03567646
9935,3.0458438396453857,0.6684828996658325,0.03960115
9936,1.8828555941581726,0.6067196428775787,0.045274872
9937,2.425575852394104,0.6361075639724731,0.04253253
9938,9.453019499778748,0.898131251335144,0.018938651
9939,3.476548194885254,0.6900825798511505,0.03768536
9940,6.45430326461792,0.8155008405447006,0.026747601
9941,5.308715105056763,0.7724815756082535,0.030518577
9942,5.615588426589966,0.7846606969833374,0.029459178
9943,2.994879186153412,0.6658790111541748,0.039834198
9944,1.5235315263271332,0.5868128836154938,0.047187112
9945,4.514605402946472,0.7387604117393494,0.033440266
9946,3.9488601684570312,0.7128534913063049,0.03569086
9947,6.1501723527908325,0.8047311007976532,0.02770074
9948,2.314831167459488,0.6301835775375366,0.04307829
9949,4.1050416231155396,0.7201530039310455,0.03505484
9950,3.9724504947662354,0.7139547169208527,0.035594054
9951,4.593979716300964,0.7422788739204407,0.033136073
9952,5.33409059047699,0.7735068053007126,0.030429553
9953,2.9595306515693665,0.6640638113021851,0.039996635
9954,1.9821718335151672,0.6121619045734406,0.044760138
9955,3.594830334186554,0.6958767771720886,0.037175644
9956,0.3674805536866188,0.5211425125598907,0.05390462
9957,6.9534832239151,0.832171693444252,0.025253749
9958,2.521195709705353,0.6411886513233185,0.04206687
9959,2.4928145110607147,0.6396836340427399,0.042204555
9960,4.862639307975769,0.7539263218641281,0.032126844
9961,1.4461547136306763,0.5824871361255646,0.04760935
9962,7.703011631965637,0.8549156934022903,0.023165913
9963,7.806750535964966,0.8578557968139648,0.022890879
9964,5.35494863986969,0.7743446528911591,0.030356562
9965,3.052707016468048,0.6688330769538879,0.03956987
9966,6.042056083679199,0.8007890582084656,0.0280477
9967,3.4232306480407715,0.687450498342514,0.037917394
9968,4.134404957294464,0.7215135395526886,0.03493653
9969,2.3991644382476807,0.6346988081932068,0.042662058
9970,5.809279084205627,0.7920995056629181,0.028809525
9971,1.8108980357646942,0.6027593016624451,0.045651507
9972,3.8935676217079163,0.7102372646331787,0.03591878
9973,3.197539746761322,0.676176905632019,0.038915534
9974,7.236807942390442,0.8410903662443161,0.024443291
9975,2.756100296974182,0.6535353660583496,0.040944446
9976,3.765307366847992,0.7041195333003998,0.036453113
9977,2.7612265944480896,0.6538054347038269,0.04092029
9978,2.39497110247612,0.6344745457172394,0.042682655
9979,4.50846254825592,0.7384855151176453,0.033463925
9980,0.43374374508857727,0.5249474942684174,0.053494953
9981,2.350931018590927,0.6321196556091309,0.042899624
9982,2.6875123381614685,0.6499510705471039,0.04126904
9983,8.194635510444641,0.8683987259864807,0.021891132
9984,2.7791208028793335,0.6547345519065857,0.040836077
9985,4.331559538841248,0.7305425107479095,0.034152463
9986,7.069231271743774,0.8358611911535263,0.02491945
9987,10.392208099365234,0.9162838310003281,0.01699768
9988,1.9105753302574158,0.6082417964935303,0.045130618
9989,0.47159891575574875,0.5271209180355072,0.053262323
9990,3.405403792858124,0.6865682601928711,0.037995294
9991,7.678930759429932,0.8542241156101227,0.023230227
9992,3.126624822616577,0.672592282295227,0.039234556
9993,3.271791934967041,0.6799101233482361,0.03858428
9994,2.8156909346580505,0.6566355228424072,0.0406645
9995,5.35692036151886,0.7744264304637909,0.030349672
9996,4.229073524475098,0.7258726954460144,0.03455782
9997,4.6151041984558105,0.7431989312171936,0.033055577
9998,4.635375440120697,0.744080126285553,0.032978527
9999,1.692003309726715,0.5961858928203583,0.046280693
10000,2.2233152389526367,0.6252603828907013,0.043534566
10001,4.892328083515167,0.7551924288272858,0.03201722
10002,3.84963721036911,0.7081492841243744,0.03610091
10003,3.984825015068054,0.7145404517650604,0.035543386
10004,2.26496160030365,0.6275047361850739,0.043326333
10005,4.255625009536743,0.7270871996879578,0.034452345
10006,3.349284827709198,0.6837807297706604,0.038241573
10007,6.709758639335632,0.8241868317127228,0.0259724
10008,2.327728569507599,0.6308761537075043,0.043014374
10009,4.693784117698669,0.7466388642787933,0.032757502
10010,7.4089515209198,0.8463124632835388,0.023963619
10011,6.92846953868866,0.8313666731119156,0.02532658
10012,4.0039220452308655,0.7154363691806793,0.035465322
10013,7.286365628242493,0.8426055461168289,0.024304224
10014,6.257228255271912,0.8085753172636032,0.027361419
10015,6.132380962371826,0.8040888607501984,0.02775754
10016,9.85333263874054,0.9062594324350357,0.018085621
10017,4.791563451290131,0.7508776485919952,0.032390807
10018,2.2400417923927307,0.6261625587940216,0.043450814
10019,5.912109613418579,0.7959731370210648,0.02847046
10020,5.24788498878479,0.7700104266405106,0.030733053
10021,7.568365931510925,0.8510272204875946,0.023527822
10022,4.694342613220215,0.7466658353805542,0.032755394
10023,0.9912821650505066,0.5568183660507202,0.05016905
10024,3.2999855279922485,0.6813205182552338,0.03845924
10025,3.882696032524109,0.7097198069095612,0.035963766
10026,5.154089331626892,0.7661563754081726,0.031066732
10027,3.545650839805603,0.6934755742549896,0.037386727
10028,4.933221936225891,0.7569236159324646,0.031866834
10029,4.050299525260925,0.7176050543785095,0.03527646
10030,1.9472765922546387,0.6102511286735535,0.044940323
10031,3.125629723072052,0.6725414395332336,0.039239056
10032,4.990734159946442,0.7593570351600647,0.031656533
10033,6.448735594749451,0.8153092265129089,0.026764756
10034,5.179443359375,0.7672046720981598,0.030976176
10035,4.744606018066406,0.7488489151000977,0.0325664
10036,0.9269522875547409,0.5531578063964844,0.050542004
10037,2.4032340943813324,0.6349161565303802,0.04264208
10038,4.1290366649627686,0.7212651371955872,0.034958124
10039,3.1751608848571777,0.6750482618808746,0.03901593
10040,6.3910746574401855,0.8133014589548111,0.026943019
10041,3.109062612056732,0.6717013418674469,0.03931396
10042,4.595186412334442,0.7423234581947327,0.03313147
10043,3.7932583689689636,0.7054590284824371,0.036336
10044,2.6568403840065002,0.6483426094055176,0.041415036
10045,3.7373939156532288,0.702777624130249,0.036570456
10046,8.669299483299255,0.8803887814283371,0.020726932
10047,2.0405039191246033,0.6153465211391449,0.04446055
10048,1.8622173368930817,0.6055850684642792,0.045382574
10049,5.724151134490967,0.7888544201850891,0.029093266
10050,3.964608311653137,0.7135903835296631,0.03562621
10051,4.352169930934906,0.7314759790897369,0.03407152
10052,5.4512858390808105,0.7781996130943298,0.030021729
10053,4.207369089126587,0.7248730361461639,0.034644283
10054,3.1001389026641846,0.671247124671936,0.039354376
10055,9.770141243934631,0.9046209901571274,0.01825967
10056,1.6390250623226166,0.5932478904724121,0.046563834
10057,2.6472219824790955,0.6478398442268372,0.04146092
10058,5.660638213157654,0.7864081561565399,0.02930678
10059,4.455862939357758,0.736139714717865,0.033667192
10060,3.2912880182266235,0.6808860301971436,0.038497776
10061,1.990927904844284,0.612641304731369,0.04471504
10062,5.271568298339844,0.7709721028804779,0.030649375
10063,5.7772910594940186,0.7908870428800583,0.028915819
10064,9.661336541175842,0.902437373995781,0.018489841
10065,2.3960688710212708,0.6345321834087372,0.04267726
10066,3.798169791698456,0.7056939601898193,0.03631546
10067,4.071202874183655,0.7185686826705933,0.03519167
10068,4.420821666717529,0.7345678806304932,0.033803284
10069,3.2240551710128784,0.6775127649307251,0.03879692
10070,1.9383515417575836,0.6097640693187714,0.044986524
10071,4.121050536632538,0.7208910286426544,0.03499029
10072,1.9818350672721863,0.6121442317962646,0.044761874
10073,4.259531497955322,0.7272653579711914,0.03443685
10074,6.339961886405945,0.8115066587924957,0.027102038
10075,4.112420082092285,0.7204949855804443,0.035025068
10076,4.0633624792099,0.718214750289917,0.03522345
10077,3.023059666156769,0.6673192083835602,0.039705172
10078,4.374969303607941,0.732505202293396,0.0339822
10079,2.6920440793037415,0.6501894295215607,0.041247517
10080,3.4593653678894043,0.6892355382442474,0.03775998
10081,3.243609666824341,0.6784960329532623,0.038709678
10082,2.411195784807205,0.6353406310081482,0.042603005
10083,4.36341255903244,0.7319845855236053,0.03402745
10084,2.965131998062134,0.6643491387367249,0.039970864
10085,4.133152663707733,0.7214547693729401,0.034941565
10086,3.9116761088371277,0.7110925912857056,0.035843983
10087,3.7334278225898743,0.7025882005691528,0.036587156
10088,0.39365053176879883,0.5226449966430664,0.05374245
10089,3.0221402645111084,0.6672700643539429,0.03970937
10090,4.68841165304184,0.7464043498039246,0.03277777
10091,3.682186007499695,0.7001173794269562,0.036803633
10092,2.784300446510315,0.6550044417381287,0.04081173
10093,4.0967196226119995,0.7197734117507935,0.03508844
10094,2.5037047266960144,0.6402615308761597,0.042151667
10095,6.514251232147217,0.8175690770149231,0.026563635
10096,2.1391209959983826,0.6207074820995331,0.043958616
10097,2.117067873477936,0.619511067867279,0.044070367
10098,3.2379940152168274,0.678213894367218,0.038734708
10099,5.8364081382751465,0.793128103017807,0.02871968
10100,3.920571804046631,0.7115161120891571,0.035807285
10101,2.1194393932819366,0.6196396350860596,0.044058334
10102,4.597098231315613,0.7424073219299316,0.033124175
10103,2.319362461566925,0.630427896976471,0.043055825
10104,4.047600626945496,0.7174797654151917,0.03528743
10105,3.072746694087982,0.6698563098907471,0.039478682
10106,5.94758927822113,0.7972966134548187,0.028354412
10107,3.917126953601837,0.7113500833511353,0.03582149
10108,3.7214577198028564,0.7020121812820435,0.03663761
10109,5.119976997375488,0.7647533118724823,0.031188978
10110,1.1230357736349106,0.5642910897731781,0.0494138
10111,4.824896454811096,0.7523103356361389,0.032266747
10112,2.6747307181358337,0.6492805778980255,0.041329816
10113,6.528596878051758,0.8180599212646484,0.026519796
10114,8.706371188163757,0.8812913075089455,0.020638656
10115,4.25554096698761,0.7270767092704773,0.034452677
10116,2.680266797542572,0.6495710909366608,0.041303482
10117,3.671487271785736,0.6995968520641327,0.036848992
10118,9.229430556297302,0.8933266252279282,0.019432493
10119,5.907891392707825,0.7958117723464966,0.028484296
10120,6.540012359619141,0.8184507936239243,0.026484964
10121,2.3121334612369537,0.630040317773819,0.04309167
10122,6.928667426109314,0.8313721716403961,0.025326
10123,4.998292028903961,0.759674996137619,0.031628996
10124,2.463708370923996,0.6381371021270752,0.042346217
10125,2.780744433403015,0.6548211872577667,0.040828448
10126,2.2890758514404297,0.6288016140460968,0.04320622
10127,2.045307755470276,0.6156083941459656,0.04443597
10128,2.541927397251129,0.6422861218452454,0.04196658
10129,3.445523977279663,0.6885526478290558,0.037820198
10130,3.965173661708832,0.7136176526546478,0.03562389
10131,3.274542987346649,0.6800477504730225,0.038572066
10132,4.4234201312065125,0.7346863448619843,0.033793174
10133,6.17489755153656,0.8056256175041199,0.027622001
10134,4.300529956817627,0.7291339337825775,0.034274686
10135,5.660591125488281,0.7864043861627579,0.02930694
10136,2.035306692123413,0.615063339471817,0.044487152
10137,3.3898550271987915,0.6857969760894775,0.038063373
10138,2.247959077358246,0.6265890598297119,0.043411233
10139,2.9131826758384705,0.661678820848465,0.040210634
10140,2.887294590473175,0.660343199968338,0.04033066
10141,6.434139013290405,0.8148009181022644,0.026809769
10142,6.522655487060547,0.8178576231002808,0.026537942
10143,4.093831181526184,0.719632476568222,0.03510011
10144,1.6576425731182098,0.5942797362804413,0.04646414
10145,4.698290228843689,0.7468370795249939,0.03274052
10146,6.464991569519043,0.8158709406852722,0.026714712
10147,1.7301671206951141,0.5982998311519623,0.046077788
10148,1.8549424409866333,0.605184406042099,0.045420602
10149,2.098260223865509,0.618489533662796,0.04416589
10150,1.4107488095760345,0.5805030763149261,0.047803815
10151,7.357296943664551,0.8447590470314026,0.024106557
10152,2.4657920002937317,0.6382473707199097,0.042336058
10153,1.4954492449760437,0.5852440595626831,0.04733993
10154,6.853002309799194,0.8289067894220352,0.025547586
10155,5.4561614990234375,0.7783912271261215,0.030004885
10156,4.837149381637573,0.7528357952833176,0.03222126
10157,7.515507936477661,0.849476620554924,0.023671439
10158,5.1385533809661865,0.7655212581157684,0.03112235
10159,4.764459431171417,0.749708741903305,0.032492045
10160,4.135443568229675,0.7215606868267059,0.03493235
10161,4.871213436126709,0.7542925775051117,0.032095145
10162,4.776672124862671,0.750234916806221,0.032446392
10163,3.5102087259292603,0.6917370855808258,0.037539594
10164,2.369234710931778,0.6330994069576263,0.042809315
10165,3.2497259974479675,0.6788030862808228,0.038682435
10166,1.6181375086307526,0.5920846164226532,0.046675947
10167,6.106769442558289,0.8031561076641083,0.027839506
10168,2.5461211800575256,0.6425080001354218,0.04194633
10169,5.064640045166016,0.7624514698982239,0.031388316
10170,6.709187030792236,0.8241684883832932,0.025974112
10171,5.95057487487793,0.7974041849374771,0.028344661
10172,3.3330488204956055,0.6829720437526703,0.038313128
10173,4.649110734462738,0.7446902990341187,0.032926418
10174,2.9697707295417786,0.6645976006984711,0.039949514
10175,0.7471025735139847,0.5429002344608307,0.051599428
10176,4.002223610877991,0.7153533399105072,0.035472255
10177,4.565424919128418,0.7410100996494293,0.033245187
10178,10.056562423706055,0.9101610258221626,0.017667372
10179,4.827879369258881,0.752438560128212,0.03225567
10180,2.908698618412018,0.6614478230476379,0.04023139
10181,6.223344206809998,0.8073639869689941,0.027468368
10182,2.5840583443641663,0.6445132195949554,0.04176352
10183,4.11417543888092,0.7205765843391418,0.035017993
10184,1.586184948682785,0.590305894613266,0.046847973
10185,1.7754995822906494,0.6008078455924988,0.04583793
10186,9.427751302719116,0.8975985497236252,0.018993827
10187,5.043200254440308,0.7615578472614288,0.031465888
10188,4.414340555667877,0.7342774868011475,0.03382852
10189,3.603544235229492,0.6963019669055939,0.03713837
10190,3.898734450340271,0.7104800343513489,0.035897423
10191,4.598595499992371,0.7424736320972443,0.03311847
10192,3.434368669986725,0.688001424074173,0.037868805
10193,2.2275978326797485,0.625492125749588,0.04351311
10194,2.671155035495758,0.6490921676158905,0.041346833
10195,2.343920022249222,0.6317442953586578,0.042934265
10196,4.149956107139587,0.7222325503826141,0.034874033
10197,2.619814872741699,0.6463959813117981,0.041591946
10198,2.1915778517723083,0.6235463619232178,0.04369393
10199,3.917562961578369,0.7113666534423828,0.035819694
10200,3.9953282475471497,0.7150336802005768,0.03550043
10201,3.0555975437164307,0.6689805090427399,0.039556712
10202,4.12489652633667,0.7210724651813507,0.034974795
10203,1.3791806995868683,0.5787279605865479,0.04797787
10204,3.9920032024383545,0.7148776054382324,0.035514023
10205,4.1445401310920715,0.7219821512699127,0.034895785
10206,6.033774018287659,0.8004854619503021,0.028074453
10207,3.5892266035079956,0.695603609085083,0.037199635
10208,4.467679560184479,0.7366673350334167,0.03362142
10209,3.6035624146461487,0.6963034570217133,0.03713829
10210,4.443642795085907,0.7355928421020508,0.03371459
10211,4.34186726808548,0.7310097813606262,0.034111958
10212,6.5923357009887695,0.8202354460954666,0.026325898
10213,4.7132110595703125,0.747487485408783,0.03268432
10214,4.79370504617691,0.7509675323963165,0.032382824
10215,4.223312735557556,0.7256083190441132,0.034580745
10216,4.546502530574799,0.7401718497276306,0.033317693
10217,2.131301760673523,0.6202830076217651,0.043998204
10218,2.8089353442192078,0.6562847793102264,0.04069614
10219,5.5054789781570435,0.7803458273410797,0.029835004
10220,4.525830149650574,0.7392572164535522,0.03339708
10221,6.209349632263184,0.8068634867668152,0.027512658
10222,2.517431378364563,0.6409900188446045,0.04208511
10223,1.740337759256363,0.5988627672195435,0.04602387
10224,3.399244546890259,0.6862627267837524,0.038022246
10225,3.599521815776825,0.6961061060428619,0.037155565
10226,3.8158807158470154,0.7065399289131165,0.036241487
10227,8.642078042030334,0.8797338083386421,0.020791993
10228,4.030232131481171,0.7166683077812195,0.03535806
10229,1.617649793624878,0.5920575857162476,0.04667857
10230,7.560209035873413,0.8507887721061707,0.023549933
10231,5.662978291511536,0.7864917069673538,0.029298887
10232,1.890251785516739,0.607125848531723,0.045236338
10233,3.6324870586395264,0.6977089643478394,0.03701482
10234,3.057186007499695,0.6690613925457001,0.039549477
10235,4.279008209705353,0.7281562983989716,0.03435972
10236,2.145960032939911,0.6210778057575226,0.04392401
10237,0.37944160401821136,0.5218287706375122,0.05383043
10238,1.4944174885749817,0.5851867198944092,0.04734554
10239,5.003962516784668,0.7599121481180191,0.03160835
10240,2.634369730949402,0.6471614837646484,0.041522317
10241,2.0091184973716736,0.6136346757411957,0.044621494
10242,2.387683242559433,0.6340861320495605,0.04271848
10243,4.304178953170776,0.7293000221252441,0.03426029
10244,1.9081607460975647,0.608108788728714,0.045143165
10245,7.246599793434143,0.8413997143507004,0.024415746
10246,2.33488991856575,0.6312605142593384,0.042978927
10247,2.6826870441436768,0.6496981084346771,0.041291974
10248,2.484016567468643,0.639216959476471,0.042247318
10249,2.196720838546753,0.6238245368003845,0.043668065
10250,6.194050312042236,0.8063136041164398,0.02756116
10251,4.441554248332977,0.7354974150657654,0.0337227
10252,5.014556050300598,0.7603571861982346,0.031569827
10253,4.155094623565674,0.7224698662757874,0.03485341
10254,4.526726305484772,0.7392965257167816,0.033393633
10255,6.781631708145142,0.8265744149684906,0.025758374
10256,3.23639839887619,0.6781338751316071,0.038741827
10257,2.051166594028473,0.6159279346466064,0.044406
10258,5.876714587211609,0.7946425527334213,0.028586715
10259,2.6248642802238464,0.6466603577136993,0.04156778
10260,5.675552487373352,0.7869848161935806,0.029256502
10261,5.904507040977478,0.7956887036561966,0.028495396
10262,2.6378214359283447,0.6473411917686462,0.041505817
10263,7.54266619682312,0.850275456905365,0.02359754
10264,3.4016454219818115,0.6863817870616913,0.03801174
10265,3.9649343490600586,0.7136056423187256,0.03562487
10266,2.5302451848983765,0.641667902469635,0.042023066
10267,2.953202724456787,0.6637387275695801,0.04002578
10268,3.2456782460212708,0.6785998642444611,0.038700458
10269,3.1217360496520996,0.672343909740448,0.039256647
10270,6.8893080949783325,0.8300976008176804,0.025441026
10271,4.0126872062683105,0.7158488929271698,0.035429552
10272,2.433139383792877,0.6365106999874115,0.042495508
10273,3.020428717136383,0.6671850383281708,0.039717194
10274,1.842767596244812,0.6045147776603699,0.045484312
10275,3.6542412638664246,0.6987632811069489,0.03692223
10276,2.204807549715042,0.6242620646953583,0.04362743
10277,4.009630978107452,0.7157042324542999,0.03544202
10278,4.04060035943985,0.7171556353569031,0.035315875
10279,4.5718517899513245,0.741292804479599,0.033220593
10280,5.103671550750732,0.7640776336193085,0.031247586
10281,4.384312629699707,0.7329322993755341,0.033945672
10282,7.856989502906799,0.8592584133148193,0.022758862
10283,2.484092265367508,0.6392200887203217,0.042246953
10284,3.1869763135910034,0.6756449043750763,0.038962897
10285,3.7582093477249146,0.703779399394989,0.036482915
10286,2.5489413738250732,0.6426584422588348,0.041932713
10287,3.861858546733856,0.7087309658527374,0.036050152
10288,4.750604629516602,0.7491090595722198,0.03254392
10289,2.343648374080658,0.6317296028137207,0.042935606
10290,4.145224988460541,0.7220137119293213,0.034893043
10291,3.80535751581192,0.706038773059845,0.03628542
10292,4.155818521976471,0.7225004434585571,0.034850508
10293,3.917398452758789,0.7113631963729858,0.035820372
10294,6.453739404678345,0.8154819309711456,0.026749337
10295,4.2692747712135315,0.7277092337608337,0.034398243
10296,2.630801498889923,0.6469740271568298,0.04153937
10297,2.610546350479126,0.6459077298641205,0.04163636
10298,7.3621684312820435,0.8448846936225891,0.024093041
10299,3.1777960062026978,0.6751814484596252,0.039004095
10300,8.371657729148865,0.872988685965538,0.021449495
10301,4.436224699020386,0.7352606356143951,0.033743396
10302,2.154088169336319,0.6215181052684784,0.04388293
10303,3.8464248180389404,0.7079953849315643,0.036114264
10304,4.406597018241882,0.7339304387569427,0.033858694
10305,5.9657347202301025,0.7979708313941956,0.02829523
10306,3.743402063846588,0.7030679881572723,0.036545165
10307,2.7421554923057556,0.652808278799057,0.04101023
10308,2.235533744096756,0.6259195804595947,0.043473374
10309,4.574862420558929,0.7414277493953705,0.033209085
10310,2.8474700450897217,0.6582835018634796,0.040515997
10311,2.7127698063850403,0.6512726843357086,0.04114921
10312,7.236800193786621,0.8410875201225281,0.024443308
10313,4.412308037281036,0.7341880202293396,0.033836436
10314,2.0616833865642548,0.6165000200271606,0.044352267
10315,2.987569570541382,0.6655024588108063,0.039867733
10316,6.040497422218323,0.80073282122612,0.028052732
10317,6.440741419792175,0.8150322139263153,0.026789397
10318,4.050126373767853,0.7175975143909454,0.035277165
10319,4.328351616859436,0.7303898632526398,0.03416508
10320,1.7782385647296906,0.6009568274021149,0.04582349
10321,2.1894903481006622,0.6234338581562042,0.04370443
10322,8.442355394363403,0.8747828006744385,0.02127562
10323,4.454188048839569,0.7360635101795197,0.03367368
10324,1.6755127906799316,0.5952774286270142,0.046368632
10325,2.194996029138565,0.6237310767173767,0.043676745
10326,7.125380039215088,0.8376243859529495,0.024758883
10327,7.086933851242065,0.8364199846982956,0.024868714
10328,2.553158700466156,0.6428800523281097,0.04191236
10329,3.8487404584884644,0.7081072926521301,0.03610464
10330,5.8697545528411865,0.7943845242261887,0.028609635
10331,5.650827884674072,0.7860260307788849,0.029339902
10332,5.160841941833496,0.7664381861686707,0.031042589
10333,5.008349418640137,0.7600976079702377,0.03159239
10334,5.536218881607056,0.7815535217523575,0.029729597
10335,3.8362720608711243,0.7075128853321075,0.0361565
10336,2.616473138332367,0.6462195813655853,0.041607954
10337,2.5446760654449463,0.6424314975738525,0.041953307
10338,6.997726559638977,0.8335904031991959,0.025125438
10339,2.6783618330955505,0.6494711935520172,0.04131254
10340,1.786111444234848,0.6013922989368439,0.045781966
10341,4.275784194469452,0.7280063927173615,0.03437248
10342,4.704636633396149,0.7471140623092651,0.0327166
10343,5.610677599906921,0.7844707816839218,0.029475834
10344,3.6963477730751038,0.7007972896099091,0.03674368
10345,3.723354935646057,0.7021039128303528,0.036629606
10346,4.394954144954681,0.7334066033363342,0.03390411
10347,2.0741406083106995,0.6171804964542389,0.044288706
10348,6.418107748031616,0.8142445385456085,0.026859295
10349,7.870978116989136,0.859646737575531,0.022722239
10350,4.804551899433136,0.7514362335205078,0.032342415
10351,4.207419455051422,0.7248814404010773,0.034644082
10352,2.882491648197174,0.6600950360298157,0.04035296
10353,3.3172225952148438,0.682182252407074,0.038383
10354,3.7111610174179077,0.7015160620212555,0.036681063
10355,5.64939558506012,0.7859732061624527,0.02934474
10356,2.406064122915268,0.635066032409668,0.042628184
10357,7.650579214096069,0.8534111827611923,0.02330618
10358,3.525087833404541,0.6924676895141602,0.037475348
10359,3.735344111919403,0.7026803493499756,0.03657908
10360,7.187063097953796,0.8395501971244812,0.02458368
10361,6.97736918926239,0.8329368978738785,0.025184399
10362,6.755088567733765,0.8256950676441193,0.025837211
10363,5.571497678756714,0.7829395234584808,0.029609097
10364,3.4092792868614197,0.6867594122886658,0.037978344
10365,4.742272794246674,0.7487482726573944,0.032575145
10366,3.706170618534088,0.7012751698493958,0.03670215
10367,3.3510595560073853,0.6838681101799011,0.03823377
10368,4.671422243118286,0.74566450715065,0.032841947
10369,3.8092896342277527,0.7062253355979919,0.036268998
10370,4.429807066917419,0.7349680364131927,0.033768333
10371,4.8107922077178955,0.7517042756080627,0.032319188
10372,7.004826068878174,0.8338148444890976,0.02510491
10373,5.626300573348999,0.7850686609745026,0.029422868
10374,3.641752302646637,0.6981587111949921,0.03697536
10375,4.223189949989319,0.7256027460098267,0.034581233
10376,4.339006841182709,0.730880856513977,0.034123197
10377,2.9374274611473083,0.6629274189472198,0.04009855
10378,3.5791856050491333,0.6951139569282532,0.037242662
10379,6.26397430896759,0.8088157176971436,0.027340177
10380,3.712073266506195,0.7015556693077087,0.036677215
10381,3.1240856647491455,0.6724617779254913,0.039246026
10382,4.263943135738373,0.7274674773216248,0.034419365
10383,1.3660027086734772,0.5779913663864136,0.04805072
10384,2.5789785385131836,0.6442438364028931,0.041787952
10385,3.4115171432495117,0.6868672072887421,0.03796856
10386,3.0284640192985535,0.6675946116447449,0.03968047
10387,3.1231260299682617,0.6724143922328949,0.03925037
10388,1.551501601934433,0.5883736610412598,0.04703541
10389,4.171040654182434,0.7232054769992828,0.034789484
10390,11.148343086242676,0.9287099540233612,0.0155805545
10391,9.541276097297668,0.8999762460589409,0.018747192
10392,3.9184188842773438,0.7114114761352539,0.035816163
10393,2.965630888938904,0.6643752753734589,0.03996856
10394,2.1919138729572296,0.6235644817352295,0.043692246
10395,9.662771224975586,0.9024663344025612,0.018486788
10396,7.668275833129883,0.8539204150438309,0.02325874
10397,2.9840347170829773,0.6653213202953339,0.03988396
10398,1.4255550503730774,0.5813322961330414,0.047722403
10399,3.9728713035583496,0.7139787077903748,0.035592336
10400,2.701418697834015,0.6506786346435547,0.04120303
10401,4.643984436988831,0.7444671392440796,0.032945856
10402,3.8624677062034607,0.7087584733963013,0.036047623
10403,2.771070897579193,0.6543149650096893,0.04087393
10404,5.025548934936523,0.7608190923929214,0.0315299
10405,3.6897245049476624,0.7004813551902771,0.036771707
10406,5.766206979751587,0.7904638200998306,0.028952738
10407,4.352006316184998,0.7314683794975281,0.03407216
10408,6.973281502723694,0.8328053057193756,0.025196254
10409,4.518037438392639,0.7389065027236938,0.033427052
10410,5.161261558532715,0.7664591521024704,0.03104109
10411,4.29872989654541,0.7290522158145905,0.03428179
10412,3.586098551750183,0.6954509019851685,0.03721304
10413,2.809494733810425,0.6563138365745544,0.04069352
10414,1.8132303655147552,0.6028975546360016,0.045639258
10415,4.298788011074066,0.7290548384189606,0.034281563
10416,6.019181609153748,0.799947202205658,0.028121658
10417,7.153143882751465,0.8384948819875717,0.024679871
10418,1.328502595424652,0.5758838057518005,0.048258618
10419,2.005549818277359,0.613439679145813,0.044639826
10420,3.6612123250961304,0.6991020739078522,0.036892608
10421,5.622372627258301,0.7849245518445969,0.029436179
10422,3.8843533396720886,0.7097984850406647,0.035956908
10423,2.192624807357788,0.623603105545044,0.043688666
10424,4.075156152248383,0.7187640070915222,0.035175662
10425,7.1463543176651,0.8382788151502609,0.024699166
10426,3.1209567189216614,0.6723045706748962,0.039260175
10427,4.100002944469452,0.7199190557003021,0.035075177
10428,6.426266431808472,0.8145258724689484,0.02683408
10429,3.843764066696167,0.7078694701194763,0.03612533
10430,4.709294438362122,0.7473196387290955,0.03269906
10431,5.0248414278030396,0.760789543390274,0.03153247
10432,3.9254656434059143,0.7117444574832916,0.03578712
10433,7.346094846725464,0.8444216698408127,0.024137668
10434,2.408859431743622,0.6352150142192841,0.042614467
10435,1.848466545343399,0.6048285663127899,0.045454487
10436,6.0942018032073975,0.8026981204748154,0.027879817
10437,4.251230359077454,0.7268862128257751,0.034469783
10438,2.766276001930237,0.6540660560131073,0.040896513
10439,2.35436350107193,0.6323036253452301,0.042882673
10440,1.930481642484665,0.6093329787254333,0.04502731
10441,3.645283281803131,0.6983298361301422,0.036960337
10442,1.8769381940364838,0.6063944399356842,0.045305725
10443,3.374430239200592,0.6850311756134033,0.038131025
10444,3.534035086631775,0.6929064691066742,0.03743676
10445,2.115204632282257,0.6194097697734833,0.044079818
10446,2.3313741385936737,0.6310712397098541,0.04299632
10447,3.33947092294693,0.6832918226718903,0.038284812
10448,7.623876333236694,0.8526406288146973,0.023377942
10449,2.7272307872772217,0.6520284116268158,0.04108077
10450,5.084486603736877,0.7632740288972855,0.031316675
10451,5.786772966384888,0.7912469804286957,0.028884267
10452,5.086638331413269,0.7633692622184753,0.031308923
10453,2.963237166404724,0.6642540395259857,0.039979573
10454,4.07317727804184,0.7186720669269562,0.035183664
10455,5.144553184509277,0.7657708823680878,0.03110086
10456,4.023683667182922,0.7163619697093964,0.03538473
10457,3.1679919362068176,0.6746858358383179,0.039048143
10458,3.8387614488601685,0.7076313495635986,0.036146138
10459,3.6450302600860596,0.6983173787593842,0.036961406
10460,4.5541879534721375,0.7405128479003906,0.033288226
10461,2.8391388058662415,0.6578518152236938,0.040554874
10462,2.6324304938316345,0.6470600664615631,0.041531585
10463,2.5927525758743286,0.6449708938598633,0.04172174
10464,4.3327221274375916,0.7305954992771149,0.034147892
10465,2.1043498814105988,0.6188203692436218,0.044134945
10466,3.381689190864563,0.6853911876678467,0.03809917
10467,1.6746968030929565,0.595227062702179,0.046373
10468,4.347885847091675,0.7312822043895721,0.03408833
10469,8.991991877555847,0.8880013823509216,0.019971028
10470,1.1454884707927704,0.5655595660209656,0.04928623
10471,4.3792712688446045,0.7327010035514832,0.03396538
10472,2.1928495168685913,0.6236152052879333,0.043687534
10473,3.9441287517547607,0.7126280665397644,0.035710305
10474,5.227203965187073,0.7691660374403,0.03080632
10475,2.13882714509964,0.6206912398338318,0.0439601
10476,1.8101073801517487,0.6027153432369232,0.045655664
10477,4.07106339931488,0.7185718715190887,0.035192236
10478,3.0808812379837036,0.6702687442302704,0.039441735
10479,2.273401767015457,0.6279585957527161,0.04328426
10480,7.2629088163375854,0.8418872505426407,0.02436995
10481,3.0501556396484375,0.6687037646770477,0.0395815
10482,3.938538134098053,0.7123616635799408,0.0357333
10483,2.346154600381851,0.6318640410900116,0.042923216
10484,3.2089081406593323,0.6767508685588837,0.03886464
10485,3.9974012970924377,0.7151506245136261,0.03549196
10486,4.2241305112838745,0.7256457209587097,0.03457749
10487,5.2682846784591675,0.7708412557840347,0.030660963
10488,4.085924327373505,0.7192646265029907,0.035132077
10489,2.7437782287597656,0.652892529964447,0.041002575
10490,1.7655666172504425,0.6002573072910309,0.04589038
10491,3.746151626110077,0.7032001316547394,0.036533598
10492,0.4086891934275627,0.5235083401203156,0.053649485
10493,2.8940773010253906,0.6606935262680054,0.04029917
10494,3.5027992725372314,0.6913736760616302,0.037571628
10495,2.9956892132759094,0.665918231010437,0.039830483
10496,4.260027706623077,0.7272881269454956,0.03443488
10497,3.966170847415924,0.7136645317077637,0.0356198
10498,2.3696060478687286,0.6331192255020142,0.042807482
10499,3.2957395911216736,0.6811076700687408,0.038478047
10500,2.4775856733322144,0.6388750970363617,0.042278618
10501,3.006908893585205,0.6664901673793793,0.039779063
10502,4.277608096599579,0.7280885279178619,0.03436526
10503,3.688817322254181,0.7004306614398956,0.036775548
10504,3.3523905277252197,0.6839352250099182,0.038227905
10505,2.2249597311019897,0.6253491640090942,0.043526325
10506,3.529491424560547,0.6926854848861694,0.03745635
10507,1.2761454284191132,0.5729366838932037,0.04855039
10508,4.273727238178253,0.7279136776924133,0.03438062
10509,2.5091958045959473,0.6405526697635651,0.04212503
10510,2.8619587421417236,0.6590337157249451,0.040448472
10511,5.997680425643921,0.7991513013839722,0.028191356
10512,2.4309273064136505,0.6363926529884338,0.042506337
10513,2.6325425505638123,0.6470687985420227,0.04153104
10514,4.394571781158447,0.7333888113498688,0.033905596
10515,2.1726900339126587,0.6225253641605377,0.043789048
10516,2.949337363243103,0.6635398268699646,0.040043604
10517,2.4596327543258667,0.6379206776618958,0.042366095
10518,1.9004043936729431,0.6076832711696625,0.04518349
10519,2.2387616336345673,0.6260935664176941,0.04345722
10520,2.8364941477775574,0.6577146351337433,0.04056723
10521,5.20879328250885,0.7684109658002853,0.030871687
10522,6.657087206840515,0.8224230110645294,0.026130378
10523,2.3985663056373596,0.6346651017665863,0.042664997
10524,2.6746276021003723,0.649276077747345,0.04133031
10525,3.545418381690979,0.6934636533260345,0.037387732
10526,3.332618772983551,0.6829504072666168,0.03831502
10527,2.6908189058303833,0.6501201391220093,0.041253343
10528,3.242015540599823,0.6784151494503021,0.038716782
10529,4.928953945636749,0.7567465156316757,0.0318825
10530,3.473563492298126,0.6899352967739105,0.03769831
10531,3.8551267981529236,0.708410233259201,0.0360781
10532,4.7102561593055725,0.7473601400852203,0.03269544
10533,4.078525602817535,0.7189182043075562,0.035162013
10534,3.8980278372764587,0.7104465365409851,0.035900347
10535,6.715373992919922,0.8243778944015503,0.025955614
10536,4.643577039241791,0.744449257850647,0.0329474
10537,2.098907232284546,0.6185250282287598,0.0441626
10538,1.2659889459609985,0.5723641812801361,0.048607197
10539,2.362899035215378,0.6327604949474335,0.042840555
10540,1.167943924665451,0.5668299496173859,0.04915898
10541,3.8206765055656433,0.7067689001560211,0.036221478
10542,8.506699800491333,0.8763964772224426,0.021118592
10543,3.9367374777793884,0.7122799158096313,0.035740707
10544,7.4053627252578735,0.8462066948413849,0.023973525
10545,4.35776025056839,0.731728732585907,0.034049597
10546,2.687501013278961,0.6499506235122681,0.041269097
10547,3.6068418622016907,0.6964610815048218,0.037124272
10548,6.397666931152344,0.813528448343277,0.026922578
10549,3.090956211090088,0.6707826256752014,0.039396003
10550,6.074699759483337,0.8019856363534927,0.027942488
10551,4.05574768781662,0.7178597450256348,0.03525434
10552,3.751744031906128,0.7034686803817749,0.036510084
10553,4.876605570316315,0.7545227706432343,0.032075226
10554,2.2249050438404083,0.6253453493118286,0.043526605
10555,2.628426253795624,0.6468483209609985,0.04155074
10556,3.989851474761963,0.7147765755653381,0.035522822
10557,4.8215252161026,0.7521641403436661,0.03227928
10558,7.894467711448669,0.860298827290535,0.022660872
10559,4.100974798202515,0.7199634909629822,0.035071254
10560,3.4192734956741333,0.6872550845146179,0.03793467
10561,2.9873627424240112,0.6654919385910034,0.039868686
10562,3.990148901939392,0.7147919237613678,0.035521604
10563,2.9456982016563416,0.6633528769016266,0.04006039
10564,4.139635264873505,0.7217555344104767,0.034915503
10565,3.10898095369339,0.6716966927051544,0.039314337
10566,3.8120117783546448,0.7063521146774292,0.036257636
10567,4.316280484199524,0.72984978556633,0.034212593
10568,4.993819296360016,0.7594869881868362,0.031645287
10569,2.942940592765808,0.6632109582424164,0.040073104
10570,2.473505437374115,0.6386582553386688,0.04229848
10571,6.336713433265686,0.811393678188324,0.027112175
10572,2.3699556291103363,0.6331379115581512,0.04280576
10573,5.7042014598846436,0.7880884259939194,0.029160164
10574,1.8975618481636047,0.6075277030467987,0.04519828
10575,2.4150824546813965,0.6355484426021576,0.042583946
10576,7.999520897865295,0.8631799221038818,0.022388447
10577,5.536448955535889,0.7815659195184708,0.029728811
10578,5.702446103096008,0.7880210727453232,0.02916606
10579,3.0216795206069946,0.6672487556934357,0.03971148
10580,4.14067417383194,0.7218034863471985,0.034911323
10581,2.152366489171982,0.6214246153831482,0.04389163
10582,2.3471859097480774,0.6319175660610199,0.042918127
10583,2.954585552215576,0.6638095080852509,0.04001942
10584,7.318940162658691,0.8435979932546616,0.024213253
10585,3.3795195817947388,0.6852816641330719,0.038108688
10586,3.4306463599205017,0.6878156661987305,0.037885036
10587,1.4899763464927673,0.5849419236183167,0.047369763
10588,3.877483308315277,0.7094725966453552,0.03598536
10589,3.8759371638298035,0.7093991637229919,0.03599176
10590,3.809378445148468,0.7062329053878784,0.036268625
10591,6.425994038581848,0.8145180940628052,0.026834924
10592,6.423920392990112,0.8144458681344986,0.02684133
10593,1.8891069293022156,0.6070629954338074,0.045242295
10594,3.0878984928131104,0.6706253886222839,0.039409876
10595,4.817176163196564,0.7519788295030594,0.03229544
10596,2.2734837234020233,0.6279631555080414,0.04328385
10597,4.261695146560669,0.727363258600235,0.034428272
10598,4.009702503681183,0.715707391500473,0.035441726
10599,4.479839503765106,0.7372103333473206,0.033574387
10600,5.333859324455261,0.7734976261854172,0.030430356
10601,11.314265727996826,0.9311989918351173,0.015285747
10602,2.645491063594818,0.6477434635162354,0.041469183
10603,4.438741207122803,0.7353725433349609,0.03373362
10604,7.51268208026886,0.8493942767381668,0.023679141
10605,2.103017270565033,0.618747889995575,0.044141714
10606,2.466651350259781,0.638293594121933,0.042331863
10607,2.279997020959854,0.6283135116100311,0.04325139
10608,5.824650526046753,0.7926831692457199,0.028758582
10609,4.126021564006805,0.7211255133152008,0.03497027
10610,4.394497573375702,0.7333859503269196,0.033905882
10611,4.514061212539673,0.7387343645095825,0.03344236
10612,4.752835333347321,0.7492034733295441,0.03253556
10613,3.3665040135383606,0.6846363544464111,0.038165838
10614,5.794975757598877,0.7915567755699158,0.028857002
10615,5.962923169136047,0.79786716401577,0.028304398
10616,4.091219902038574,0.7195178270339966,0.035110664
10617,2.241181880235672,0.6262233257293701,0.043445107
10618,2.228598892688751,0.6255455911159515,0.043508094
10619,2.438865303993225,0.6368156671524048,0.042467505
10620,3.528148829936981,0.6926184892654419,0.03746214
10621,7.438620924949646,0.8471999317407608,0.023881905
10622,2.889004647731781,0.6604315042495728,0.040322717
10623,7.901856303215027,0.8605002760887146,0.022641601
10624,2.0312893390655518,0.6148443222045898,0.044507742
10625,2.1314814686775208,0.6202929019927979,0.043997295
10626,2.7840456366539,0.6549896001815796,0.040812925
10627,2.8296592831611633,0.6573580503463745,0.040599156
10628,7.607319951057434,0.8521595299243927,0.02342254
10629,2.967742681503296,0.6645010709762573,0.039958842
10630,4.206417798995972,0.7248329222202301,0.03464808
10631,3.009113371372223,0.6666045784950256,0.039768975
10632,2.7880778908729553,0.6552001535892487,0.040793985
10633,5.172431468963623,0.7669156491756439,0.031001197
10634,3.5013237595558167,0.6913016736507416,0.037578013
10635,1.2803274393081665,0.5731723308563232,0.04852702
10636,7.121623754501343,0.8375102579593658,0.024769591
10637,4.093889594078064,0.7196351289749146,0.035099875
10638,2.189270853996277,0.6234219670295715,0.043705538
10639,3.3185017108917236,0.6822457313537598,0.03837735
10640,7.983167767524719,0.8627347648143768,0.022430636
10641,5.617666244506836,0.7847422659397125,0.029452128
10642,1.5294665098190308,0.5871619582176208,0.04715489
10643,3.7919414043426514,0.7053958773612976,0.036341503
10644,3.8404399156570435,0.7077111601829529,0.03613916
10645,6.163309216499329,0.8052056133747101,0.02765888
10646,3.4923717379570007,0.6908607482910156,0.03761676
10647,2.3864588141441345,0.6340197622776031,0.042724505
10648,3.3077654242515564,0.6817090809345245,0.038424812
10649,5.315036177635193,0.7727319598197937,0.030496372
10650,3.6988425254821777,0.7009218335151672,0.036733128
10651,4.887555539608002,0.7549889087677002,0.032034818
10652,4.548466503620148,0.7402715682983398,0.03331016
10653,2.5112342834472656,0.6406605839729309,0.04211514
10654,5.800339579582214,0.7917606085538864,0.028839188
10655,4.5998814702034,0.7425302863121033,0.033113565
10656,3.66843581199646,0.6994516849517822,0.03686195
10657,2.763381600379944,0.653914749622345,0.04091014
10658,6.933913826942444,0.8315346986055374,0.02531071
10659,2.5755441188812256,0.6440625190734863,0.041804474
10660,4.128584563732147,0.7212441861629486,0.034959953
10661,1.8726080656051636,0.6061558425426483,0.04532832
10662,3.803494870662689,0.7059483230113983,0.0362932
10663,3.49139541387558,0.690813422203064,0.03762099
10664,4.872009754180908,0.754326805472374,0.0320922
10665,5.524876713752747,0.7811105698347092,0.029768445
10666,2.297564446926117,0.6292578876018524,0.04316401
10667,4.37947154045105,0.7327089011669159,0.033964593
10668,1.6600778698921204,0.594415009021759,0.046451114
10669,3.2657676935195923,0.6796079874038696,0.03861105
10670,2.953217029571533,0.6637396216392517,0.040025722
10671,3.0648764967918396,0.6694528758525848,0.039514475
10672,2.128946930170059,0.6201556622982025,0.044010133
10673,6.82287335395813,0.8279304206371307,0.02563636
10674,3.1929853558540344,0.6759502291679382,0.03893595
10675,3.4506213665008545,0.6888041794300079,0.03779801
10676,7.334028482437134,0.8440572619438171,0.024171224
10677,3.3457154035568237,0.6836029887199402,0.038257293
10678,4.025649428367615,0.7164542973041534,0.03537672
10679,1.6905304789543152,0.5961041748523712,0.04628854
10680,2.712704837322235,0.6512703001499176,0.04114952
10681,9.58100974559784,0.9007962718605995,0.01866163
10682,2.670133113861084,0.6490397453308105,0.0413517
10683,2.1195699274539948,0.6196466386318207,0.044057667
10684,4.922775030136108,0.7564861327409744,0.03190518
10685,4.991265833377838,0.7593798339366913,0.031654593
10686,2.6773661375045776,0.6494189500808716,0.041317273
10687,2.77517169713974,0.6545281410217285,0.04085464
10688,3.8452258706092834,0.7079347670078278,0.03611925
10689,6.825218200683594,0.8280045688152313,0.025629438
10690,4.466510713100433,0.7366157472133636,0.033625945
10691,3.370649516582489,0.6848434805870056,0.03814763
10692,1.6699515283107758,0.5949629247188568,0.046398338
10693,5.6843870878219604,0.7873236835002899,0.02922676
10694,5.899920463562012,0.7955163568258286,0.028510446
10695,2.875482738018036,0.659731388092041,0.040385537
10696,4.8092398047447205,0.7516380697488785,0.032324962
10697,1.6901001334190369,0.5960807800292969,0.046290837
10698,2.6754653453826904,0.6493189632892609,0.041326325
10699,2.950553596019745,0.6636030375957489,0.040037997
10700,2.8399890661239624,0.6578957736492157,0.04055091
10701,3.7616410851478577,0.7039439678192139,0.036468506
10702,6.179896593093872,0.8058046251535416,0.027606107
10703,0.4550270363688469,0.5261694192886353,0.05336403
10704,4.653045833110809,0.7448634505271912,0.0329115
10705,8.06204378604889,0.864871472120285,0.022227872
10706,3.9750269055366516,0.7140802443027496,0.0355835
10707,1.7642617225646973,0.6001850068569183,0.04589728
10708,2.8368693590164185,0.6577366590499878,0.040565476
10709,1.494792401790619,0.5852077603340149,0.047343504
10710,3.5758042335510254,0.6949509978294373,0.037257165
10711,3.1683430075645447,0.6747034788131714,0.03904657
10712,3.292638659477234,0.6809536814689636,0.03849179
10713,4.557184875011444,0.740649402141571,0.033276737
10714,5.815119743347168,0.7923160493373871,0.028790155
10715,3.4049391746520996,0.6865451633930206,0.037997328
10716,7.121877074241638,0.8375184237957001,0.02476887
10717,2.183503806591034,0.6231099665164948,0.043734573
10718,2.6224443316459656,0.6465344130992889,0.04157936
10719,2.852035164833069,0.6585198640823364,0.040494703
10720,3.1502360105514526,0.673788845539093,0.03912805
10721,5.634061694145203,0.7853789776563644,0.02939659
10722,5.439969301223755,0.7777491956949234,0.03006087
10723,2.8388461470603943,0.6578367054462433,0.04055624
10724,2.2218751907348633,0.6251826584339142,0.04354179
10725,7.8408074378967285,0.8588108718395233,0.022801304
10726,5.142598748207092,0.76568903028965,0.03110786
10727,4.690306484699249,0.7464856803417206,0.032770623
10728,0.5241195484995842,0.5301341414451599,0.052941233
10729,3.1931397318840027,0.6759585440158844,0.03893526
10730,3.200881779193878,0.6763411164283752,0.03890057
10731,2.850441038608551,0.6584373712539673,0.04050214
10732,4.744411408901215,0.7488412261009216,0.032567125
10733,5.175414085388184,0.7670420110225677,0.03099055
10734,3.9037132263183594,0.7107158005237579,0.03587685
10735,3.504655957221985,0.6914649903774261,0.037563603
10736,3.31143319606781,0.6818931698799133,0.038408585
10737,0.6428196281194687,0.536936342716217,0.05222266
10738,5.322468280792236,0.7730374783277512,0.030470293
10739,3.0352404713630676,0.6679416298866272,0.039649524
10740,0.3226200118660927,0.5185638070106506,0.054183744
10741,6.1048465967178345,0.8030864149332047,0.027845671
10742,2.387811094522476,0.6340919435024261,0.042717855
10743,1.3995479047298431,0.5798744857311249,0.0478655
10744,4.666116535663605,0.745432049036026,0.032862015
10745,8.00105094909668,0.8632215857505798,0.0223845
10746,6.867477893829346,0.8293867260217667,0.025505045
10747,4.9731650948524475,0.7586129754781723,0.031720627
10748,7.029104232788086,0.8345887064933777,0.02503484
10749,6.537072658538818,0.818351224064827,0.026493927
10750,2.4059903621673584,0.6350629925727844,0.042628545
10751,7.122410535812378,0.8375350683927536,0.024767347
10752,4.941155016422272,0.7572666853666306,0.031837743
10753,3.3390557765960693,0.6832711398601532,0.038286634
10754,2.670474350452423,0.6490582227706909,0.04135007
10755,4.091348350048065,0.7195178270339966,0.035110142
10756,4.587878882884979,0.7420016527175903,0.033159357
10757,3.877617120742798,0.7094820439815521,0.035984803
10758,3.4784719347953796,0.6901765167713165,0.03767701
10759,0.7797965407371521,0.5447680652141571,0.051405575
10760,5.454019904136658,0.7783081233501434,0.030012283
10761,1.8083614110946655,0.6026193499565125,0.045664836
10762,3.6514651775360107,0.6986277103424072,0.036934037
10763,1.5365692973136902,0.5875420272350311,0.04711634
10764,4.806283712387085,0.7515110075473785,0.032335967
10765,8.024187088012695,0.8638519048690796,0.022324957
10766,2.459231913089752,0.6378995180130005,0.042368047
10767,2.328079640865326,0.6308951675891876,0.04301263
10768,6.565463542938232,0.8193210661411285,0.026407477
10769,3.3314308524131775,0.6828818619251251,0.038320266
10770,4.778150320053101,0.7503004521131516,0.03244087
10771,7.761806845664978,0.8565864861011505,0.023009632
10772,4.99755859375,0.759634256362915,0.031631667
10773,4.2487964034080505,0.7267751097679138,0.03447944
10774,4.565000832080841,0.7409885823726654,0.033246808
10775,4.373034238815308,0.732418566942215,0.03398978
10776,4.2706045508384705,0.7277710139751434,0.03439298
10777,6.167871356010437,0.805370956659317,0.027644353
10778,3.0760523676872253,0.670022040605545,0.03946367
10779,6.151835322380066,0.804791048169136,0.02769544
10780,6.987560391426086,0.8332646787166595,0.025154866
10781,5.634057521820068,0.7853784561157227,0.029396603
10782,2.630525529384613,0.6469597220420837,0.041540693
10783,4.467679560184479,0.7366672158241272,0.03362142
10784,1.341930776834488,0.5766389667987823,0.048184067
10785,4.461311101913452,0.7363833785057068,0.033646077
10786,2.236296832561493,0.625960648059845,0.043469556
10787,2.3555269837379456,0.6323659121990204,0.042876925
10788,2.0734985172748566,0.6171433627605438,0.044291977
10789,3.2449954748153687,0.6785657107830048,0.0387035
10790,5.028177499771118,0.7609291970729828,0.031520355
10791,6.276534795761108,0.8092625141143799,0.02730067
10792,1.0669246315956116,0.5611109733581543,0.049734045
10793,5.243296027183533,0.7698214501142502,0.030749304
10794,2.529808282852173,0.6416446268558502,0.042025186
10795,3.5323649644851685,0.6928243041038513,0.03744396
10796,2.9327115416526794,0.6626848578453064,0.040120326
10797,7.808083891868591,0.8578903824090958,0.022887368
10798,5.898851156234741,0.7954768389463425,0.028513951
10799,3.349464535713196,0.6837892234325409,0.038240787
10800,2.6247036457061768,0.6466532647609711,0.041568547
10801,4.534095525741577,0.739624559879303,0.033365317
10802,2.4956347048282623,0.6398333013057709,0.04219085
10803,0.8914525806903839,0.5511365830898285,0.050748985
10804,3.2659927010536194,0.6796184480190277,0.03861005
10805,2.8006702661514282,0.6558551788330078,0.040734887
10806,4.5792242884635925,0.741620808839798,0.03319241
10807,3.9866209030151367,0.7146249711513519,0.035536036
10808,3.2290223240852356,0.677763432264328,0.038774744
10809,4.923046231269836,0.7564976960420609,0.031904187
10810,4.323574006557465,0.7301806211471558,0.034183875
10811,1.545608937740326,0.5880449414253235,0.047067326
10812,11.48788571357727,0.9337125346064568,0.01498324
10813,6.473032236099243,0.8161494135856628,0.026689986
10814,8.188209533691406,0.8682306110858917,0.021907337
10815,4.263112246990204,0.727429062128067,0.03442266
10816,6.8389129638671875,0.8284542560577393,0.025589062
10817,2.9260528087615967,0.6623420715332031,0.040151093
10818,6.82850182056427,0.8281215131282806,0.02561975
10819,5.094420909881592,0.7636919468641281,0.031280875
10820,7.443724870681763,0.847353145480156,0.023867877
10821,5.673123598098755,0.786891907453537,0.029264683
10822,1.9680501520633698,0.6114002168178558,0.044832967
10823,6.699765920639038,0.8238505423069,0.026002295
10824,4.193195402622223,0.7242249846458435,0.03470086
10825,8.188496232032776,0.8682402223348618,0.021906612
10826,4.558365046977997,0.7406953275203705,0.033272218
10827,5.330533385276794,0.7733632326126099,0.030442014
10828,3.373897671699524,0.6850043535232544,0.038133368
10829,1.632581502199173,0.5928877592086792,0.04659839
10830,4.172891974449158,0.7232904732227325,0.034782067
10831,3.9288079738616943,0.711902379989624,0.03577335
10832,5.165953636169434,0.7666531056165695,0.031024326
10833,2.2998040914535522,0.6293782293796539,0.04315288
10834,4.663332402706146,0.7453133165836334,0.03287255
10835,6.3523930311203,0.8119438588619232,0.027063278
10836,5.028585195541382,0.7609450072050095,0.031518877
10837,5.044425129890442,0.7616109997034073,0.031461447
10838,3.0407875776290894,0.6682247519493103,0.039624214
10839,3.2795217633247375,0.680297315120697,0.038549956
10840,5.25715172290802,0.7703883349895477,0.030700289
10841,4.513014853000641,0.7386881411075592,0.03344639
10842,3.6468899250030518,0.6984076797962189,0.036953494
10843,2.7550971508026123,0.6534830331802368,0.040949173
10844,6.69633150100708,0.8237392753362656,0.02601258
10845,4.927472770214081,0.7566855996847153,0.031887934
10846,1.9588209688663483,0.6108855605125427,0.044880632
10847,5.633327960968018,0.7853496372699738,0.02939907
10848,2.3188622295856476,0.630408376455307,0.043058302
10849,5.6043678522109985,0.7842238247394562,0.02949726
10850,2.8931009769439697,0.660643070936203,0.040303703
10851,4.710317552089691,0.7473616302013397,0.032695208
10852,1.9090262055397034,0.6081564426422119,0.04513866
10853,4.665292203426361,0.7454000115394592,0.032865133
10854,6.533523797988892,0.8182305842638016,0.026504757
10855,3.309171199798584,0.6817804574966431,0.038418595
10856,5.343542695045471,0.7738883048295975,0.03039645
10857,3.25907438993454,0.6792725622653961,0.038640816
10858,5.969001054763794,0.7980926483869553,0.028284594
10859,3.2995662093162537,0.6813002824783325,0.038461104
10860,2.5722187757492065,0.6438875794410706,0.04182049
10861,4.108710289001465,0.7203232645988464,0.035040032
10862,3.4546422958374023,0.689002275466919,0.037780512
10863,2.5359296798706055,0.6419690549373627,0.041995578
10864,3.967694938182831,0.7137397527694702,0.03561355
10865,2.870902419090271,0.6594964265823364,0.04040684
10866,5.977869033813477,0.7984208464622498,0.028255733
10867,8.045904040336609,0.8644378632307053,0.02226921
10868,6.100239157676697,0.802916020154953,0.027860444
10869,2.720210552215576,0.6516617834568024,0.041113973
10870,3.9675888419151306,0.7137227058410645,0.035613988
10871,2.189391553401947,0.6234283447265625,0.043704934
10872,4.232841432094574,0.7260450720787048,0.03454283
10873,3.722997009754181,0.7020860612392426,0.03663112
10874,4.796400368213654,0.7510900944471359,0.03237278
10875,7.083923816680908,0.8363248407840729,0.024877334
10876,4.9413540959358215,0.7572712004184723,0.031837016
10877,4.802754521369934,0.7513585239648819,0.03234911
10878,3.6078864336013794,0.6965141296386719,0.037119806
10879,2.836070954799652,0.6576946377754211,0.040569205
10880,4.610099196434021,0.7429798245429993,0.033074636
10881,5.610988736152649,0.7844799757003784,0.029474778
10882,5.437222123146057,0.7776406854391098,0.03007038
10883,5.292643308639526,0.7718304246664047,0.030575097
10884,1.9743350148200989,0.6117339134216309,0.044800546
10885,3.044675886631012,0.6684227585792542,0.039606474
10886,7.3259037733078,0.8438097387552261,0.02419384
10887,7.050681114196777,0.8352741450071335,0.024972728
10888,5.23065447807312,0.7693035006523132,0.030794078
10889,1.9743886590003967,0.6117365062236786,0.044800263
10890,2.9795923829078674,0.6650922298431396,0.039904367
10891,3.9126288890838623,0.7111333310604095,0.035840046
10892,2.971683442592621,0.6646879017353058,0.03994072
10893,1.1373504996299744,0.5650993883609772,0.04933243
10894,2.0433221757411957,0.6155134439468384,0.044446126
10895,3.995214104652405,0.7150283455848694,0.035500895
10896,2.0933493971824646,0.6182225048542023,0.044190865
10897,8.271395564079285,0.8704067319631577,0.021698523
10898,4.1226741671562195,0.7209707200527191,0.034983747
10899,5.084165930747986,0.7632652372121811,0.031317838
10900,3.1755974888801575,0.6750706732273102,0.03901397
10901,6.988987922668457,0.8333086222410202,0.025150731
10902,9.553461074829102,0.9002277478575706,0.01872091
10903,6.862423419952393,0.8292233049869537,0.02551989
10904,3.0952483415603638,0.6709986925125122,0.039376542
10905,5.215821266174316,0.7687000930309296,0.030846717
10906,3.358534872531891,0.684240311384201,0.03820087
10907,7.02182412147522,0.8343610465526581,0.025055831
10908,5.936250686645508,0.7968742251396179,0.028391445
10909,7.093042731285095,0.8366118669509888,0.024851227
10910,5.207892656326294,0.7683753669261932,0.030874884
10911,3.0613023042678833,0.6692715883255005,0.039530735
10912,4.446621239185333,0.7357310950756073,0.03370303
10913,1.5265098214149475,0.5869793593883514,0.04717094
10914,4.582524001598358,0.741769015789032,0.0331798
10915,4.53944057226181,0.7398598492145538,0.03334479
10916,4.899879992008209,0.7555135786533356,0.031989392
10917,6.108126640319824,0.8032048642635345,0.027835157
10918,2.624131739139557,0.6466231346130371,0.04157128
10919,2.6340270042419434,0.6471453011035919,0.041523945
10920,1.5404078364372253,0.5877560675144196,0.047095526
10921,3.809245526790619,0.7062229216098785,0.03626918
10922,5.549163818359375,0.7820648550987244,0.029685326
10923,5.171822905540466,0.7668944597244263,0.031003373
10924,4.0765345096588135,0.7188280820846558,0.035170075
10925,7.461254596710205,0.8478735685348511,0.023819756
10926,1.8209822475910187,0.6033148765563965,0.045598537
10927,9.706096649169922,0.903339073061943,0.018394805
10928,2.673923075199127,0.6492383182048798,0.041333664
10929,0.6283246725797653,0.5361062288284302,0.052309882
10930,4.180583655834198,0.7236450612545013,0.03475128
10931,4.815439581871033,0.7519045770168304,0.0323019
10932,4.456780850887299,0.7361809313297272,0.03366363
10933,4.384409487247467,0.732930600643158,0.033945292
10934,6.024858355522156,0.8001568466424942,0.028103283
10935,3.047516345977783,0.6685682535171509,0.03959353
10936,1.7280980944633484,0.598185271024704,0.04608877
10937,2.49692901968956,0.6399020552635193,0.042184565
10938,1.8074344098567963,0.6025683283805847,0.04566972
10939,4.4862401485443115,0.7374953627586365,0.03354965
10940,2.179766297340393,0.6229080855846405,0.04375339
10941,0.8812608569860458,0.5505556464195251,0.050808568
10942,3.9574313163757324,0.7132516205310822,0.035655662
10943,8.362347483634949,0.8727505952119827,0.0214725
10944,5.415259599685669,0.776760458946228,0.03014651
10945,1.5841478109359741,0.5901929438114166,0.046858955
10946,8.211432099342346,0.8688407242298126,0.021848839
10947,1.602196991443634,0.5911977589130402,0.046761688
10948,6.904451251029968,0.8305921107530594,0.025396712
10949,2.1914419531822205,0.623527318239212,0.043694615
10950,2.3063717782497406,0.6297304928302765,0.043120265
10951,1.292659193277359,0.573866993188858,0.04845817
10952,8.482436537742615,0.8757900074124336,0.021177672
10953,4.9459075927734375,0.7574655115604401,0.031820327
10954,4.070940613746643,0.7185694575309753,0.035192735
10955,3.1644678115844727,0.6745092868804932,0.039063994
10956,5.025487542152405,0.7608173340559006,0.03153012
10957,7.718069553375244,0.855343371629715,0.023125786
10958,2.9533958435058594,0.6637485325336456,0.0400249
10959,3.0622610449790955,0.669320285320282,0.03952637
10960,2.799862027168274,0.655815452337265,0.04073868
10961,6.889187693595886,0.8300948143005371,0.025441378
10962,4.804929196834564,0.751452773809433,0.032341007
10963,2.1181441843509674,0.6195690333843231,0.0440649
10964,5.83997368812561,0.7932623326778412,0.028707892
10965,5.008581876754761,0.7601090520620346,0.031591546
10966,3.4041020274162292,0.6865027546882629,0.038000993
10967,4.446079432964325,0.7357020378112793,0.033705134
10968,3.0668970942497253,0.6695560812950134,0.03950528
10969,6.618082523345947,0.8211075812578201,0.026247978
10970,3.8200724124908447,0.7067388892173767,0.036224
10971,3.696616291999817,0.7008142471313477,0.03674254
10972,3.79419207572937,0.7055034339427948,0.036332093
10973,6.748840808868408,0.8254875987768173,0.025855795
10974,1.921912431716919,0.608863115310669,0.045071747
10975,2.961764335632324,0.6641785502433777,0.039986353
10976,2.729712128639221,0.6521583795547485,0.041069027
10977,4.781468510627747,0.7504424750804901,0.032428484
10978,0.7068356871604919,0.540599137544632,0.0518392
10979,2.699243128299713,0.6505650877952576,0.041213337
10980,1.5625157952308655,0.5889877676963806,0.046975806
10981,3.3830028772354126,0.6854570508003235,0.038093407
10982,5.0041645765304565,0.7599204182624817,0.031607617
10983,7.727152109146118,0.8556036055088043,0.023101615
10984,5.825546383857727,0.7927200943231583,0.028755616
10985,1.1943874508142471,0.5683241486549377,0.049009543
10986,6.939735412597656,0.8317295014858246,0.025293753
10987,6.311100721359253,0.8104883134365082,0.027192237
10988,1.5431545674800873,0.5879084169864655,0.047080632
10989,2.6292240619659424,0.6468894779682159,0.04154692
10990,3.840615153312683,0.7077196836471558,0.03613843
10991,3.7903398275375366,0.7053196728229523,0.036348205
10992,4.069582521915436,0.7185012400150299,0.03519824
10993,1.3223707675933838,0.57554030418396,0.048292696
10994,3.728853166103363,0.7023681104183197,0.036606427
10995,2.7278131246566772,0.6520589292049408,0.041078012
10996,3.965212106704712,0.7136184573173523,0.03562373
10997,4.773538410663605,0.7501000761985779,0.0324581
10998,8.269907832145691,0.870366632938385,0.02170224
10999,3.0119669437408447,0.6667519211769104,0.039755903
11000,3.3547931909561157,0.6840543150901794,0.03821733
11001,6.512656211853027,0.817513719201088,0.026568512
11002,4.118615388870239,0.7207824885845184,0.035000097
11003,3.9870932698249817,0.7146461308002472,0.0355341
11004,4.383123517036438,0.7328736782073975,0.033950314
11005,2.726224660873413,0.6519760489463806,0.04108552
11006,2.1295487880706787,0.6201885342597961,0.04400708
11007,7.624194622039795,0.8526498377323151,0.02337708
11008,3.574809432029724,0.6949003636837006,0.03726143
11009,4.858611524105072,0.7537539154291153,0.032141745
11010,8.496004939079285,0.8761294484138489,0.021144615
11011,4.292037487030029,0.7287480533123016,0.034308217
11012,1.6169844567775726,0.5920116603374481,0.04668214
11013,5.365926027297974,0.7747884839773178,0.030318225
11014,4.586603343486786,0.741945892572403,0.033164226
11015,2.274540811777115,0.6280199289321899,0.043278575
11016,1.2122203409671783,0.5693313181400299,0.048909023
11017,3.4869110584259033,0.6905930936336517,0.037640423
11018,2.6852110028266907,0.6498302817344666,0.041279975
11019,2.2629527747631073,0.6273966133594513,0.04333636
11020,7.196359038352966,0.8398317247629166,0.024557384
11021,0.4418494179844856,0.5254127085208893,0.05344506
11022,3.0568668246269226,0.6690450608730316,0.03955093
11023,2.4212923645973206,0.635879248380661,0.04255351
11024,1.5415289998054504,0.5878179967403412,0.047089446
11025,2.8868818283081055,0.6603222787380219,0.040332574
11026,5.941108465194702,0.7970556020736694,0.028375572
11027,3.2336878776550293,0.6779981553554535,0.03875392
11028,4.375132620334625,0.7325112521648407,0.033981565
11029,3.3767062425613403,0.6851475238800049,0.038121033
11030,3.61007422208786,0.6966117322444916,0.037110455
11031,8.758941292762756,0.8825483918190002,0.020514123
11032,2.311094254255295,0.6299822330474854,0.043096825
11033,3.896157741546631,0.7103582322597504,0.035908073
11034,4.884603321552277,0.7548635303974152,0.03204571
11035,7.6596152782440186,0.8536702245473862,0.023281945
11036,2.811020016670227,0.6563903391361237,0.04068638
11037,6.406274437904358,0.8138286769390106,0.026895912
11038,3.064405620098114,0.6694294214248657,0.039516613
11039,4.944177567958832,0.7573899775743484,0.031826664
11040,4.656890034675598,0.7450318932533264,0.032896943
11041,4.993916153907776,0.7594895511865616,0.03164494
11042,6.129364967346191,0.8039769381284714,0.02776718
11043,2.3680853843688965,0.6330381333827972,0.04281498
11044,0.5086227506399155,0.5292453765869141,0.05303577
11045,3.28289657831192,0.6804660856723785,0.038534984
11046,4.348137378692627,0.7312934696674347,0.03408734
11047,1.3542088866233826,0.5773289501667023,0.04811601
11048,2.7216410636901855,0.6517368257045746,0.04110721
11049,3.199743926525116,0.6762887239456177,0.03890566
11050,3.142518103122711,0.673397034406662,0.039162833
11051,2.3492848873138428,0.632031261920929,0.042907752
11052,3.0981507897377014,0.6711450517177582,0.03936339
11053,2.78335303068161,0.6549574732780457,0.040816177
11054,4.226410686969757,0.7257536351680756,0.034568414
11055,4.014191627502441,0.7159179151058197,0.035423413
11056,4.661361575126648,0.7452279925346375,0.032880012
11057,5.993529558181763,0.7990007549524307,0.028204838
11058,10.912083387374878,0.9250178188085556,0.016010169
11059,0.48127274960279465,0.5276760160923004,0.053203028
11060,1.6821211576461792,0.595637321472168,0.046333376
11061,5.559022426605225,0.7824523746967316,0.029651653
11062,2.675539255142212,0.6493231356143951,0.041325975
11063,2.3729996383190155,0.6333007216453552,0.042790763
11064,6.209789514541626,0.8068790882825851,0.027511263
11065,7.060260772705078,0.8355782330036163,0.024945198
11066,2.9162663221359253,0.6618371307849884,0.04019636
11067,3.956787586212158,0.7132216393947601,0.0356583
11068,2.976761758327484,0.6649483442306519,0.03991737
11069,4.884503781795502,0.7548590153455734,0.032046076
11070,3.440565764904022,0.6883052289485931,0.037841797
11071,5.024920701980591,0.7607896775007248,0.031532187
11072,6.270331144332886,0.8090415149927139,0.027320175
11073,3.2585859298706055,0.6792478263378143,0.03864299
11074,4.902214705944061,0.7556128650903702,0.0319808
11075,5.731148719787598,0.789123609662056,0.029069837
11076,2.5233757495880127,0.6413002610206604,0.042056315
11077,3.2761844992637634,0.6801297664642334,0.038564775
11078,4.361255764961243,0.7318867444992065,0.0340359
11079,1.435704529285431,0.5819011926651001,0.047666665
11080,6.5339577198028564,0.8182442486286163,0.026503434
11081,3.3233273029327393,0.6824861466884613,0.038356032
11082,3.5037660598754883,0.6914220154285431,0.03756745
11083,4.3576496839523315,0.7317247986793518,0.034050032
11084,2.5950145721435547,0.6450897753238678,0.041710872
11085,3.9523789286613464,0.713014155626297,0.035676405
11086,6.196511387825012,0.8064022958278656,0.027553353
11087,4.991086423397064,0.7593731582164764,0.03165525
11088,3.161514699459076,0.6743605136871338,0.039077282
11089,4.296172857284546,0.7289327085018158,0.034291886
11090,6.978985071182251,0.8329903930425644,0.025179712
11091,7.362076044082642,0.8449044823646545,0.024093296
11092,2.964031398296356,0.6642943620681763,0.03997592
11093,6.594133973121643,0.8202966004610062,0.02632045
11094,2.843235731124878,0.6580641269683838,0.04053575
11095,4.477552175521851,0.737108439207077,0.033583224
11096,2.5474128127098083,0.6425763070583344,0.04194009
11097,2.7727943658828735,0.6544051468372345,0.040865827
11098,2.9520997405052185,0.6636820733547211,0.040030867
11099,5.265627503395081,0.7707323282957077,0.030670345
11100,3.6719542741775513,0.6996188759803772,0.036847014
11101,5.955483913421631,0.7975901067256927,0.028328642
11102,5.664029121398926,0.7865394502878189,0.02929534
11103,3.965097963809967,0.7136106789112091,0.035624206
11104,2.358425408601761,0.6325204372406006,0.04286262
11105,2.8018352389335632,0.6559158563613892,0.040729422
11106,4.234389364719391,0.7261126935482025,0.034536675
11107,3.093399405479431,0.6709039509296417,0.039384928
11108,4.405517578125,0.733881950378418,0.033862896
11109,4.136083722114563,0.7215911149978638,0.03492978
11110,8.079423904418945,0.8653337508440018,0.022183435
11111,4.533443748950958,0.7395946681499481,0.033367824
11112,1.7456084489822388,0.599153995513916,0.045995947
11113,2.3892003297805786,0.6341665983200073,0.042711027
11114,2.752031683921814,0.6533234417438507,0.040963624
11115,2.759157717227936,0.6536944806575775,0.040930036
11116,1.3947458565235138,0.5796050429344177,0.047891963
11117,4.313396215438843,0.7297185957431793,0.034223955
11118,4.1511377692222595,0.7222872078418732,0.03486929
11119,4.418496787548065,0.7344652116298676,0.03381234
11120,4.032788872718811,0.7167878746986389,0.03534765
11121,0.4279401898384094,0.5246138870716095,0.053530708
11122,4.5513030886650085,0.7403860092163086,0.033299282
11123,4.131850898265839,0.7213857173919678,0.03494681
11124,2.161601483821869,0.6219270527362823,0.043844983
11125,4.671002924442291,0.7456477582454681,0.032843534
11126,7.586269378662109,0.8515469580888748,0.023479374
11127,2.0114974677562714,0.613764077425003,0.044609275
11128,5.630687475204468,0.7852468192577362,0.02940801
11129,9.390074014663696,0.8967981860041618,0.019076394
11130,2.7423059940338135,0.6528169512748718,0.041009523
11131,3.0216291546821594,0.6672452390193939,0.039711703
11132,4.454602003097534,0.7360832989215851,0.033672076
11133,3.860046863555908,0.7086437940597534,0.036057666
11134,0.30010320246219635,0.5172685980796814,0.05432439
11135,2.647814154624939,0.6478685438632965,0.04145809
11136,2.798142731189728,0.6557214558124542,0.04074674
11137,1.8607161939144135,0.6055013835430145,0.045390423
11138,1.893530786037445,0.6073059737682343,0.04521926
11139,4.115033447742462,0.7206186652183533,0.035014536
11140,5.367433428764343,0.7748495042324066,0.030312963
11141,2.2930777072906494,0.6290166079998016,0.04318631
11142,4.411867558956146,0.7341675162315369,0.03383815
11143,2.4783068895339966,0.6389133334159851,0.04227511
11144,2.8460168838500977,0.6582078337669373,0.040522773
11145,6.919635534286499,0.8310805559158325,0.025352353
11146,4.454904198646545,0.7360969185829163,0.033670906
11147,1.726231873035431,0.5980818271636963,0.04609867
11148,3.069041073322296,0.6696654558181763,0.03949553
11149,6.072002053260803,0.8018870800733566,0.027951166
11150,8.361610770225525,0.8727317601442337,0.021474322
11151,5.577468276023865,0.7831746488809586,0.029588746
11152,4.276689887046814,0.7280486822128296,0.03436889
11153,6.882789134979248,0.8298863172531128,0.025460126
11154,3.0904877185821533,0.6707572638988495,0.03939813
11155,1.6239756345748901,0.5924088656902313,0.04664458
11156,4.039486348628998,0.7171021401882172,0.03532041
11157,2.0493198931217194,0.6158267557621002,0.044415448
11158,2.2885367274284363,0.6287724375724792,0.0432089
11159,2.2344082593917847,0.6258587837219238,0.04347901
11160,4.5502883195877075,0.7403410971164703,0.03330317
11161,2.0998257398605347,0.6185745894908905,0.044157933
11162,3.9786529541015625,0.714250922203064,0.035568647
11163,2.2334671020507812,0.62580806016922,0.043483716
11164,7.156065106391907,0.8385839462280273,0.024671571
11165,5.767577886581421,0.7905157804489136,0.028948171
11166,9.799128770828247,0.9051930978894234,0.018198835
11167,3.22356253862381,0.6774872541427612,0.038799126
11168,2.5829270482063293,0.6444519758224487,0.041768957
11169,3.3939939737319946,0.6860030591487885,0.03804524
11170,5.066070556640625,0.7625156491994858,0.031383146
11171,2.8276166319847107,0.6572543978691101,0.04060871
11172,3.196023106575012,0.6761023700237274,0.038922336
11173,2.8077635169029236,0.6562269032001495,0.04070163
11174,4.895666837692261,0.7553345710039139,0.03200491
11175,2.3443491756916046,0.6317673921585083,0.04293214
11176,5.444565415382385,0.7779320031404495,0.030044975
11177,4.666491746902466,0.7454394698143005,0.032860596
11178,4.312387406826019,0.7296729683876038,0.03422793
11179,2.712409198284149,0.6512535810470581,0.04115092
11180,4.517531096935272,0.7388878464698792,0.033429008
11181,4.279313683509827,0.7281680107116699,0.03435851
11182,4.199630916118622,0.72452113032341,0.03467516
11183,3.0038926005363464,0.6663385927677155,0.03979288
11184,9.95359182357788,0.9082036465406418,0.017878061
11185,2.5953397154808044,0.6451068818569183,0.041709308
11186,4.720325469970703,0.7477959096431732,0.032657564
11187,4.007158577442169,0.715587317943573,0.035452113
11188,9.39933955669403,0.8969943821430206,0.019056056
11189,1.1300963908433914,0.5646890699863434,0.049373638
11190,4.259055852890015,0.7272324860095978,0.03443874
11191,3.4369325637817383,0.6881283819675446,0.037857622
11192,5.891090035438538,0.7951852232217789,0.028539447
11193,2.9469192028045654,0.6634157598018646,0.04005475
11194,4.313835501670837,0.729738712310791,0.034222223
11195,2.417769581079483,0.6356915235519409,0.042570774
11196,2.2845254838466644,0.6285569667816162,0.043228853
11197,6.0572874546051025,0.8013473153114319,0.02799856
11198,2.3695221543312073,0.633114218711853,0.0428079
11199,2.943912446498871,0.6632610261440277,0.040068623
11200,5.740137100219727,0.7894676774740219,0.029039772
11201,4.69930112361908,0.7468814849853516,0.032736707
11202,5.887191295623779,0.7950440943241119,0.028552258
11203,2.987912893295288,0.6655198335647583,0.039866164
11204,7.712588906288147,0.8551862090826035,0.023140384
11205,3.907831609249115,0.7109104990959167,0.035859846
11206,4.656269550323486,0.7450046837329865,0.03289929
11207,5.989095568656921,0.7988349348306656,0.028219244
11208,4.191163182258606,0.7241319119930267,0.03470898
11209,6.08031153678894,0.8021910637617111,0.027924439
11210,7.173852920532227,0.839143916964531,0.024621092
11211,2.724648416042328,0.6518930494785309,0.04109297
11212,4.347764551639557,0.7312743067741394,0.034088813
11213,3.9851033687591553,0.7145534157752991,0.035542242
11214,6.175829768180847,0.8056575655937195,0.027619036
11215,3.5506755113601685,0.6937201619148254,0.037365105
11216,4.066450297832489,0.7183556258678436,0.03521093
11217,1.4570973813533783,0.5831001996994019,0.04754941
11218,3.0275359749794006,0.6675480902194977,0.039684713
11219,5.68097710609436,0.7871916890144348,0.029238235
11220,4.74168598651886,0.7487226724624634,0.032577347
11221,2.6413697004318237,0.6475295424461365,0.041488864
11222,6.428226828575134,0.8145959079265594,0.02682802
11223,7.603466510772705,0.8520486950874329,0.023432937
11224,4.340178668498993,0.7309332489967346,0.034118593
11225,1.5744687616825104,0.5896537899971008,0.04691121
11226,2.8136932849884033,0.656531572341919,0.040673856
11227,3.2345476746559143,0.6780405342578888,0.038750082
11228,4.555038809776306,0.7405507266521454,0.033284962
11229,2.705487906932831,0.6508917212486267,0.041183725
11230,3.737225830554962,0.7027682960033417,0.036571164
11231,2.7919405698776245,0.6554015278816223,0.040775843
11232,4.248209297657013,0.7267481982707977,0.03448177
11233,5.632128715515137,0.78530353307724,0.029403137
11234,4.3482643365859985,0.7312993705272675,0.034086842
11235,7.9985105991363525,0.8631525486707687,0.022391053
11236,4.669714570045471,0.7455923557281494,0.032848407
11237,2.2450150549411774,0.6264310777187347,0.04342594
11238,4.559181332588196,0.7407366037368774,0.033269092
11239,3.1966134905815125,0.6761308014392853,0.038919695
11240,3.434021472930908,0.6879812777042389,0.037870318
11241,2.982434928417206,0.6652393639087677,0.03989131
11242,6.89544677734375,0.8302958607673645,0.025423054
11243,4.739482998847961,0.7486272156238556,0.032585613
11244,5.9745025634765625,0.7982963770627975,0.028266689
11245,2.905968129634857,0.6613041460514069,0.040244043
11246,6.9807082414627075,0.8330453485250473,0.02517472
11247,3.142452836036682,0.673395961523056,0.039163128
11248,1.7811992764472961,0.6011202931404114,0.045807872
11249,4.577237963676453,0.7415324747562408,0.0332
11250,4.276042282581329,0.7280186116695404,0.034371454
11251,5.1384663581848145,0.76551453769207,0.031122662
11252,7.8295087814331055,0.858493447303772,0.022830978
11253,2.165974974632263,0.6221616566181183,0.043822914
11254,3.3322343230247498,0.6829314529895782,0.038316716
11255,5.132855176925659,0.7652863562107086,0.031142771
11256,1.2134776264429092,0.5694195926189423,0.04890194
11257,1.5983028709888458,0.5909810960292816,0.046782658
11258,6.380518674850464,0.8129306137561798,0.026975784
11259,7.5063711404800415,0.8492003679275513,0.023696352
11260,3.793846070766449,0.7054865062236786,0.036333542
11261,1.4451849460601807,0.582432210445404,0.047614675
11262,3.862227201461792,0.7087489068508148,0.036048617
11263,4.466597735881805,0.7366195321083069,0.033625606
11264,4.029718637466431,0.716644674539566,0.03536015
11265,2.4871213734149933,0.6393841505050659,0.042232227
11266,8.07177186012268,0.8651329874992371,0.02220299
11267,2.279869019985199,0.6283069849014282,0.043252036
11268,4.310655295848846,0.7295902967453003,0.03423476
11269,3.214079737663269,0.6770104467868805,0.038841505
11270,7.427902817726135,0.8468786925077438,0.023911392
11271,3.083447813987732,0.6703990399837494,0.039430074
11272,5.409959554672241,0.7765525430440903,0.030164907
11273,3.910159170627594,0.7110206484794617,0.035850238
11274,3.413243591785431,0.6869581639766693,0.03796101
11275,6.11213743686676,0.8033510893583298,0.027822306
11276,3.042641282081604,0.6683204472064972,0.03961576
11277,2.726006805896759,0.6519645154476166,0.041086555
11278,2.0436598360538483,0.6155185401439667,0.044444405
11279,3.88398140668869,0.7097799181938171,0.035958443
11280,6.999272704124451,0.8336378484964371,0.02512097
11281,6.195922493934631,0.8063806146383286,0.027555218
11282,3.9088550209999084,0.7109592258930206,0.035855625
11283,3.6657142639160156,0.6993194818496704,0.036873493
11284,2.567915916442871,0.6436596512794495,0.041841213
11285,5.1795125007629395,0.7672109007835388,0.03097593
11286,8.934447169303894,0.8866764008998871,0.020103777
11287,4.724587500095367,0.7479816377162933,0.032641545
11288,4.554326832294464,0.740518718957901,0.033287693
11289,6.780394911766052,0.8265327513217926,0.02576204
11290,2.5595083832740784,0.6432156562805176,0.04188173
11291,3.4103134274482727,0.6868124306201935,0.03797382
11292,7.929444909095764,0.8612630665302277,0.022569805
11293,3.8717418909072876,0.7091999650001526,0.03600915
11294,4.137409031391144,0.7216516137123108,0.034924448
11295,3.8499948382377625,0.7081638276576996,0.036099423
11296,6.0596877336502075,0.8014365881681442,0.02799082
11297,4.01176780462265,0.7158030569553375,0.035433304
11298,1.9959016144275665,0.6129133403301239,0.04468944
11299,4.692668318748474,0.7465936243534088,0.03276171
11300,6.925356984138489,0.8312678337097168,0.025335656
11301,3.16772997379303,0.6746730208396912,0.039049327
11302,5.256733298301697,0.7703710496425629,0.030701766
11303,7.465198636054993,0.8479899168014526,0.023808941
11304,3.2059767842292786,0.676602840423584,0.03887776
11305,3.12865674495697,0.672694981098175,0.039225377
11306,3.3037951588630676,0.6815120279788971,0.03844238
11307,5.14629065990448,0.7658410519361496,0.031094637
11308,5.138553977012634,0.7655208110809326,0.031122345
11309,9.667827486991882,0.9025688618421555,0.01847603
11310,2.7180665731430054,0.6515497267246246,0.041124124
11311,2.4354253709316254,0.6366322934627533,0.042484332
11312,2.1370506286621094,0.6205949187278748,0.04396909
11313,4.146369695663452,0.7220668494701385,0.03488844
11314,7.203947305679321,0.8400696218013763,0.024535935
11315,5.694023370742798,0.7876967787742615,0.029194353
11316,3.137042224407196,0.6731201708316803,0.039187532
11317,4.219366610050201,0.7254273891448975,0.03459646
11318,4.722796380519867,0.7479038238525391,0.032648273
11319,4.438300728797913,0.7353535294532776,0.03373533
11320,2.510213851928711,0.6406062841415405,0.042120095
11321,4.432964622974396,0.7351143658161163,0.033756062
11322,4.192642867565155,0.7242000102996826,0.034703072
11323,3.5107338428497314,0.6917634606361389,0.037537325
11324,3.419058620929718,0.6872437000274658,0.03793561
11325,5.270074009895325,0.7709126025438309,0.030654648
11326,2.931436002254486,0.6626192927360535,0.040126216
11327,4.557378590106964,0.7406544089317322,0.033276
11328,4.229418039321899,0.7258878350257874,0.03455645
11329,1.7617116868495941,0.6000440716743469,0.045910753
11330,4.156138300895691,0.72251757979393,0.034849223
11331,6.917217969894409,0.8310027867555618,0.025359407
11332,4.024221301078796,0.7163877785205841,0.035382535
11333,4.652746915817261,0.7448506355285645,0.032912634
11334,3.7326517701148987,0.702549934387207,0.036590423
11335,9.22992467880249,0.8933344855904579,0.019431386
11336,2.9374226927757263,0.6629267930984497,0.040098567
11337,3.688080906867981,0.7004022300243378,0.03677867
11338,5.3151363134384155,0.7727410942316055,0.030496024
11339,5.388288497924805,0.7756839394569397,0.030240266
11340,7.355090975761414,0.844693586230278,0.024112685
11341,2.131391167640686,0.62028768658638,0.04399775
11342,3.654080033302307,0.69875568151474,0.03692292
11343,5.14335036277771,0.7657183259725571,0.031105159
11344,1.9890132546424866,0.6125364303588867,0.044724897
11345,3.7156942486763,0.7017329931259155,0.036661923
11346,4.457271993160248,0.7362031042575836,0.033661727
11347,1.443926841020584,0.5823622941970825,0.047621567
11348,4.626282453536987,0.743691474199295,0.03301307
11349,2.182215303182602,0.6230400502681732,0.04374105
11350,5.220531225204468,0.7688925415277481,0.030829996
11351,9.760765433311462,0.9044337868690491,0.018279394
11352,3.3758544921875,0.6851024925708771,0.038124774
11353,1.0811994969844818,0.5619187951087952,0.049652383
11354,2.925361394882202,0.6623065769672394,0.040154293
11355,2.0787273347377777,0.6174277365207672,0.044265326
11356,5.310903191566467,0.7725698202848434,0.03051089
11357,4.015725553035736,0.7159867286682129,0.035417162
11358,5.133487582206726,0.7653136998414993,0.031140503
11359,4.4521164894104,0.7359720766544342,0.033681717
11360,5.249749422073364,0.7700875848531723,0.03072646
11361,5.1645249128341675,0.7665931135416031,0.031029427
11362,2.6748520135879517,0.6492867171764374,0.041329242
11363,7.383851408958435,0.8455599397420883,0.024032969
11364,2.3810142278671265,0.6337285041809082,0.042751305
11365,2.0224860310554504,0.6143642365932465,0.04455287
11366,5.215299129486084,0.7686788886785507,0.030848576
11367,1.397889405488968,0.5797815322875977,0.04787464
11368,3.1444478034973145,0.6734924912452698,0.03915413
11369,5.2219557762146,0.7689512968063354,0.030824939
11370,2.252231389284134,0.6268180906772614,0.043389883
11371,4.517453610897064,0.7388851046562195,0.033429306
11372,6.437886953353882,0.8149315714836121,0.026798202
11373,1.1865762621164322,0.5678833723068237,0.049053635
11374,1.1928685009479523,0.5682386457920074,0.049018107
11375,5.967546105384827,0.7980397045612335,0.028289333
11376,5.552394986152649,0.7821862399578094,0.029674286
11377,3.7143474817276,0.7016701400279999,0.03666761
11378,5.363271236419678,0.7746825367212296,0.030327491
11379,3.620161712169647,0.6971103549003601,0.037067384
11380,2.5608253479003906,0.6432850360870361,0.04187538
11381,3.4230998158454895,0.6874452233314514,0.037917975
11382,3.4032833576202393,0.6864623725414276,0.038004573
11383,2.2433695197105408,0.6263419091701508,0.043434177
11384,2.9912060499191284,0.6656968891620636,0.039851043
11385,2.3282189667224884,0.630902886390686,0.04301194
11386,3.8870909810066223,0.7099282145500183,0.035945576
11387,4.974023997783661,0.7586536109447479,0.031717483
11388,5.810091495513916,0.7921310365200043,0.028806826
11389,4.232563376426697,0.726018488407135,0.03454394
11390,4.0232062339782715,0.7163401544094086,0.035386674
11391,6.186822056770325,0.8060535788536072,0.027584108
11392,4.642194509506226,0.7443895041942596,0.032952648
11393,5.079870223999023,0.763088047504425,0.031333327
11394,6.665356159210205,0.8227010518312454,0.02610551
11395,1.47976353764534,0.5843674838542938,0.04742549
11396,7.347788214683533,0.844473272562027,0.024132961
11397,4.340804219245911,0.7309616804122925,0.034116127
11398,4.255538582801819,0.7270830869674683,0.03445269
11399,6.614573001861572,0.820986732840538,0.026258592
11400,3.687925338745117,0.7003942430019379,0.036779325
11401,3.7498733401298523,0.7033788561820984,0.036517948
11402,3.5208675265312195,0.6922600865364075,0.037493557
11403,1.8471325933933258,0.604754626750946,0.04546146
11404,0.6664686650037766,0.5382913947105408,0.052080665
11405,5.650759935379028,0.7860160917043686,0.029340131
11406,2.4407587945461273,0.6369163990020752,0.04245825
11407,1.824062168598175,0.6034862101078033,0.045582373
11408,3.7211042642593384,0.701993465423584,0.0366391
11409,5.036402344703674,0.7612736821174622,0.031490527
11410,4.442735314369202,0.735552191734314,0.03371811
11411,4.30669367313385,0.7294142544269562,0.03425038
11412,2.5351470708847046,0.6419270634651184,0.04199936
11413,2.0734503865242004,0.6171385645866394,0.044292226
11414,3.936280906200409,0.7122543454170227,0.03574258
11415,3.2505828142166138,0.6788526475429535,0.03867861
11416,3.5471445322036743,0.6935482621192932,0.037380297
11417,3.186882734298706,0.6756399869918823,0.038963314
11418,4.095025360584259,0.7196879684925079,0.035095282
11419,1.5622392296791077,0.5889723598957062,0.046977296
11420,3.352367579936981,0.6839341819286346,0.038228005
11421,5.419642329216003,0.776939645409584,0.030131303
11422,4.374454319477081,0.7325009405612946,0.033984218
11423,7.314733266830444,0.8434705585241318,0.02422497
11424,6.44950270652771,0.8153345733880997,0.026762387
11425,2.648477256298065,0.6479029357433319,0.04145493
11426,4.363730847835541,0.7319971919059753,0.0340262
11427,2.3331691324710846,0.6311683058738708,0.042987436
11428,5.044657588005066,0.7616187483072281,0.03146061
11429,3.41646671295166,0.68711256980896,0.037946936
11430,3.838450014591217,0.7076143324375153,0.036147438
11431,4.0174368023872375,0.7160700857639313,0.03541018
11432,4.538261294364929,0.7398081123828888,0.033349317
11433,5.826046466827393,0.7927355766296387,0.028753966
11434,4.870676398277283,0.7542709410190582,0.032097127
11435,1.7058958113193512,0.5969570279121399,0.046206728
11436,3.9911922812461853,0.7148394584655762,0.03551734
11437,5.986328721046448,0.7987330853939056,0.028228229
11438,2.770853340625763,0.6543039977550507,0.040874965
11439,3.7540411949157715,0.7035955488681793,0.036500428
11440,3.757382035255432,0.7037388980388641,0.036486395
11441,1.9328151643276215,0.6094609797000885,0.045015205
11442,4.833191335201263,0.7526648342609406,0.032235947
11443,2.855771481990814,0.6587102115154266,0.040477294
11444,5.395097732543945,0.7759569138288498,0.030216571
11445,2.250450700521469,0.6267232596874237,0.04339878
11446,4.404831230640411,0.7338507175445557,0.033865575
11447,5.38631796836853,0.7756071239709854,0.030247126
11448,5.216017961502075,0.768708199262619,0.030846022
11449,3.7497124075889587,0.7033712565898895,0.036518622
11450,5.426966547966003,0.7772319316864014,0.030105907
11451,5.734572410583496,0.7892482429742813,0.029058378
11452,4.2017218470573425,0.7246161699295044,0.03466681
11453,3.446227014064789,0.6885865032672882,0.037817143
11454,3.0252569913864136,0.6674299538135529,0.039695118
11455,3.682689368724823,0.7001412212848663,0.0368015
11456,3.4742197394371033,0.6899669766426086,0.03769546
11457,7.236707806587219,0.8410837054252625,0.02444357
11458,2.304532378911972,0.6296311318874359,0.043129396
11459,1.5006685256958008,0.5855389833450317,0.047311485
11460,4.5310041308403015,0.7394858002662659,0.03337719
11461,3.0998364090919495,0.6712322235107422,0.03935575
11462,3.436811864376068,0.6881236433982849,0.03785815
11463,4.421745836734772,0.7346103191375732,0.03379969
11464,5.268768668174744,0.770860344171524,0.030659249
11465,6.376649737358093,0.8127930611371994,0.026987804
11466,3.8055288791656494,0.7060454487800598,0.036284707
11467,3.4185558557510376,0.687218576669693,0.03793781
11468,4.52052503824234,0.7390215992927551,0.033417482
11469,2.781449854373932,0.654855877161026,0.040825117
11470,6.980674862861633,0.8330402374267578,0.025174817
11471,4.401438236236572,0.7336984574794769,0.033878807
11472,3.599431812763214,0.6961014270782471,0.037155952
11473,3.183622658252716,0.6754727065563202,0.038977943
11474,6.798927187919617,0.82713882625103,0.025707133
11475,8.929588198661804,0.8865638822317123,0.020115027
11476,4.372536540031433,0.7323960363864899,0.03399172
11477,3.6603453755378723,0.6990596055984497,0.036896296
11478,3.295258581638336,0.6810860931873322,0.03848018
11479,5.06061851978302,0.7622854113578796,0.031402852
11480,3.546663224697113,0.6935236752033234,0.03738237
11481,2.8965070843696594,0.6608166098594666,0.040287904
11482,2.01487272977829,0.6139489114284515,0.04459194
11483,10.378890037536621,0.9160475581884384,0.01702376
11484,1.7351622879505157,0.5985764265060425,0.0460513
11485,7.42573618888855,0.84681536257267,0.02391736
11486,11.010034084320068,0.9265559911727905,0.015830636
11487,3.856874704360962,0.7084933221340179,0.036070842
11488,4.146812856197357,0.7220874428749084,0.03488666
11489,5.245857238769531,0.7699268907308578,0.03074023
11490,4.414666593074799,0.7342928647994995,0.03382725
11491,6.9325292110443115,0.8314984291791916,0.025314745
11492,4.393104314804077,0.7333232760429382,0.03391133
11493,0.8080197870731354,0.5463784039020538,0.051238813
11494,2.61708527803421,0.6462523639202118,0.041605014
11495,4.294721186161041,0.728869765996933,0.034297615
11496,1.8996673822402954,0.60764279961586,0.045187328
11497,2.9108774662017822,0.66156005859375,0.040221304
11498,4.123194217681885,0.7209945023059845,0.03498165
11499,6.6364264488220215,0.8217280060052872,0.026192604
11500,1.2965692579746246,0.5740884244441986,0.048436366
11501,2.397509217262268,0.6346117258071899,0.04267019
11502,5.5494225025177,0.7820743471384048,0.029684443
11503,3.9446300268173218,0.7126468122005463,0.03570824
11504,5.202715992927551,0.7681633681058884,0.030893296
11505,7.430112361907959,0.8469460606575012,0.023905313
11506,4.523002803325653,0.7391316592693329,0.03340795
11507,3.703581988811493,0.7011497318744659,0.03671309
11508,3.0925023555755615,0.6708590984344482,0.039388996
11509,6.688628196716309,0.823481410741806,0.026035663
11510,1.8403953313827515,0.6043840944766998,0.045496743
11511,2.095414847135544,0.6183347404003143,0.04418036
11512,5.201618075370789,0.7681180983781815,0.030897196
11513,4.015413820743561,0.7159719169139862,0.035418432
11514,2.111313045024872,0.6191984713077545,0.044099573
11515,1.2396831065416336,0.5708812773227692,0.048754625
11516,5.885250568389893,0.7949668020009995,0.02855864
11517,3.3467644453048706,0.6836552619934082,0.038252674
11518,2.1470944583415985,0.6211392283439636,0.043918278
11519,4.034162759780884,0.7168520987033844,0.03534206
11520,1.6977278888225555,0.5965036451816559,0.0462502
11521,4.2565542459487915,0.72712641954422,0.034448653
11522,7.046087980270386,0.8351285755634308,0.024985936
11523,3.5872992873191833,0.6955111026763916,0.037207894
11524,5.105313658714294,0.7641444802284241,0.031241674
11525,6.890856027603149,0.8301481902599335,0.025436493
11526,3.5297054052352905,0.6926938891410828,0.03745543
11527,6.688963174819946,0.8234926164150238,0.026034657
11528,6.898773908615112,0.8304053395986557,0.025413316
11529,3.987322449684143,0.7146579623222351,0.035533164
11530,2.7714714407920837,0.6543363928794861,0.040872052
11531,3.015349507331848,0.6669249534606934,0.03974043
11532,2.0000891387462616,0.6131417453289032,0.044667903
11533,7.203288674354553,0.8400523811578751,0.024537796
11534,3.1568562984466553,0.6741229593753815,0.03909824
11535,4.071858525276184,0.7186129987239838,0.035189014
11536,2.54526287317276,0.6424619555473328,0.041950475
11537,1.6277560591697693,0.5926192104816437,0.046624284
11538,4.136100113391876,0.7215916216373444,0.03492971
11539,5.186965465545654,0.7675166130065918,0.030949367
11540,5.883089900016785,0.7948863208293915,0.028565742
11541,4.637579321861267,0.744186133146286,0.03297016
11542,4.5591020584106445,0.740729957818985,0.033269398
11543,2.8048083186149597,0.656070202589035,0.040715486
11544,1.0928046703338623,0.5625766515731812,0.049586076
11545,1.7678646743297577,0.6003840267658234,0.045878243
11546,4.61588591337204,0.7432339191436768,0.033052605
11547,9.579426646232605,0.9007638022303581,0.018665027
11548,5.381372570991516,0.7754084467887878,0.030264353
11549,2.4179521203041077,0.6357010900974274,0.04256988
11550,2.7720031142234802,0.6543639898300171,0.04086955
11551,3.586069643497467,0.6954497694969177,0.03721316
11552,3.1930741667747498,0.6759524643421173,0.038935546
11553,2.953638434410095,0.6637610793113708,0.04002378
11554,4.794578850269318,0.7510069906711578,0.032379568
11555,7.067941427230835,0.8358209133148193,0.024923151
11556,6.834326982498169,0.82830411195755,0.025602575
11557,4.404239356517792,0.7338243424892426,0.033867884
11558,3.3655184507369995,0.6845905184745789,0.03817017
11559,4.08457338809967,0.7192021608352661,0.035137534
11560,4.538731873035431,0.7398344278335571,0.03334751
11561,3.583378493785858,0.6953136324882507,0.03722469
11562,9.70778226852417,0.9033747017383575,0.018391235
11563,4.124859571456909,0.7210717797279358,0.034974944
11564,3.3489319682121277,0.6837631464004517,0.03824313
11565,2.329009920358658,0.6309453248977661,0.043008022
11566,6.7525529861450195,0.8256108909845352,0.02584475
11567,4.289612174034119,0.7286374270915985,0.034317803
11568,5.082348585128784,0.7631888687610626,0.03132439
11569,2.9699158668518066,0.6645971834659576,0.039948847
11570,2.2332878410816193,0.6257980167865753,0.043484617
11571,4.196614027023315,0.7243824303150177,0.03468721
11572,1.769765317440033,0.6004930734634399,0.045868207
11573,5.635385513305664,0.7854287922382355,0.029392108
11574,4.617084264755249,0.7432775795459747,0.033048045
11575,2.4698375165462494,0.6384632289409637,0.04231634
11576,3.6185455322265625,0.6970304548740387,0.037074283
11577,2.1446292102336884,0.6210054755210876,0.043930743
11578,2.2533313930034637,0.626878559589386,0.043384388
11579,3.0090340971946716,0.6666011810302734,0.039769333
11580,2.57468581199646,0.6440172493457794,0.04180861
11581,3.7929221987724304,0.7054427862167358,0.03633741
11582,3.143802583217621,0.6734631061553955,0.03915704
11583,1.9476406276226044,0.6102733314037323,0.04493844
11584,5.148443579673767,0.7659300267696381,0.031086935
11585,5.473182797431946,0.779076099395752,0.029946143
11586,2.5500351190567017,0.6427176296710968,0.041927427
11587,4.161812961101532,0.7227799892425537,0.03482647
11588,3.715735375881195,0.701736718416214,0.03666175
11589,4.927786886692047,0.7566982954740524,0.031886782
11590,2.7832183241844177,0.6549470722675323,0.040816814
11591,1.735081523656845,0.5985805988311768,0.046051726
11592,3.651651442050934,0.6986385881900787,0.036933247
11593,4.547926485538483,0.7402360141277313,0.03331223
11594,2.898740768432617,0.6609338521957397,0.040277544
11595,4.948102831840515,0.7575599253177643,0.031812288
11596,3.55995774269104,0.6941749751567841,0.037325196
11597,6.453290581703186,0.8154699206352234,0.026750717
11598,7.045671343803406,0.8351161330938339,0.024987133
11599,2.1093975007534027,0.6190944910049438,0.0441093
11600,1.3238096237182617,0.5756206512451172,0.048284706
11601,4.0843117237091064,0.7192219495773315,0.035138596
11602,2.2165659070014954,0.6248960494995117,0.043568414
11603,5.433753728866577,0.7775019258260727,0.03008239
11604,7.557610869407654,0.8507129848003387,0.02355697
11605,4.7180598974227905,0.747698187828064,0.03266608
11606,1.6003938019275665,0.591097503900528,0.0467714
11607,6.029748916625977,0.8003360033035278,0.028087467
11608,3.3974984288215637,0.6861754953861237,0.03802989
11609,2.8612712025642395,0.6589975357055664,0.04045167
11610,4.998021423816681,0.7596638351678848,0.031629983
11611,2.1698904037475586,0.6223739385604858,0.043803163
11612,4.11524623632431,0.7206262946128845,0.03501368
11613,2.2148357331752777,0.6248060166835785,0.043577086
11614,4.154081046581268,0.7224228084087372,0.034857478
11615,6.123671531677246,0.8037697970867157,0.027785389
11616,4.7177013754844666,0.7476826310157776,0.032667425
11617,4.580134153366089,0.7416601479053497,0.03318893
11618,2.2436128556728363,0.6263555884361267,0.043432955
11619,2.754819393157959,0.6534684896469116,0.040950485
11620,6.534339785575867,0.8182607889175415,0.026502267
11621,4.807505309581757,0.7515635937452316,0.03233142
11622,2.4933627247810364,0.6397108435630798,0.042201884
11623,3.9992541074752808,0.7152180075645447,0.03548439
11624,3.4233811497688293,0.6874565184116364,0.03791674
11625,5.054105520248413,0.7620189934968948,0.031426407
11626,5.8190882205963135,0.7924714386463165,0.028777007
11627,6.559416055679321,0.8191147893667221,0.026425863
11628,5.97500741481781,0.7983134686946869,0.028265044
11629,2.0563805103302,0.616211861371994,0.044379357
11630,2.043697237968445,0.615520566701889,0.0444442
11631,2.4613572657108307,0.6380126774311066,0.04235768
11632,6.777694821357727,0.826443612575531,0.025770053
11633,3.7262922525405884,0.7022440731525421,0.036617223
11634,4.4604045152664185,0.7363425493240356,0.03364959
11635,3.427065908908844,0.687641054391861,0.037900656
11636,1.3704302906990051,0.5782407224178314,0.048026226
11637,4.24582839012146,0.7266402244567871,0.034491226
11638,8.482587933540344,0.875796265900135,0.021177301
11639,6.393796801567078,0.8133968561887741,0.026934577
11640,4.224903881549835,0.7256829738616943,0.034574416
11641,3.948337733745575,0.7128234803676605,0.035693005
11642,5.259862542152405,0.7704984396696091,0.030690707
11643,1.9210638105869293,0.6088161766529083,0.045076154
11644,4.4549307227134705,0.736097902059555,0.0336708
11645,5.605251789093018,0.7842562645673752,0.029494256
11646,7.3733556270599365,0.8452439904212952,0.02406203
11647,2.1465013921260834,0.6211071312427521,0.043921273
11648,1.7184874415397644,0.5976530313491821,0.046139795
11649,4.863734543323517,0.753976047039032,0.03212279
11650,5.1018983125686646,0.7640048414468765,0.031253964
11651,3.0631476640701294,0.6693652272224426,0.03952234
11652,1.7342206835746765,0.5985240340232849,0.04605629
11653,7.181073427200317,0.8393648862838745,0.02460064
11654,4.260646104812622,0.7273137271404266,0.034432434
11655,2.2044160962104797,0.6242411434650421,0.043629397
11656,4.038592875003815,0.7170605659484863,0.03532404
11657,4.008814692497253,0.7156699299812317,0.03544536
11658,2.1188685297966003,0.6196102797985077,0.044061225
11659,2.6295849680900574,0.6469103097915649,0.041545194
11660,2.705986499786377,0.6509149074554443,0.04118136
11661,4.861183166503906,0.7538641691207886,0.03213223
11662,7.226229310035706,0.8407612442970276,0.024473073
11663,5.601341128349304,0.7841059863567352,0.029507536
11664,2.9476433992385864,0.6634552180767059,0.04005141
11665,2.50793993473053,0.6404841542243958,0.042131122
11666,3.1583482027053833,0.6741986572742462,0.039091524
11667,2.7342641353607178,0.6523956060409546,0.04104751
11668,2.5728952884674072,0.6439273059368134,0.041817237
11669,6.176331043243408,0.8056731969118118,0.027617443
11670,5.323433876037598,0.7730740159749985,0.030466903
11671,5.527316927909851,0.7812101542949677,0.029760085
11672,6.237305998802185,0.8078645467758179,0.02742425
11673,5.104779005050659,0.7641201168298721,0.0312436
11674,4.291451871395111,0.7287208735942841,0.034310527
11675,3.4378695487976074,0.6881747245788574,0.037853543
11676,4.928675889968872,0.7567371428012848,0.03188352
11677,3.941700756549835,0.7125106155872345,0.03572029
11678,2.5506171584129333,0.6427456736564636,0.041924626
11679,3.7172162532806396,0.7018074989318848,0.036655508
11680,2.6260769367218018,0.6467254161834717,0.041561972
11681,2.241506427526474,0.6262365877628326,0.04344349
11682,5.845409035682678,0.7934679239988327,0.028689938
11683,2.26217582821846,0.6273546516895294,0.04334023
11684,1.2097135186195374,0.5691899657249451,0.048923146
11685,3.8505977392196655,0.7081948518753052,0.03609692
11686,5.938972234725952,0.7969751060009003,0.028382549
11687,6.815212965011597,0.8276788890361786,0.025658978
11688,0.7605700194835663,0.5436700284481049,0.051519483
11689,6.1973220109939575,0.8064312189817429,0.027550783
11690,3.9877936244010925,0.7146802246570587,0.035531238
11691,2.6376423239707947,0.6473349332809448,0.04150667
11692,5.8059632778167725,0.7919746041297913,0.028820528
11693,4.010995924472809,0.7157677412033081,0.03543645
11694,7.647842168807983,0.8533195853233337,0.023313524
11695,3.3277660608291626,0.6827043294906616,0.038336433
11696,3.6252492666244507,0.6973565220832825,0.03704568
11697,7.372457981109619,0.8452175408601761,0.024064513
11698,5.0792014598846436,0.7630581110715866,0.031335738
11699,2.5809797644615173,0.6443481743335724,0.041778322
11700,5.738424062728882,0.7894032895565033,0.029045494
11701,3.608141541481018,0.6965255439281464,0.037118718
11702,6.653220057487488,0.8222961872816086,0.02614201
11703,4.802028238773346,0.7513280957937241,0.032351807
11704,3.7345030903816223,0.7026394307613373,0.036582623
11705,3.67104709148407,0.6995776295661926,0.036850866
11706,4.6343618631362915,0.744044691324234,0.03298238
11707,6.835799813270569,0.8283529132604599,0.025598235
11708,5.746791362762451,0.7897189259529114,0.029017532
11709,2.4977098405361176,0.6399411559104919,0.04218077
11710,4.514653384685516,0.7387605309486389,0.033440083
11711,1.346309334039688,0.5768860876560211,0.048159786
11712,4.335936903953552,0.7307412326335907,0.034135256
11713,1.8724916875362396,0.606149822473526,0.045328926
11714,2.3370063304901123,0.631373792886734,0.042968456
11715,3.8555344939231873,0.7084308862686157,0.036076408
11716,5.483630299568176,0.779482364654541,0.029910143
11717,6.414666175842285,0.8141227960586548,0.026869942
11718,6.046910881996155,0.8009653091430664,0.028032025
11719,3.7598219513893127,0.7038563787937164,0.036476143
11720,2.1443934738636017,0.6209928691387177,0.04393194
11721,4.278742671012878,0.7281390428543091,0.034360774
11722,7.237645983695984,0.8411122560501099,0.02444093
11723,4.3686047196388245,0.7322187125682831,0.03400711
11724,2.1002742648124695,0.6185991764068604,0.04415565
11725,6.849375367164612,0.8287981301546097,0.025558256
11726,7.862008810043335,0.8593974858522415,0.022745712
11727,2.813693583011627,0.6565298736095428,0.040673856
11728,6.233819127082825,0.8077397495508194,0.027435258
11729,5.115184783935547,0.7645545303821564,0.031206192
11730,3.3132576942443848,0.6819842457771301,0.03840052
11731,4.8991721868515015,0.7554842084646225,0.031991996
11732,7.01233983039856,0.8340564668178558,0.025083205
11733,4.5619842410087585,0.7408576905727386,0.033258367
11734,4.357818961143494,0.7317300140857697,0.034049373
11735,3.681163191795349,0.7000661790370941,0.03680796
11736,5.951781868934631,0.7974515408277512,0.02834072
11737,3.8127633929252625,0.7063902020454407,0.0362545
11738,2.5077733397483826,0.6404756903648376,0.04213193
11739,6.012953519821167,0.7997142523527145,0.028141828
11740,3.940109610557556,0.7124359607696533,0.035726838
11741,7.395151257514954,0.8458990901708603,0.024001727
11742,2.4033188819885254,0.6349204778671265,0.04264166
11743,2.3408839106559753,0.6315814554691315,0.042949274
11744,3.1784483790397644,0.6752133667469025,0.039001163
11745,7.2975170612335205,0.8429471999406815,0.024273038
11746,1.6735565662384033,0.5951614677906036,0.046379082
11747,3.81844699382782,0.7066626846790314,0.036230776
11748,2.447560578584671,0.637279212474823,0.042425007
11749,4.435338973999023,0.7352204620838165,0.03374683
11750,4.416431188583374,0.7343704700469971,0.03382038
11751,3.364206850528717,0.6845227181911469,0.03817593
11752,4.681682884693146,0.7461148798465729,0.032803174
11753,4.561436176300049,0.7408329546451569,0.033260457
11754,6.281042695045471,0.8094197660684586,0.027286505
11755,5.047129392623901,0.7617190033197403,0.03145166
11756,4.343360066413879,0.7310772836208344,0.034106098
11757,3.127882182598114,0.672655314207077,0.039228875
11758,7.77077317237854,0.8568318784236908,0.022985892
11759,4.284707009792328,0.7284109890460968,0.03433718
11760,1.6488002240657806,0.593788743019104,0.046511464
11761,3.5238367319107056,0.692406564950943,0.03748074
11762,1.9798700511455536,0.6120368242263794,0.044772003
11763,4.482805132865906,0.7373429536819458,0.033562925
11764,3.03862065076828,0.668114185333252,0.039634097
11765,4.578236639499664,0.7415763139724731,0.03319619
11766,0.801611915230751,0.5460139513015747,0.05127662
11767,4.121423065662384,0.7209125757217407,0.034988776
11768,2.2357822954654694,0.6259328424930573,0.043472126
11769,5.367917418479919,0.7748688757419586,0.030311272
11770,2.7322351932525635,0.6522901654243469,0.0410571
11771,7.5669509172439575,0.8509858250617981,0.023531657
11772,4.304846823215485,0.7293278276920319,0.034257658
11773,1.9864833354949951,0.6123983561992645,0.044737928
11774,4.598290026187897,0.7424601912498474,0.033119634
11775,9.185419082641602,0.8923545554280281,0.019531205
11776,5.143334269523621,0.7657193392515182,0.031105226
11777,5.1602256298065186,0.7664151638746262,0.03104479
11778,2.682941257953644,0.6497136354446411,0.041290764
11779,3.2182738184928894,0.6772221028804779,0.03882275
11780,7.362954020500183,0.8449306041002274,0.02409086
11781,5.651832818984985,0.786067396402359,0.029336507
11782,0.9300906956195831,0.5533364415168762,0.050523736
11783,5.458184480667114,0.7784735411405563,0.029997896
11784,1.7577709257602692,0.5998262763023376,0.04593159
11785,4.514316916465759,0.7387457191944122,0.033441376
11786,3.280022442340851,0.680321991443634,0.038547736
11787,3.222307860851288,0.67742520570755,0.038804725
11788,0.7454850524663925,0.5428083837032318,0.051609036
11789,4.624635875225067,0.7436123788356781,0.03301933
11790,3.798842430114746,0.7057260572910309,0.036312643
11791,2.2773098945617676,0.6281693577766418,0.043264784
11792,4.215637147426605,0.7252561450004578,0.03461132
11793,2.2934165596961975,0.6290349364280701,0.04318463
11794,6.350255608558655,0.8118689805269241,0.027069934
11795,5.275120139122009,0.7711162269115448,0.030636843
11796,6.609597206115723,0.8208203166723251,0.026273638
11797,3.9391231536865234,0.7123904228210449,0.03573089
11798,4.811359345912933,0.7517293095588684,0.032317076
11799,7.212938666343689,0.8403506129980087,0.024510551
11800,2.02447310090065,0.6144534647464752,0.044542678
11801,3.8296788930892944,0.7071978747844696,0.036183957
11802,4.15684700012207,0.7225497961044312,0.03484638
11803,7.554599046707153,0.8506251275539398,0.023565141
11804,4.2931026220321655,0.7287960946559906,0.034304008
11805,3.259565830230713,0.6792977154254913,0.038638625
11806,4.192034900188446,0.7241720855236053,0.034705497
11807,4.784183502197266,0.7505595237016678,0.032418348
11808,1.5315064787864685,0.5872564315795898,0.047143813
11809,1.3987170159816742,0.5798276960849762,0.047870085
11810,1.9166858494281769,0.6085766851902008,0.04509887
11811,3.3924436569213867,0.6859256625175476,0.03805203
11812,3.8475418090820312,0.7080481350421906,0.036109623
11813,6.5907323360443115,0.8201807588338852,0.02633076
11814,6.6578638553619385,0.8224485665559769,0.026128039
11815,4.428979754447937,0.7349351644515991,0.033771556
11816,7.471936941146851,0.8481909185647964,0.023790475
11817,3.73788982629776,0.7028021216392517,0.036568366
11818,0.39202548563480377,0.5225512683391571,0.053752504
11819,4.2260825634002686,0.725735068321228,0.034569725
11820,0.6421002745628357,0.5368945598602295,0.052226987
11821,0.19559450447559357,0.5112541317939758,0.054981973
11822,5.937730669975281,0.7969318628311157,0.028386606
11823,5.59239387512207,0.7837569266557693,0.02953795
11824,1.542058289051056,0.5878469049930573,0.047086574
11825,0.7669033110141754,0.5440320670604706,0.05148193
11826,3.018304407596588,0.6670757234096527,0.03972691
11827,4.471750259399414,0.7368494272232056,0.03360567
11828,4.803794026374817,0.7514041513204575,0.03234523
11829,5.1810407638549805,0.767267569899559,0.030970486
11830,1.7354290187358856,0.5985908806324005,0.046049885
11831,1.7982752621173859,0.6020631492137909,0.045717888
11832,3.6480042338371277,0.6984630823135376,0.036948755
11833,5.288073420524597,0.7716451585292816,0.030591184
11834,4.56246018409729,0.7408794164657593,0.033256534
11835,4.07882422208786,0.7189334630966187,0.035160806
11836,4.077689945697784,0.718881368637085,0.035165403
11837,6.991969347000122,0.8334059119224548,0.0251421
11838,8.81064772605896,0.8837802708148956,0.02039237
11839,4.540768265724182,0.7399182021617889,0.03333969
11840,4.042313992977142,0.7172326147556305,0.03530891
11841,0.6863775849342346,0.5394295156002045,0.05196143
11842,4.00806337594986,0.7156303226947784,0.035448417
11843,3.148481249809265,0.6736987829208374,0.03913596
11844,5.217904448509216,0.7687846571207047,0.030839317
11845,4.448268711566925,0.7357994616031647,0.033696644
11846,6.188725829124451,0.8061228543519974,0.02757806
11847,2.3215313255786896,0.6305441558361053,0.043045077
11848,1.7993336915969849,0.602121114730835,0.045712326
11849,0.6832994520664215,0.5392526090145111,0.05197985
11850,5.427657961845398,0.7772591412067413,0.03010351
11851,3.4124022722244263,0.68691486120224,0.03796469
11852,4.493136405944824,0.7378034889698029,0.033523023
11853,3.307844400405884,0.6817129850387573,0.038424462
11854,6.588158011436462,0.8200934380292892,0.026338564
11855,5.615311861038208,0.784650132060051,0.029460112
11856,6.888662576675415,0.8300771713256836,0.025442915
11857,2.8913909196853638,0.6605545282363892,0.04031164
11858,6.78007185459137,0.8265221267938614,0.025763
11859,6.345670819282532,0.8117074966430664,0.027084228
11860,2.3174217343330383,0.6303258240222931,0.043065444
11861,5.093449950218201,0.763652577996254,0.031284377
11862,2.2671081125736237,0.6276206076145172,0.043315627
11863,6.969707608222961,0.8326931446790695,0.02520662
11864,6.229302287101746,0.8075758665800095,0.027449531
11865,7.086108922958374,0.8363934308290482,0.024871076
11866,4.913378357887268,0.7560882270336151,0.031939723
11867,3.0010801553726196,0.6661936938762665,0.03980577
11868,5.462947487831116,0.7786625474691391,0.029981451
11869,2.618679702281952,0.6463361084461212,0.04159738
11870,2.7375954389572144,0.6525696814060211,0.041031774
11871,3.696027398109436,0.7007857263088226,0.03674503
11872,6.030129790306091,0.8003507554531097,0.028086234
11873,2.1213285624980927,0.6197420954704285,0.044048753
11874,3.136100471019745,0.6730712652206421,0.03919178
11875,3.855329155921936,0.7084181308746338,0.03607726
11876,0.8200545608997345,0.5470660328865051,0.05116786
11877,2.524400055408478,0.6413581371307373,0.042051367
11878,7.718252539634705,0.8553498387336731,0.023125298
11879,2.7624624967575073,0.653865784406662,0.040914465
11880,4.415836036205292,0.7343452870845795,0.033822693
11881,3.3299168944358826,0.6828156411647797,0.038326938
11882,9.928885102272034,0.907728299498558,0.01792899
11883,2.644014060497284,0.6476683020591736,0.04147623
11884,1.6065537929534912,0.5914489328861237,0.046738237
11885,3.607725203037262,0.6965046226978302,0.037120495
11886,1.9960233569145203,0.6129291653633118,0.044688813
11887,8.75364065170288,0.8824253231287003,0.020526646
11888,2.1748128533363342,0.6226402521133423,0.04377835
11889,2.9324135184288025,0.6626698672771454,0.040121704
11890,3.098728656768799,0.6711759865283966,0.03936077
11891,3.0038905143737793,0.666338711977005,0.039792888
11892,4.90344911813736,0.755665510892868,0.031976253
11893,4.33662086725235,0.73077192902565,0.034132574
11894,3.448232114315033,0.6886863112449646,0.03780841
11895,6.986477375030518,0.8332311362028122,0.025158
11896,3.102034628391266,0.6713402569293976,0.03934579
11897,2.6648733019828796,0.6487637162208557,0.041376747
11898,4.956605434417725,0.7579186111688614,0.03178116
11899,8.435927033424377,0.8746203482151031,0.021291371
11900,4.523694813251495,0.7391618490219116,0.03340529
11901,2.4447037279605865,0.6371251046657562,0.042438973
11902,4.307051301002502,0.7294344007968903,0.034248963
11903,3.634517192840576,0.6978098750114441,0.037006173
11904,6.157131791114807,0.8049819469451904,0.02767856
11905,4.354902803897858,0.7315996885299683,0.034060806
11906,3.814138174057007,0.7064567506313324,0.036248755
11907,4.033568203449249,0.7168242633342743,0.035344478
11908,3.958538770675659,0.713304340839386,0.03565111
11909,2.408798485994339,0.6352135837078094,0.04261476
11910,2.676149308681488,0.64935502409935,0.04132307
11911,2.311205565929413,0.6299901902675629,0.043096278
11912,4.265114665031433,0.727520227432251,0.034414724
11913,6.504695415496826,0.8172411173582077,0.026592871
11914,6.9166505336761475,0.8309877663850784,0.025361067
11915,5.300797820091248,0.7721586674451828,0.030546412
11916,4.742702841758728,0.7487671077251434,0.032573532
11917,5.388802886009216,0.775706335902214,0.030238474
11918,7.068136930465698,0.83582703769207,0.02492259
11919,2.26196750998497,0.6273434460163116,0.04334127
11920,6.698172092437744,0.8238006383180618,0.026007067
11921,5.687758922576904,0.7874553352594376,0.029215418
11922,4.35304194688797,0.7315152883529663,0.0340681
11923,4.713774621486664,0.7475106716156006,0.032682195
11924,2.8413361310958862,0.6579745411872864,0.040544614
11925,2.22712442278862,0.6254656314849854,0.043515485
11926,5.949462056159973,0.7973652631044388,0.028348293
11927,3.105310797691345,0.6715103387832642,0.039330952
11928,2.2853825986385345,0.6286031007766724,0.043224588
11929,5.375528335571289,0.7751741111278534,0.030284723
11930,6.767944097518921,0.8261201530694962,0.02579899
11931,5.9841907024383545,0.7986543327569962,0.028235171
11932,3.2671821117401123,0.67967888712883,0.038604762
11933,4.475851655006409,0.7370335459709167,0.033589803
11934,3.158690929412842,0.6742032170295715,0.03908998
11935,5.923274755477905,0.7963898628950119,0.02843389
11936,2.6900163292884827,0.6500824093818665,0.041257147
11937,2.9568850994110107,0.6639280617237091,0.040008824
11938,2.6952552795410156,0.6503564715385437,0.041232273
11939,4.474658668041229,0.736979603767395,0.033594415
11940,2.5284311175346375,0.6415717303752899,0.042031843
11941,6.640027165412903,0.8218489438295364,0.02618175
11942,4.221765697002411,0.7255371510982513,0.03458691
11943,4.695756435394287,0.7467267215251923,0.032750066
11944,1.6215680539608002,0.5922768414020538,0.046657514
11945,4.89556223154068,0.7553288638591766,0.032005303
11946,4.199287295341492,0.724507749080658,0.03467653
11947,4.004919528961182,0.7154795527458191,0.035461247
11948,4.829760789871216,0.7525188326835632,0.032248687
11949,2.641995847225189,0.647562175989151,0.041485872
11950,3.087817132472992,0.670617938041687,0.03941025
11951,3.2627400755882263,0.6794560849666595,0.03862451
11952,4.1409632563591,0.721816897392273,0.034910157
11953,5.64123809337616,0.785651907324791,0.02937231
11954,6.335548162460327,0.8113489001989365,0.027115813
11955,9.044220447540283,0.889190562069416,0.0198513
11956,1.5633021295070648,0.5890325009822845,0.04697155
11957,2.3004914820194244,0.6294147372245789,0.04314947
11958,7.577990889549255,0.8513074219226837,0.023501763
11959,2.8008627891540527,0.6558678150177002,0.040733986
11960,6.851931810379028,0.8288810700178146,0.02555074
11961,4.0361034870147705,0.7169428169727325,0.035334166
11962,3.8514572381973267,0.7082362174987793,0.036093343
11963,1.233968436717987,0.5705588757991791,0.04878672
11964,5.006993412971497,0.7600406855344772,0.031597324
11965,3.5167136788368225,0.6920569539070129,0.037511498
11966,2.725890874862671,0.6519633233547211,0.0410871
11967,4.568591117858887,0.7411483228206635,0.03323307
11968,4.071648120880127,0.7186006903648376,0.035189863
11969,4.09017950296402,0.7194627821445465,0.03511487
11970,1.4872802793979645,0.5847881734371185,0.04738446
11971,3.1816184520721436,0.6753711998462677,0.03898694
11972,4.401417076587677,0.7336974442005157,0.03387889
11973,2.648724317550659,0.6479218900203705,0.041453753
11974,6.076159477233887,0.8020393252372742,0.027937789
11975,2.081722468137741,0.6175903975963593,0.044250067
11976,2.5179046392440796,0.6410147547721863,0.042082816
11977,4.456946551799774,0.7361872494220734,0.03366299
11978,3.550570011138916,0.6937156021595001,0.037365567
11979,6.409304738044739,0.8139355182647705,0.02688653
11980,2.491706609725952,0.6396227478981018,0.04220994
11981,2.5467103719711304,0.6425380110740662,0.041943487
11982,3.3645087480545044,0.6845381557941437,0.038174607
11983,7.640059590339661,0.8531091511249542,0.023334421
11984,3.7366366386413574,0.7027429044246674,0.03657364
11985,2.984760105609894,0.6653586030006409,0.03988063
11986,7.112952470779419,0.8372374176979065,0.024794333
11987,7.452672123908997,0.8476161360740662,0.023843305
11988,3.7078216671943665,0.701356828212738,0.036695175
11989,4.318701326847076,0.7299596071243286,0.034203056
11990,2.786668837070465,0.6551271080970764,0.040800605
11991,2.4281559884548187,0.6362448930740356,0.042519905
11992,2.3595885932445526,0.6325836479663849,0.042856883
11993,2.172544300556183,0.6225180625915527,0.04378979
11994,4.231243133544922,0.7259714603424072,0.03454919
11995,10.292673110961914,0.9145082756876945,0.017193584
11996,2.22183957695961,0.6251808404922485,0.043541968
11997,4.084953665733337,0.7192196846008301,0.035136003
11998,3.0904343724250793,0.6707549393177032,0.03939838
11999,2.0098961889743805,0.613676130771637,0.044617496
12000,2.4255377054214478,0.6361064314842224,0.04253272
12001,2.4438662827014923,0.637082040309906,0.04244306
12002,2.1889781951904297,0.623405933380127,0.04370701
12003,2.4573983252048492,0.6378019750118256,0.042376988
12004,3.085941970348358,0.6705250144004822,0.03941876
12005,4.691347777843475,0.746534913778305,0.032766692
12006,4.130413830280304,0.7213277220726013,0.034952592
12007,6.313084959983826,0.8105580061674118,0.027186027
12008,4.09441202878952,0.7196577489376068,0.035097763
12009,7.666981816291809,0.8538826704025269,0.023262205
12010,3.980541229248047,0.7143393754959106,0.035560917
12011,3.2406991720199585,0.6783497035503387,0.03872265
12012,7.019702196121216,0.8342904597520828,0.025061956
12013,2.262023538351059,0.6273463666439056,0.043340992
12014,4.0032994747161865,0.7154095470905304,0.035467867
12015,4.838186204433441,0.7528799772262573,0.032217413
12016,3.9658012986183167,0.7136463820934296,0.03562131
12017,5.6442296504974365,0.7857697457075119,0.029362196
12018,3.9020276069641113,0.7106360495090485,0.035883814
12019,4.056883752346039,0.7179128229618073,0.035249732
12020,2.40633487701416,0.63508141040802,0.04262685
12021,2.3879697918891907,0.6341009736061096,0.042717077
12022,1.6047652065753937,0.5913403332233429,0.046747863
12023,3.0367806553840637,0.6680190861225128,0.039642494
12024,5.259252190589905,0.77047298848629,0.030692868
12025,4.0519678592681885,0.7176839709281921,0.035269685
12026,3.3611544966697693,0.6843650937080383,0.038189355
12027,2.346606105566025,0.6318882703781128,0.042920984
12028,2.145041525363922,0.6210278868675232,0.043928657
12029,3.397851586341858,0.6861924827098846,0.03802835
12030,5.036450624465942,0.7612755596637726,0.03149035
12031,4.8955002427101135,0.7553274482488632,0.03200553
12032,4.060133695602417,0.7180640995502472,0.03523654
12033,3.4566229581832886,0.6891002655029297,0.037771903
12034,2.8160440921783447,0.6566561758518219,0.040662847
12035,6.672319769859314,0.8229350745677948,0.026084594
12036,3.7601613998413086,0.703873485326767,0.036474716
12037,3.591068983078003,0.6956935822963715,0.037191745
12038,2.933109998703003,0.6627053022384644,0.04011849
12039,2.624426782131195,0.6466386616230011,0.041569874
12040,3.1575965881347656,0.6741588711738586,0.03909491
12041,4.546584188938141,0.7401768863201141,0.03331738
12042,3.1440040469169617,0.6734674274921417,0.03915614
12043,5.344711542129517,0.7739348709583282,0.03039236
12044,1.1675645411014557,0.5668095946311951,0.04916112
12045,4.981111288070679,0.7589523196220398,0.031691622
12046,3.152134120464325,0.6738837361335754,0.039119497
12047,4.2924609780311584,0.7287655174732208,0.034306537
12048,4.600360691547394,0.7425508201122284,0.033111736
12049,1.4947068691253662,0.5852023363113403,0.04734397
12050,3.248054087162018,0.6787207424640656,0.038689878
12051,1.0887176543474197,0.5623473227024078,0.04960941
12052,3.7701722979545593,0.7043526768684387,0.036432702
12053,2.7059578895568848,0.6509163081645966,0.0411815
12054,4.112885594367981,0.7205164730548859,0.035023194
12055,5.082266330718994,0.7631875276565552,0.03132469
12056,4.3009549379348755,0.7291530072689056,0.034273013
12057,1.1056874692440033,0.5633029341697693,0.049512587
12058,4.221692681312561,0.7255339622497559,0.0345872
12059,4.443338513374329,0.7355790734291077,0.033715773
12060,4.170969724655151,0.7232018411159515,0.03478977
12061,4.234331846237183,0.7261114418506622,0.034536906
12062,0.5173037573695183,0.5297455489635468,0.052982792
12063,6.019223928451538,0.7999506294727325,0.028121518
12064,5.854164361953735,0.7937963306903839,0.028661031
12065,5.295919179916382,0.7719655483961105,0.030563569
12066,1.6229051351547241,0.5923494100570679,0.04665033
12067,2.818956673145294,0.6568075120449066,0.040649217
12068,4.772471785545349,0.7500526010990143,0.032462087
12069,1.50459423661232,0.5857557952404022,0.047290105
12070,2.5672781467437744,0.6436260044574738,0.041844282
12071,3.870607912540436,0.7091452777385712,0.036013857
12072,10.04313588142395,0.9099047929048538,0.017694699
12073,6.537123322486877,0.8183528184890747,0.026493775
12074,2.19094455242157,0.6235119104385376,0.04369712
12075,4.718815386295319,0.7477312982082367,0.03266324
12076,6.193021535873413,0.8062749952077866,0.027564423
12077,1.6179890930652618,0.5920775830745697,0.04667674
12078,6.1021822690963745,0.8029887080192566,0.027854215
12079,9.17872667312622,0.892205573618412,0.019546261
12080,3.2545292377471924,0.6790444254875183,0.03866104
12081,3.0394527316093445,0.6681715548038483,0.0396303
12082,1.0113375633955002,0.557955265045166,0.05005335
12083,2.5218522548675537,0.6412223875522614,0.04206369
12084,7.805567383766174,0.8578195720911026,0.022894
12085,4.579696953296661,0.7416399419307709,0.0331906
12086,0.4351504519581795,0.5250274240970612,0.05348629
12087,4.210062921047211,0.7250004410743713,0.034633536
12088,5.583632588386536,0.7834157347679138,0.029567763
12089,4.438256025314331,0.7353515028953552,0.033735503
12090,6.821703314781189,0.8278914242982864,0.025639815
12091,2.0315518975257874,0.6148583292961121,0.044506393
12092,3.7656202912330627,0.7041349709033966,0.036451805
12093,5.52453875541687,0.7810962349176407,0.029769607
12094,1.016228049993515,0.5582349300384521,0.050025173
12095,2.4486875534057617,0.6373386085033417,0.042419504
12096,4.427441954612732,0.734866738319397,0.03377753
12097,3.7446197867393494,0.7031263411045074,0.03654004
12098,4.860391318798065,0.7538302093744278,0.03213516
12099,2.283952981233597,0.6285260319709778,0.043231703
12100,5.713484287261963,0.7884446233510971,0.029129015
12101,8.80882978439331,0.8837372958660126,0.020396637
12102,4.817697107791901,0.7520025223493576,0.032293506
12103,1.9759301841259003,0.6118212938308716,0.044792313
12104,6.0700249671936035,0.8018138855695724,0.027957527
12105,2.241690456867218,0.6262513399124146,0.043442566
12106,4.354515373706818,0.73158198595047,0.03406232
12107,4.533694684505463,0.739604264497757,0.033366855
12108,5.990018248558044,0.7988709658384323,0.028216235
12109,3.622347414493561,0.6972154378890991,0.037058055
12110,4.045980870723724,0.7174025774002075,0.035294008
12111,4.083356261253357,0.7191456258296967,0.03514246
12112,9.519940614700317,0.8995327726006508,0.018793296
12113,3.436555862426758,0.6881129145622253,0.03785927
12114,4.792922139167786,0.7509361058473587,0.032385748
12115,6.384202837944031,0.8130606859922409,0.026964342
12116,5.362486243247986,0.7746472507715225,0.030330233
12117,2.573058009147644,0.6439370810985565,0.041816447
12118,4.453371465206146,0.736030787229538,0.033676848
12119,2.5352582335472107,0.6419330835342407,0.041998822
12120,3.411947190761566,0.6869124174118042,0.037966684
12121,6.345838904380798,0.8117144852876663,0.027083706
12122,4.303393363952637,0.7292555570602417,0.034263395
12123,4.232338964939117,0.72602578997612,0.034544826
12124,3.16196471452713,0.6743739247322083,0.03907525
12125,2.870301306247711,0.6594650447368622,0.040409636
12126,2.802291214466095,0.6559394896030426,0.04072728
12127,2.007964998483658,0.6135717034339905,0.04462742
12128,7.567719221115112,0.8509790152311325,0.023529576
12129,3.45302015542984,0.6889226138591766,0.037787575
12130,2.9725706577301025,0.6647334098815918,0.039936636
12131,3.197205066680908,0.6761607825756073,0.038917035
12132,2.8830567002296448,0.6601361334323883,0.040350337
12133,2.5199204683303833,0.6411215960979462,0.04207305
12134,5.386176109313965,0.7756024450063705,0.03024762
12135,9.26287591457367,0.8940533995628357,0.019357812
12136,1.063830927014351,0.5609345734119415,0.049751762
12137,4.67968076467514,0.7460266053676605,0.032810736
12138,4.3693384528160095,0.732247918844223,0.03400424
12139,4.050586223602295,0.7176181674003601,0.0352753
12140,2.7083349227905273,0.6510409116744995,0.04117023
12141,3.080657720565796,0.670257031917572,0.03944274
12142,5.532609820365906,0.7814134806394577,0.029741956
12143,0.7463422417640686,0.5428574681282043,0.051603936
12144,2.715999186038971,0.6514415442943573,0.04113392
12145,5.55289626121521,0.7822116315364838,0.029672582
12146,5.866069197654724,0.794246181845665,0.028621774
12147,9.937757849693298,0.9079013839364052,0.017910682
12148,4.445173442363739,0.7356612682342529,0.03370865
12149,3.919685482978821,0.7114712297916412,0.035810944
12150,3.1895264983177185,0.675773561000824,0.038951453
12151,4.7008150815963745,0.7469483613967896,0.032730997
12152,1.9272519648075104,0.609149307012558,0.045044046
12153,3.338713049888611,0.6832543909549713,0.03828815
12154,2.736184298992157,0.6524955928325653,0.04103844
12155,2.4222853779792786,0.6359332501888275,0.042548645
12156,3.5018721222877502,0.6913291811943054,0.03757564
12157,4.400011301040649,0.7336343228816986,0.03388438
12158,3.6832624673843384,0.7001679241657257,0.036799073
12159,1.5616358816623688,0.5889390707015991,0.046980556
12160,2.6163721084594727,0.6462146639823914,0.041608438
12161,2.7964597940444946,0.6556329727172852,0.040754635
12162,2.588186264038086,0.6447273194789886,0.041743677
12163,0.24604938924312592,0.5141623318195343,0.054663517
12164,3.028203547000885,0.6675822138786316,0.039681654
12165,4.715939164161682,0.7476056218147278,0.03267406
12166,7.2462403774261475,0.8413768261671066,0.024416758
12167,4.226818680763245,0.7257687747478485,0.034566794
12168,3.77066433429718,0.7043766677379608,0.036430646
12169,3.219980299472809,0.6773086190223694,0.038815126
12170,5.035181045532227,0.7612224370241165,0.031494953
12171,4.234744310379028,0.7261320352554321,0.034535266
12172,2.97934353351593,0.6650806665420532,0.039905503
12173,1.815183311700821,0.6029951870441437,0.04562899
12174,4.207158386707306,0.7248670160770416,0.034645118
12175,8.711236119270325,0.881400816142559,0.020627102
12176,4.186595380306244,0.7239241600036621,0.034727234
12177,2.672721743583679,0.6491755247116089,0.04133937
12178,5.499493479728699,0.7801095247268677,0.029855568
12179,0.38951389491558075,0.5224078595638275,0.05376805
12180,4.556146562099457,0.740600198507309,0.033280715
12181,4.980323314666748,0.758905678987503,0.031694498
12182,9.03434693813324,0.8889671415090561,0.01987388
12183,4.203777313232422,0.7247118055820465,0.03465861
12184,6.750263571739197,0.8255354017019272,0.025851564
12185,8.271988034248352,0.8704223334789276,0.021697048
12186,5.9043896198272705,0.795681893825531,0.02849578
12187,5.072540640830994,0.7627825140953064,0.03135978
12188,9.525835514068604,0.8996557667851448,0.018780546
12189,1.740311086177826,0.5988607704639435,0.04602401
12190,3.5452210903167725,0.6934540271759033,0.037388574
12191,7.439853549003601,0.8472365587949753,0.023878517
12192,1.572851538658142,0.58956378698349,0.046919934
12193,2.110798805952072,0.6191688776016235,0.04410218
12194,6.143662929534912,0.8044952005147934,0.02772151
12195,3.651486039161682,0.6986311376094818,0.036933947
12196,2.3714636266231537,0.6332185864448547,0.042798333
12197,4.527125358581543,0.7393170297145844,0.0333921
12198,1.1050761491060257,0.5632722079753876,0.049516074
12199,5.512433052062988,0.7806201130151749,0.029811125
12200,3.0036255717277527,0.6663256883621216,0.039794102
12201,6.735349893569946,0.8250396251678467,0.025895985
12202,2.3419709503650665,0.6316406726837158,0.042943902
12203,6.710560321807861,0.8242143392562866,0.02597
12204,4.716104865074158,0.747613400220871,0.032673433
12205,4.524508118629456,0.739198237657547,0.033402167
12206,1.6316883265972137,0.5928362905979156,0.04660318
12207,3.7025195360183716,0.7010989785194397,0.03671757
12208,4.822585880756378,0.7522072345018387,0.032275334
12209,2.6048460602760315,0.6456078290939331,0.04166369
12210,5.2711910009384155,0.7709582448005676,0.030650709
12211,5.407792925834656,0.776460811495781,0.030172437
12212,4.231534004211426,0.7259850800037384,0.03454803
12213,5.3096407651901245,0.7725189030170441,0.030515322
12214,5.567436218261719,0.7827814817428589,0.029622946
12215,3.4732818603515625,0.6899214684963226,0.037699528
12216,2.384573817253113,0.6339193880558014,0.04273378
12217,8.144327402114868,0.867070659995079,0.022018293
12218,1.9552597403526306,0.6106903553009033,0.04489904
12219,2.7108216285705566,0.6511708796024323,0.04115844
12220,5.062464475631714,0.76236192882061,0.031396177
12221,2.2887222468852997,0.6287825107574463,0.043207977
12222,7.098706960678101,0.8367910385131836,0.024835028
12223,4.606196582317352,0.7428080439567566,0.0330895
12224,2.354026585817337,0.6322855949401855,0.042884335
12225,4.466395378112793,0.7366105318069458,0.03362639
12226,2.0390450954437256,0.6152675747871399,0.04446801
12227,2.405260056257248,0.6350241005420685,0.04263213
12228,5.158005952835083,0.7663249969482422,0.031052727
12229,5.594028830528259,0.7838212698698044,0.029532388
12230,2.407984435558319,0.635169506072998,0.04261876
12231,3.237987756729126,0.6782135367393494,0.038734738
12232,4.437146484851837,0.7353019416332245,0.033739813
12233,3.688797354698181,0.700436532497406,0.036775634
12234,2.5909841060638428,0.6448776125907898,0.041730233
12235,4.761108458042145,0.7495631873607635,0.03250458
12236,2.219959646463394,0.625079482793808,0.04355139
12237,10.098220109939575,0.9109422564506531,0.017582837
12238,5.259424448013306,0.7704801559448242,0.030692257
12239,3.3932867646217346,0.6859636306762695,0.03804834
12240,3.6321356892585754,0.6976730525493622,0.037016317
12241,4.186212122440338,0.7239042818546295,0.03472877
12242,4.841541349887848,0.7530252039432526,0.032204974
12243,2.6780638098716736,0.6494557857513428,0.04131396
12244,3.3443009853363037,0.6835325360298157,0.03826353
12245,4.49477881193161,0.7378763854503632,0.033516683
12246,3.834613561630249,0.7074306905269623,0.0361634
12247,2.700664699077606,0.6506381332874298,0.0412066
12248,7.723003029823303,0.8554854989051819,0.023112658
12249,2.9607808589935303,0.6641272306442261,0.03999088
12250,3.2497185468673706,0.6788027286529541,0.03868246
12251,3.44502329826355,0.6885286271572113,0.037822377
12252,6.101997494697571,0.8029816597700119,0.027854806
12253,3.9402365684509277,0.71243816614151,0.035726313
12254,3.168288469314575,0.6747006177902222,0.03904681
12255,7.016922831535339,0.8341997861862183,0.025069973
12256,3.8929790258407593,0.7102049291133881,0.03592122
12257,5.633041262626648,0.785339742898941,0.02940004
12258,2.156113386154175,0.6216277182102203,0.0438727
12259,3.8520455360412598,0.7082630097866058,0.036090903
12260,6.175044775009155,0.8056299686431885,0.027621534
12261,2.3219244182109833,0.6305652856826782,0.04304313
12262,4.842525124549866,0.7530664652585983,0.032201327
12263,3.6466121673583984,0.6983942985534668,0.03695468
12264,7.175078392028809,0.8391775041818619,0.024617622
12265,0.3941749036312103,0.5226768255233765,0.0537392
12266,3.4890079498291016,0.6906957924365997,0.037631333
12267,2.6443445682525635,0.6476858854293823,0.04147465
12268,2.480720430612564,0.639041543006897,0.04226336
12269,4.142375588417053,0.7218820452690125,0.034904487
12270,2.52755343914032,0.6415252685546875,0.04203609
12271,4.281030893325806,0.7282392680644989,0.034351718
12272,7.569700479507446,0.8510652482509613,0.023524208
12273,4.729377627372742,0.7481894493103027,0.032623544
12274,5.817445516586304,0.7924104630947113,0.02878245
12275,6.004945635795593,0.7994227111339569,0.028167794
12276,5.534536838531494,0.7814903408288956,0.029735358
12277,3.922438621520996,0.7116019129753113,0.035799593
12278,2.5461292266845703,0.6425073444843292,0.04194629
12279,2.5934159755706787,0.6450068354606628,0.041718554
12280,6.569223403930664,0.8194509446620941,0.026396042
12281,5.411725044250488,0.7766232788562775,0.030158779
12282,9.813024997711182,0.9054677113890648,0.018169742
12283,6.546106338500977,0.8186605721712112,0.026466392
12284,4.192418456077576,0.724187821149826,0.03470396
12285,7.4981689453125,0.8489591777324677,0.023718737
12286,1.6639137268066406,0.5946280658245087,0.046430606
12287,3.815601170063019,0.7065267264842987,0.03624265
12288,7.517513632774353,0.8495362997055054,0.023665974
12289,6.867581009864807,0.8293916434049606,0.025504747
12290,4.812515079975128,0.7517774701118469,0.032312777
12291,2.395242750644684,0.6344897747039795,0.04268133
12292,2.806745767593384,0.6561733484268188,0.040706407
12293,7.064424753189087,0.8357090801000595,0.024933245
12294,3.5346999764442444,0.6929364502429962,0.037433896
12295,4.121827483177185,0.7209309935569763,0.034987155
12296,2.7159520983695984,0.6514384746551514,0.041134138
12297,2.4978257715702057,0.6399495005607605,0.042180203
12298,3.9046457409858704,0.7107608020305634,0.035873
12299,2.4163414537906647,0.6356151401996613,0.042577773
12300,4.325817227363586,0.7302824556827545,0.03417505
12301,6.398447751998901,0.8135576695203781,0.02692016
12302,7.206727862358093,0.8401588350534439,0.02452808
12303,3.5160741209983826,0.6920255422592163,0.03751425
12304,5.270282030105591,0.7709224075078964,0.030653916
12305,3.053247332572937,0.6688581109046936,0.039567415
12306,1.113533228635788,0.5637512505054474,0.049467884
12307,5.74955940246582,0.7898277193307877,0.02900828
12308,3.44774067401886,0.6886617839336395,0.037810553
12309,8.191478848457336,0.8683177977800369,0.02189909
12310,3.4281182289123535,0.6876918971538544,0.037896063
12311,4.958064258098602,0.7579800188541412,0.03177582
12312,3.90838086605072,0.7109366953372955,0.03585758
12313,2.1895188093185425,0.6234352588653564,0.04370429
12314,3.824935555458069,0.7069721817970276,0.036203723
12315,5.09327232837677,0.7636431604623795,0.031285018
12316,2.753811478614807,0.65341517329216,0.04095524
12317,4.070343971252441,0.7185399532318115,0.035195153
12318,4.579225480556488,0.7416199147701263,0.033192404
12319,2.6265570521354675,0.6467507779598236,0.041559674
12320,5.54348886013031,0.7818423807621002,0.029704725
12321,2.5280240178108215,0.6415483057498932,0.042033814
12322,1.686059981584549,0.5958568751811981,0.04631237
12323,5.339357852935791,0.7737192809581757,0.0304111
12324,3.241110146045685,0.678371399641037,0.038720816
12325,5.538913607597351,0.7816618531942368,0.029720379
12326,1.0848120599985123,0.5621245205402374,0.049631722
12327,4.161521792411804,0.7227662205696106,0.03482763
12328,3.5130146145820618,0.6918753683567047,0.037527468
12329,6.338767409324646,0.8114648759365082,0.027105762
12330,1.907690018415451,0.6080832481384277,0.04514561
12331,6.798064112663269,0.8271142542362213,0.025709689
12332,1.064988523721695,0.561002105474472,0.04974513
12333,2.74991512298584,0.6532122790813446,0.04097361
12334,3.893289566040039,0.7102218866348267,0.035919935
12335,5.980846285820007,0.7985283881425858,0.028246054
12336,2.03893706202507,0.6152613162994385,0.044468567
12337,4.040274024009705,0.7171375453472137,0.035317205
12338,3.905974328517914,0.7108230888843536,0.03586752
12339,4.311569333076477,0.7296354472637177,0.03423116
12340,4.348758161067963,0.7313210964202881,0.034084905
12341,0.7111280411481857,0.5408445298671722,0.051813576
12342,5.346359610557556,0.7740027904510498,0.030386595
12343,6.003904938697815,0.7993787825107574,0.02817116
12344,3.2793569564819336,0.6802900433540344,0.038550694
12345,1.176254004240036,0.5673002898693085,0.04911197
12346,2.5836721062660217,0.64449143409729,0.041765373
12347,2.136862576007843,0.6205846667289734,0.04397005
12348,4.864082336425781,0.753988042473793,0.032121502
12349,6.020455360412598,0.7999929934740067,0.028117537
12350,2.7573513984680176,0.6535996496677399,0.04093855
12351,2.698928415775299,0.65054851770401,0.04121484
12352,2.874004542827606,0.6596567928791046,0.040392414
12353,2.186695784330368,0.6232731938362122,0.0437185
12354,4.120754897594452,0.7208817005157471,0.034991477
12355,2.372061610221863,0.633250504732132,0.042795386
12356,2.842360734939575,0.6580188870429993,0.04053984
12357,3.581661283969879,0.6952300071716309,0.037232053
12358,4.950851202011108,0.7576729953289032,0.03180222
12359,6.271251440048218,0.809073731303215,0.02731728
12360,1.909945011138916,0.6082068979740143,0.045133892
12361,4.594273269176483,0.7422834634780884,0.03313495
12362,2.9630568623542786,0.6642431914806366,0.039980404
12363,4.471093416213989,0.7368131875991821,0.033608206
12364,5.759402513504028,0.7902034521102905,0.028975429
12365,1.978568583726883,0.6119656562805176,0.04477871
12366,4.804282486438751,0.7514248043298721,0.03234342
12367,2.5531166791915894,0.6428774297237396,0.041912567
12368,4.003037810325623,0.71539506316185,0.035468932
12369,6.678943634033203,0.8231504857540131,0.026064705
12370,5.971170663833618,0.7981726378202438,0.028277531
12371,2.385645806789398,0.6339767873287201,0.042728506
12372,2.0601965487003326,0.6164193749427795,0.04435986
12373,3.4453779458999634,0.6885446012020111,0.03782084
12374,4.003258645534515,0.7154052555561066,0.035468034
12375,3.4281250834465027,0.6876922249794006,0.037896033
12376,3.987114429473877,0.7146472930908203,0.035534013
12377,3.2066568732261658,0.676637589931488,0.038874716
12378,6.791468262672424,0.8268951028585434,0.025729218
12379,3.9655855298042297,0.7136384844779968,0.0356222
12380,5.285422205924988,0.7715375423431396,0.030600527
12381,2.453123778104782,0.6375745236873627,0.04239785
12382,3.8708913326263428,0.7091563045978546,0.03601268
12383,3.781794011592865,0.7049065232276917,0.036383986
12384,1.5940852463245392,0.5907467007637024,0.04680538
12385,1.9887597858905792,0.6125227808952332,0.0447262
12386,2.1097615361213684,0.619114488363266,0.04410745
12387,2.2383560240268707,0.626071572303772,0.043459248
12388,5.279964208602905,0.7713156193494797,0.030619763
12389,5.218585133552551,0.7688113749027252,0.030836906
12390,5.072159171104431,0.7627666741609573,0.03136115
12391,4.441176652908325,0.7354817986488342,0.033724163
12392,4.215342104434967,0.7252425253391266,0.03461249
12393,3.9481323957443237,0.7128139734268188,0.03569385
12394,8.645856976509094,0.8798259049654007,0.020782948
12395,3.7036845088005066,0.7011550962924957,0.036712658
12396,3.2236629724502563,0.6774935722351074,0.038798675
12397,2.5099849700927734,0.6405942142009735,0.04212121
12398,3.85190486907959,0.7082633972167969,0.036091488
12399,2.9177317023277283,0.6619133651256561,0.04018958
12400,4.428290128707886,0.7349024415016174,0.033774238
12401,3.791254758834839,0.7053625583648682,0.03634438
12402,4.490414559841156,0.7376820743083954,0.033533532
12403,2.386201173067093,0.6340062618255615,0.04272577
12404,4.665660560131073,0.7454163134098053,0.032863736
12405,5.261015892028809,0.7705454230308533,0.030686632
12406,2.6596513390541077,0.6484897434711456,0.041401632
12407,4.569853842258453,0.7412059605121613,0.03322824
12408,3.3669468760490417,0.6846603155136108,0.03816389
12409,3.639558255672455,0.6980510354042053,0.036984697
12410,4.242232143878937,0.7264748513698578,0.03450551
12411,5.646104216575623,0.7858461737632751,0.02935586
12412,2.0953868329524994,0.6183334589004517,0.0441805
12413,4.092054069042206,0.7195477485656738,0.035107285
12414,2.6301389932632446,0.6469438374042511,0.04154255
12415,4.293135404586792,0.7287971675395966,0.03430388
12416,4.7330352663993835,0.7483481466770172,0.03260981
12417,3.850063383579254,0.708169013261795,0.03609914
12418,3.097998797893524,0.6711376309394836,0.039364077
12419,5.927636623382568,0.79655322432518,0.028419618
12420,4.684379398822784,0.7462344169616699,0.032792993
12421,1.8483000993728638,0.6048186719417572,0.045455355
12422,2.9682034254074097,0.6645092070102692,0.03995672
12423,3.504938781261444,0.6914787888526917,0.03756238
12424,0.8234043419361115,0.5472574532032013,0.051148135
12425,7.7582573890686035,0.8564866781234741,0.023019038
12426,7.766628265380859,0.8567234724760056,0.022996861
12427,2.6968106627464294,0.6504373550415039,0.04122489
12428,1.9655369222164154,0.6112522482872009,0.044845946
12429,2.4881044030189514,0.6394337117671967,0.042227443
12430,5.384762287139893,0.7755444943904877,0.030252546
12431,4.808105826377869,0.7515894919633865,0.032329183
12432,4.184752702713013,0.7238368690013885,0.034734607
12433,2.9920488595962524,0.6657321751117706,0.039847177
12434,4.419534206390381,0.7345115542411804,0.0338083
12435,1.7764739692211151,0.6008596122264862,0.045832798
12436,2.5561699271202087,0.643038809299469,0.04189783
12437,3.8791242241859436,0.7095502018928528,0.035978563
12438,4.771881997585297,0.7500267624855042,0.032464292
12439,7.106422781944275,0.8370331078767776,0.024812978
12440,2.1459464728832245,0.6210770905017853,0.043924086
12441,3.8442903757095337,0.7078866362571716,0.036123138
12442,2.7337804436683655,0.6523707509040833,0.04104979
12443,7.334681153297424,0.844076544046402,0.024169402
12444,2.7282842993736267,0.652081161737442,0.041075777
12445,3.1949231028556824,0.6760457456111908,0.03892726
12446,3.825598955154419,0.7070038616657257,0.03620096
12447,7.801607251167297,0.8577087372541428,0.022904439
12448,2.6841408014297485,0.6497754752635956,0.041285068
12449,5.327772498130798,0.7732518315315247,0.030451693
12450,7.002271413803101,0.8337352573871613,0.025112297
12451,3.824385106563568,0.7069445252418518,0.03620602
12452,4.922560155391693,0.7564768940210342,0.03190597
12453,4.157233536243439,0.7225686013698578,0.03484483
12454,1.348143219947815,0.5769883394241333,0.04814962
12455,2.9254621267318726,0.6623114943504333,0.040153828
12456,10.209119319915771,0.9129927307367325,0.017359773
12457,2.8417229652404785,0.6579856276512146,0.040542815
12458,4.0982842445373535,0.7198393046855927,0.035082113
12459,4.972470998764038,0.7585854232311249,0.031723164
12460,4.0453678369522095,0.717375636100769,0.035296496
12461,2.975620925426483,0.6648898422718048,0.03992261
12462,9.59784746170044,0.901141531765461,0.01862549
12463,9.868997931480408,0.9065667241811752,0.01805303
12464,2.7102476358413696,0.6511399745941162,0.04116116
12465,2.1999838948249817,0.6240007877349854,0.04365167
12466,3.8382363319396973,0.7076054215431213,0.036148325
12467,2.747625708580017,0.6530932784080505,0.04098442
12468,7.024433612823486,0.8344413340091705,0.025048304
12469,7.204083800315857,0.8400765508413315,0.02453555
12470,1.2834390997886658,0.5733473300933838,0.048509642
12471,3.9414718747138977,0.7125000655651093,0.03572123
12472,7.968028783798218,0.8623251616954803,0.022469768
12473,7.139771580696106,0.838077187538147,0.024717895
12474,3.9986243844032288,0.7151881158351898,0.035486966
12475,2.06256702542305,0.6165483593940735,0.04434776
12476,3.9065951108932495,0.7108524441719055,0.035864953
12477,3.733161687850952,0.7025755941867828,0.036588274
12478,4.061849117279053,0.7181467413902283,0.035229586
12479,5.086490511894226,0.7633566558361053,0.031309456
12480,7.323091626167297,0.8437225818634033,0.024201676
12481,2.2367069125175476,0.6259826123714447,0.043467503
12482,4.665696918964386,0.7454167604446411,0.032863606
12483,5.117615461349487,0.7646550536155701,0.03119746
12484,4.472821354866028,0.736895740032196,0.033601526
12485,4.632527530193329,0.7439610660076141,0.03298934
12486,4.051514565944672,0.7176623344421387,0.03527153
12487,1.789148598909378,0.6015593111515045,0.045765966
12488,3.7490999698638916,0.7033421695232391,0.036521193
12489,2.2019541263580322,0.6241072714328766,0.04364176
12490,1.9053052365779877,0.6079521477222443,0.04515801
12491,2.2156639397144318,0.6248474419116974,0.043572932
12492,2.583394944667816,0.6444793939590454,0.04176671
12493,7.1921998262405396,0.8397088199853897,0.024569144
12494,2.8437024354934692,0.6580881774425507,0.04053357
12495,2.777688205242157,0.6546598970890045,0.04084281
12496,4.605742394924164,0.7427878975868225,0.033091232
12497,3.138122260570526,0.6731748282909393,0.039182667
12498,5.904435515403748,0.7956864982843399,0.028495632
12499,2.7246972918510437,0.6518977284431458,0.041092742
12500,5.989987850189209,0.7988698929548264,0.028216338
12501,4.736789762973785,0.7485106885433197,0.032595713
12502,5.773442387580872,0.790738895535469,0.02892863
12503,6.675584316253662,0.8230442553758621,0.026074786
12504,4.289290904998779,0.7286226749420166,0.034319066
12505,4.625069200992584,0.7436346411705017,0.03301768
12506,3.826967477798462,0.7070671916007996,0.036195256
12507,6.779646277427673,0.8265068084001541,0.025764259
12508,2.877989113330841,0.6598624885082245,0.040373884
12509,6.674801707267761,0.823018416762352,0.026077138
12510,3.8232192397117615,0.7068898379802704,0.036210876
12511,2.7599549293518066,0.6537361145019531,0.04092628
12512,3.192968964576721,0.6759471893310547,0.038936023
12513,10.55908203125,0.9191838875412941,0.016674234
12514,3.6271506547927856,0.6974494159221649,0.037037566
12515,2.182054966688156,0.6230318546295166,0.043741856
12516,4.243160784244537,0.7265172600746155,0.034501817
12517,2.57176011800766,0.6438632905483246,0.041822698
12518,2.883092164993286,0.6601199507713318,0.04035017
12519,4.137924909591675,0.7216766178607941,0.03492238
12520,0.996735692024231,0.5571261048316956,0.05013757
12521,7.257558703422546,0.84172323346138,0.02438496
12522,2.421789914369583,0.6359044909477234,0.042551078
12523,3.7125617265701294,0.7015844881534576,0.03667515
12524,4.532296061515808,0.7395412921905518,0.03337223
12525,3.2208284735679626,0.6773496270179749,0.038811333
12526,3.3945518732070923,0.6860301196575165,0.038042795
12527,4.234721660614014,0.726127564907074,0.034535356
12528,2.3475976288318634,0.6319413781166077,0.04291609
12529,4.774061441421509,0.7501220852136612,0.03245615
12530,4.627950489521027,0.743764340877533,0.033006728
12531,1.4085441827774048,0.5803792774677277,0.04781595
12532,6.42877995967865,0.8146151900291443,0.026826316
12533,2.0865118503570557,0.6178510785102844,0.04422567
12534,7.111531496047974,0.8371936678886414,0.02479839
12535,3.7299633026123047,0.7024206519126892,0.03660175
12536,6.153208613395691,0.8048402667045593,0.027691063
12537,2.392790913581848,0.6343583762645721,0.042693373
12538,6.249794960021973,0.8083100467920303,0.027384846
12539,3.038696050643921,0.6681178212165833,0.03963376
12540,6.216123104095459,0.807106152176857,0.027491214
12541,3.95905464887619,0.7133284211158752,0.035648994
12542,1.9477537274360657,0.6102791726589203,0.044937856
12543,2.925856113433838,0.662329912185669,0.040152002
12544,4.7629281878471375,0.7496425211429596,0.03249777
12545,4.743513762950897,0.7488021850585938,0.032570492
12546,3.2485392689704895,0.6787439584732056,0.038687706
12547,0.9968867152929306,0.557134598493576,0.050136693
12548,8.311178088188171,0.8714360594749451,0.021599371
12549,7.393910884857178,0.8458570390939713,0.024005149
12550,3.80058616399765,0.7058094143867493,0.03630536
12551,4.312840104103088,0.7296937704086304,0.03422615
12552,9.285152554512024,0.8945399969816208,0.019308226
12553,1.5534131228923798,0.5884789526462555,0.047025062
12554,4.201857149600983,0.7246235311031342,0.034666274
12555,3.2060283422470093,0.6766053736209869,0.03887752
12556,3.4964388608932495,0.6910611689090729,0.037599154
12557,3.3513936400413513,0.6838832795619965,0.03823229
12558,3.8502243161201477,0.7081767916679382,0.036098465
12559,2.9856467247009277,0.6654039919376373,0.03987656
12560,4.749632477760315,0.749051421880722,0.032547556
12561,1.253511905670166,0.5716609060764313,0.048677072
12562,3.946433663368225,0.7127339839935303,0.03570083
12563,2.365938425064087,0.632923036813736,0.042825565
12564,3.920484781265259,0.7115081250667572,0.035807647
12565,2.9472556710243225,0.6634328961372375,0.040053196
12566,3.357568681240082,0.6841922998428345,0.038205124
12567,9.840584993362427,0.9060108289122581,0.01811218
12568,5.71244478225708,0.7884051948785782,0.029132506
12569,3.1430697441101074,0.6734253466129303,0.039160352
12570,4.625247418880463,0.7436456382274628,0.033017002
12571,6.341186165809631,0.811550036072731,0.027098216
12572,3.248763680458069,0.6787550747394562,0.038686715
12573,6.815494894981384,0.8276869654655457,0.02565815
12574,3.796948492527008,0.7056303322315216,0.036320567
12575,3.4217530488967896,0.6873781085014343,0.03792385
12576,2.152826189994812,0.6214499473571777,0.043889303
12577,7.932078242301941,0.8613356798887253,0.022562962
12578,4.345848858356476,0.7311937808990479,0.034096327
12579,2.527259588241577,0.6415078341960907,0.04203751
12580,3.2671529054641724,0.6796773374080658,0.038604897
12581,3.149685561656952,0.673759788274765,0.03913053
12582,1.985166072845459,0.6123262643814087,0.04474471
12583,2.397489845752716,0.6346092820167542,0.04267028
12584,3.804273307323456,0.7059839963912964,0.03628995
12585,3.3098533749580383,0.6818101704120636,0.038415577
12586,5.3445398807525635,0.7739280015230179,0.030392965
12587,8.055098056793213,0.8646844327449799,0.022245651
12588,4.894651472568512,0.7552911937236786,0.03200865
12589,3.9005863666534424,0.7105677723884583,0.035889775
12590,2.2009140253067017,0.6240510642528534,0.043646995
12591,4.591951668262482,0.7421809434890747,0.033143807
12592,3.5516345500946045,0.6937679648399353,0.03736098
12593,3.4673938155174255,0.6896314918994904,0.037725095
12594,3.4128350019454956,0.686936765909195,0.037962805
12595,3.099946975708008,0.6712371110916138,0.039355244
12596,8.163132667541504,0.8675685822963715,0.021970678
12597,3.9257752895355225,0.7117592096328735,0.03578584
12598,4.540608525276184,0.7399096488952637,0.033340305
12599,7.261955142021179,0.8418571949005127,0.024372622
12600,4.324145615100861,0.7302082479000092,0.034181625
12601,1.5005587041378021,0.5855303108692169,0.04731208
12602,3.1697815656661987,0.6747764050960541,0.0390401
12603,4.7461822628974915,0.7489177286624908,0.032560486
12604,2.606041431427002,0.6456703543663025,0.04165796
12605,6.12310528755188,0.8037491887807846,0.027787197
12606,4.853677153587341,0.7535354048013687,0.032160006
12607,5.227202773094177,0.7691653668880463,0.030806322
12608,7.805248498916626,0.8578120768070221,0.022894843
12609,3.367340564727783,0.6846789419651031,0.038162164
12610,2.612640857696533,0.6460188925266266,0.04162631
12611,6.3045090436935425,0.8102545142173767,0.027212886
12612,7.69896388053894,0.854799672961235,0.023176711
12613,4.176463782787323,0.723455011844635,0.034767773
12614,1.5522754192352295,0.5884162485599518,0.047031213
12615,2.4906371533870697,0.6395670771598816,0.042215135
12616,0.3162861615419388,0.51819908618927,0.05422326
12617,6.097264289855957,0.8028085380792618,0.027869992
12618,4.036288559436798,0.7169494330883026,0.035333414
12619,7.250495553016663,0.8415083140134811,0.024404798
12620,1.115959957242012,0.5638906359672546,0.04945407
12621,2.017364352941513,0.6140846610069275,0.044579152
12622,5.795694589614868,0.7915856838226318,0.028854614
12623,4.845593273639679,0.7531919777393341,0.032189954
12624,6.554358601570129,0.8189419060945511,0.026441256
12625,4.522376358509064,0.7391053736209869,0.033410367
12626,1.8942423164844513,0.6073446273803711,0.045215555
12627,1.8568824231624603,0.6052908003330231,0.045410458
12628,4.150144457817078,0.722244918346405,0.034873277
12629,4.2089807987213135,0.7249506711959839,0.034637857
12630,4.7794488072395325,0.7503557503223419,0.03243602
12631,4.212910532951355,0.7251310646533966,0.034622185
12632,2.0262448489665985,0.614577054977417,0.04453359
12633,3.6592015624046326,0.6990044713020325,0.036901154
12634,4.909166991710663,0.7559030503034592,0.03195521
12635,2.3796118795871735,0.6336541473865509,0.0427582
12636,1.2034966796636581,0.5688395798206329,0.048958167
12637,2.9364946484565735,0.662879079580307,0.040102854
12638,7.250180244445801,0.8414985686540604,0.024405688
12639,5.666205286979675,0.7866264581680298,0.029288
12640,2.3657315969467163,0.6329118609428406,0.042826593
12641,1.114157810807228,0.5637864470481873,0.049464326
12642,3.912884294986725,0.711148202419281,0.03583899
12643,2.8132790327072144,0.6565104424953461,0.040675797
12644,4.109712243080139,0.7203695774078369,0.035035994
12645,5.008861422538757,0.7601192146539688,0.031590533
12646,0.6753130257129669,0.5387963056564331,0.052027658
12647,6.603146195411682,0.8206015080213547,0.026293155
12648,4.397980272769928,0.7335425019264221,0.033892296
12649,4.273259341716766,0.7278919816017151,0.03438247
12650,5.523087382316589,0.7810417711734772,0.029774584
12651,6.003816723823547,0.7993811815977097,0.02817145
12652,3.345434069633484,0.6835879981517792,0.038258534
12653,3.5747775435447693,0.6948971152305603,0.037261568
12654,4.401039779186249,0.7336790561676025,0.03388036
12655,5.0681352615356445,0.7625985592603683,0.031375684
12656,5.298948287963867,0.7720786482095718,0.03055291
12657,7.63826310634613,0.8530557751655579,0.02333925
12658,2.908948063850403,0.6614672243595123,0.040230244
12659,2.402452230453491,0.6348745822906494,0.04264591
12660,3.8032209873199463,0.7059361040592194,0.03629435
12661,4.392003118991852,0.7332876324653625,0.033915624
12662,2.8928112983703613,0.66062793135643,0.04030505
12663,4.2641377449035645,0.7274755835533142,0.034418598
12664,4.77603018283844,0.7502077221870422,0.03244879
12665,5.982973575592041,0.7986100912094116,0.028239135
12666,6.4596474170684814,0.815685361623764,0.02673115
12667,0.17311109229922295,0.5099646151065826,0.055124473
12668,4.1176146268844604,0.7207356989383698,0.035004128
12669,5.931433439254761,0.7966948300600052,0.028407196
12670,8.03301751613617,0.864088162779808,0.022302274
12671,1.3977453112602234,0.5797734558582306,0.047875434
12672,4.026981592178345,0.7165164351463318,0.035371292
12673,4.075758457183838,0.7187901735305786,0.035173215
12674,6.812838315963745,0.8276000022888184,0.025665995
12675,2.5086867809295654,0.6405255794525146,0.042127494
12676,2.5610673427581787,0.6432987749576569,0.04187421
12677,7.899443507194519,0.8604355007410049,0.022647893
12678,3.9687517285346985,0.7137851417064667,0.035609215
12679,0.16993148252367973,0.5097835063934326,0.055144653
12680,4.321609139442444,0.7300916910171509,0.03419161
12681,6.807230114936829,0.8274159729480743,0.025682572
12682,2.7105042338371277,0.6511538922786713,0.041159943
12683,4.053170680999756,0.7177393138408661,0.035264805
12684,6.08001172542572,0.8021797090768814,0.027925406
12685,4.240695536136627,0.7264029681682587,0.034511615
12686,3.0533334612846375,0.6688646674156189,0.03956702
12687,3.8894128799438477,0.7100379168987274,0.03593597
12688,8.37099015712738,0.8729716539382935,0.021451145
12689,2.4627670645713806,0.6380879282951355,0.042350803
12690,2.101864367723465,0.6186852157115936,0.044147573
12691,2.135491222143173,0.6205103695392609,0.04397698
12692,7.198373079299927,0.8399001210927963,0.024551691
12693,5.5116331577301025,0.7805841267108917,0.029813873
12694,5.532493591308594,0.7814104557037354,0.02974235
12695,1.7940573394298553,0.6018304526805878,0.04574011
12696,5.563097596168518,0.7826111018657684,0.029637745
12697,4.065815508365631,0.7183241248130798,0.0352135
12698,2.5566813349723816,0.6430712640285492,0.041895363
12699,0.625249519944191,0.5359300673007965,0.05232841
12700,3.801787495613098,0.7058664858341217,0.03630033
12701,3.046451210975647,0.6685139238834381,0.03959838
12702,2.8482910990715027,0.6583254933357239,0.040512167
12703,4.890321791172028,0.7551065534353256,0.032024615
12704,4.392331838607788,0.7332738637924194,0.033914343
12705,1.8630614876747131,0.6056312918663025,0.045378167
12706,3.1659775972366333,0.6745843589305878,0.0390572
12707,3.6102399230003357,0.6966274082660675,0.03710975
12708,2.5329211354255676,0.6418109238147736,0.04201013
12709,5.698472261428833,0.7878679484128952,0.029179402
12710,2.55910187959671,0.6431940793991089,0.04188369
12711,4.149007499217987,0.7221887409687042,0.03487784
12712,5.102730989456177,0.7640394121408463,0.031250965
12713,3.006238341331482,0.6664584577083588,0.039782133
12714,3.6684873700141907,0.6994507014751434,0.03686172
12715,4.241630733013153,0.7264474332332611,0.034507897
12716,3.760497272014618,0.7038758397102356,0.036473308
12717,2.225455343723297,0.6253758668899536,0.04352385
12718,3.7293875217437744,0.7023938000202179,0.03660418
12719,7.9614245891571045,0.862140953540802,0.02248686
12720,5.750972032546997,0.789879098534584,0.029003568
12721,3.8400599360466003,0.7076941132545471,0.036140736
12722,1.5868690609931946,0.5903447568416595,0.04684428
12723,3.6573776602745056,0.6989155113697052,0.036908906
12724,4.093751311302185,0.7196294963359833,0.035100434
12725,2.8006762266159058,0.655854195356369,0.040734857
12726,4.10368949174881,0.7200901508331299,0.035060298
12727,3.3257803320884705,0.6826101243495941,0.0383452
12728,3.1862396001815796,0.6756075322628021,0.038966198
12729,4.866720736026764,0.7540987581014633,0.03211175
12730,2.5603345036506653,0.6432591080665588,0.04187775
12731,3.7158140540122986,0.7017378807067871,0.03666142
12732,4.95186448097229,0.757718026638031,0.031798515
12733,2.607664167881012,0.645756334066391,0.04165017
12734,3.892880082130432,0.7102045714855194,0.03592163
12735,3.275175392627716,0.680078387260437,0.038569257
12736,7.7620697021484375,0.8565942496061325,0.023008933
12737,2.3858995735645294,0.6339901387691498,0.04272726
12738,4.542212188243866,0.7399842441082001,0.03333415
12739,1.9220882654190063,0.608870655298233,0.045070834
12740,5.386583209037781,0.7756196707487106,0.030246202
12741,4.844999313354492,0.7531700730323792,0.032192156
12742,3.04785817861557,0.6685830950737,0.03959197
12743,3.887738287448883,0.7099589407444,0.0359429
12744,2.7255675196647644,0.6519484519958496,0.041088626
12745,6.831435561180115,0.8282098323106766,0.025611104
12746,7.98139214515686,0.8626863360404968,0.022435224
12747,1.9547107815742493,0.6106604933738708,0.04490187
12748,2.2895899415016174,0.6288289725780487,0.04320366
12749,3.83579820394516,0.7074903249740601,0.03615848
12750,4.162086844444275,0.7228012681007385,0.034825362
12751,2.727575898170471,0.6520464420318604,0.04107913
12752,6.230248212814331,0.8076120913028717,0.02744654
12753,2.592286467552185,0.64494588971138,0.041723967
12754,3.0494922399520874,0.6686691343784332,0.03958453
12755,3.7535983324050903,0.7035573422908783,0.036502287
12756,2.4964937567710876,0.6398784518241882,0.042186677
12757,2.918037176132202,0.6619316339492798,0.040188167
12758,2.98510879278183,0.6653759479522705,0.03987903
12759,3.743997812271118,0.7030965089797974,0.036542658
12760,4.482904672622681,0.7373471558094025,0.033562537
12761,2.898445725440979,0.6609189808368683,0.040278908
12762,2.712292969226837,0.6512481868267059,0.041151468
12763,3.3703020215034485,0.6848258972167969,0.038149156
12764,4.620424509048462,0.7434335649013519,0.033035345
12765,3.266964852809906,0.6796702444553375,0.038605727
12766,7.44830846786499,0.8474886268377304,0.023855288
12767,4.239885210990906,0.7263676226139069,0.034514833
12768,3.2175782322883606,0.6771871447563171,0.03882586
12769,3.778175413608551,0.7047387659549713,0.03639915
12770,4.774294197559357,0.7501329630613327,0.032455277
12771,4.48638916015625,0.7375023365020752,0.033549074
12772,1.9259659945964813,0.6090855002403259,0.045050725
12773,4.880154728889465,0.7546643167734146,0.032062124
12774,1.1575262248516083,0.5662406384944916,0.049217973
12775,5.634588003158569,0.785398930311203,0.029394805
12776,5.6828612089157104,0.7872641086578369,0.029231897
12777,4.504783451557159,0.738321453332901,0.033478104
12778,2.4806250631809235,0.6390363574028015,0.042263824
12779,3.8831809163093567,0.709743469953537,0.035961762
12780,0.5588920041918755,0.5321278274059296,0.05272972
12781,6.401073336601257,0.8136489987373352,0.026912024
12782,4.523022472858429,0.739132434129715,0.03340788
12783,4.699175655841827,0.746876984834671,0.032737177
12784,6.1845457553863525,0.805971771478653,0.027591335
12785,3.4707841277122498,0.689798504114151,0.037710372
12786,5.075974464416504,0.7629252821207047,0.031347383
12787,2.699645757675171,0.650585949420929,0.041211437
12788,5.09516716003418,0.7637234330177307,0.031278193
12789,4.337472915649414,0.7308059632778168,0.034129217
12790,3.9015573263168335,0.7106138467788696,0.03588576
12791,3.7944164872169495,0.7055143117904663,0.036331154
12792,1.2585783004760742,0.5719467401504517,0.04864869
12793,4.6737781167030334,0.7457698881626129,0.03283304
12794,6.254339218139648,0.808472290635109,0.02737052
12795,2.789328396320343,0.6552654206752777,0.040788118
12796,3.5271409153938293,0.6925675272941589,0.037466493
12797,5.477239489555359,0.7792278975248337,0.029932158
12798,5.0906699895858765,0.7635368853807449,0.031294394
12799,4.1610682010650635,0.7227450013160706,0.034829453
12800,3.6467280983924866,0.6984005570411682,0.03695418
12801,3.5377317667007446,0.6930883228778839,0.037420828
12802,3.61320823431015,0.6967750191688538,0.03709707
12803,3.2298192381858826,0.6778021454811096,0.038771182
12804,2.57680207490921,0.644129753112793,0.041798424
12805,3.479524552822113,0.690229058265686,0.03767244
12806,4.178255498409271,0.7235367000102997,0.034760598
12807,2.0802466571331024,0.6175134181976318,0.04425758
12808,3.3181968331336975,0.6822284162044525,0.03837869
12809,1.9831354916095734,0.6122150123119354,0.044755176
12810,0.2292671613395214,0.5131936073303223,0.054769237
12811,2.7228260040283203,0.6517985165119171,0.0411016
12812,6.123568415641785,0.8037668317556381,0.027785718
12813,1.9791017472743988,0.6119949817657471,0.044775963
12814,2.0204664766788483,0.6142539978027344,0.04456323
12815,7.612314820289612,0.8523055911064148,0.023409076
12816,3.36417019367218,0.6845213174819946,0.038176097
12817,4.462978839874268,0.7364577353000641,0.033639625
12818,3.8968348503112793,0.7103900611400604,0.035905275
12819,1.467604786157608,0.5836869776248932,0.04749193
12820,1.9879205524921417,0.612477034330368,0.044730525
12821,2.5245997309684753,0.641367495059967,0.04205038
12822,6.385350227355957,0.8130990415811539,0.026960785
12823,3.602454960346222,0.6962483823299408,0.03714302
12824,4.338514804840088,0.7308586835861206,0.034125123
12825,3.9413422346115112,0.7124938368797302,0.035721768
12826,2.554665505886078,0.6429596245288849,0.041905083
12827,4.691538512706757,0.746542364358902,0.03276597
12828,6.397894024848938,0.8135387897491455,0.026921872
12829,5.083398818969727,0.763228639960289,0.0313206
12830,3.973313271999359,0.7140097320079803,0.035590522
12831,7.165388464927673,0.8388762921094894,0.024645101
12832,4.180839955806732,0.7236573696136475,0.03475026
12833,5.908935070037842,0.7958473414182663,0.02848087
12834,3.0723512172698975,0.6698352992534637,0.03948048
12835,3.812909424304962,0.706400066614151,0.036253884
12836,2.112986743450165,0.6192892491817474,0.04409108
12837,6.150033473968506,0.8047239631414413,0.027701188
12838,2.6364722847938538,0.6472719311714172,0.041512262
12839,6.2047278881073,0.8066972643136978,0.027527303
12840,0.4774891957640648,0.5274588763713837,0.05322621
12841,4.082577228546143,0.7191090881824493,0.035145614
12842,4.43389505147934,0.7351560294628143,0.033752445
12843,5.185293555259705,0.7674485892057419,0.030955322
12844,3.4340792894363403,0.6879872679710388,0.03787006
12845,2.3317663371562958,0.6310928761959076,0.042994384
12846,4.072829186916351,0.718643307685852,0.035185084
12847,3.2706955075263977,0.6798551678657532,0.03858915
12848,1.9662253558635712,0.6112911403179169,0.044842396
12849,6.828374266624451,0.8281099796295166,0.025620127
12850,5.947960615158081,0.7973086833953857,0.028353196
12851,1.4589880406856537,0.583204984664917,0.047539067
12852,4.393094480037689,0.73332279920578,0.03391137
12853,2.498481422662735,0.6399844288825989,0.04217703
12854,4.54340785741806,0.7400363981723785,0.033329565
12855,7.4170273542404175,0.8465505689382553,0.023941347
12856,3.5176679491996765,0.6921037435531616,0.037507374
12857,6.141192317008972,0.8044036477804184,0.027729396
12858,5.865964293479919,0.7942436784505844,0.028622119
12859,4.846524000167847,0.7532309591770172,0.032186504
12860,2.757728397846222,0.6536193788051605,0.04093677
12861,3.9067769050598145,0.7108603715896606,0.0358642
12862,2.3661570250988007,0.6329361498355865,0.042824484
12863,2.161947786808014,0.6219438314437866,0.04384324
12864,1.1531249433755875,0.5659925639629364,0.04924291
12865,4.281656444072723,0.7282747626304626,0.034349244
12866,6.53132438659668,0.8181547671556473,0.026511472
12867,2.2245140373706818,0.6253253519535065,0.043528557
12868,1.8991953134536743,0.6076166927814484,0.04518978
12869,3.871186077594757,0.709173321723938,0.03601146
12870,4.803183376789093,0.7513814270496368,0.032347515
12871,1.8329551815986633,0.6039754152297974,0.04553573
12872,5.56226909160614,0.7825789004564285,0.02964057
12873,0.6754632294178009,0.5388045907020569,0.05202677
12874,4.1903820633888245,0.7240958511829376,0.0347121
12875,3.8435861468315125,0.7078610956668854,0.036126066
12876,3.9885827898979187,0.7147166132926941,0.035528008
12877,2.4432362616062164,0.6370483040809631,0.04244614
12878,2.204565107822418,0.6242485344409943,0.043628648
12879,5.3215062618255615,0.7729981541633606,0.030473666
12880,4.291533827781677,0.728724479675293,0.034310207
12881,3.971901834011078,0.7139332890510559,0.035596304
12882,3.62326443195343,0.6972594559192657,0.03705414
12883,4.369856417179108,0.732254832983017,0.03400221
12884,4.4279745221138,0.7348900139331818,0.03377546
12885,3.7737902998924255,0.7045266330242157,0.036417533
12886,2.286897450685501,0.6286842823028564,0.043217048
12887,6.846937537193298,0.8287152051925659,0.025565432
12888,2.6272520422935486,0.6467879116535187,0.04155635
12889,2.5298765301704407,0.6416480839252472,0.04202485
12890,2.371428608894348,0.6332167088985443,0.0427985
12891,5.350717306137085,0.7741767913103104,0.030371355
12892,7.757234573364258,0.85645692050457,0.023021746
12893,3.8807588815689087,0.7096280455589294,0.03597179
12894,6.147981286048889,0.8046499639749527,0.027707731
12895,4.923616051673889,0.756521537899971,0.031902097
12896,4.156632423400879,0.7225401103496552,0.03484724
12897,4.572432637214661,0.7413204312324524,0.033218376
12898,3.291839063167572,0.6809159517288208,0.038495332
12899,5.648705363273621,0.7859460413455963,0.02934707
12900,2.575485110282898,0.6440593898296356,0.04180476
12901,2.3584386706352234,0.6325217485427856,0.042862553
12902,2.7693182229995728,0.6542229652404785,0.040882185
12903,3.1673085689544678,0.6746515035629272,0.039051216
12904,2.4796268343925476,0.6389836370944977,0.04226868
12905,4.267908930778503,0.7276480197906494,0.034403652
12906,6.799229383468628,0.8271529674530029,0.025706239
12907,4.782016277313232,0.7504663318395615,0.032426436
12908,3.760547935962677,0.7038910686969757,0.03647309
12909,4.0412986278533936,0.717184841632843,0.035313036
12910,7.404860258102417,0.8461900949478149,0.02397491
12911,2.7033475041389465,0.6507782340049744,0.041193873
12912,4.269766807556152,0.7277393639087677,0.034396295
12913,4.692476987838745,0.746585339307785,0.032762438
12914,5.5127012729644775,0.7806318402290344,0.029810209
12915,3.37097704410553,0.6848594844341278,0.038146194
12916,2.192038893699646,0.6235711574554443,0.04369161
12917,3.0597853660583496,0.6692031025886536,0.039537642
12918,2.398557960987091,0.6346665322780609,0.04266503
12919,3.5520249605178833,0.6937870979309082,0.037359305
12920,1.6034865379333496,0.5912694334983826,0.046754748
12921,8.079255819320679,0.865334615111351,0.022183865
12922,10.363104343414307,0.9157675132155418,0.01705473
12923,2.944839596748352,0.6633089184761047,0.040064342
12924,3.4116408228874207,0.6868771314620972,0.03796802
12925,3.439267575740814,0.6882432401180267,0.037847452
12926,5.867103338241577,0.7942849099636078,0.028618366
12927,2.87394642829895,0.6596555113792419,0.040392682
12928,4.531557559967041,0.7395108342170715,0.033375062
12929,6.015912890434265,0.7998282164335251,0.028132245
12930,3.8262394070625305,0.7070319056510925,0.036198292
12931,4.784850776195526,0.7505882829427719,0.032415852
12932,4.737420082092285,0.7485329210758209,0.03259335
12933,2.7871155738830566,0.6551496982574463,0.0407985
12934,3.285313844680786,0.6805870532989502,0.038524263
12935,3.1023508310317993,0.6713588535785675,0.039344363
12936,3.174428641796112,0.6750113368034363,0.03901922
12937,3.6506152153015137,0.6985861659049988,0.03693765
12938,6.99226438999176,0.8334134370088577,0.025141247
12939,2.3449353873729706,0.6317969262599945,0.042929243
12940,3.0479738116264343,0.6685916185379028,0.039591443
12941,2.829342782497406,0.6573415398597717,0.04060064
12942,4.213334918022156,0.725147008895874,0.034620497
12943,7.403087019920349,0.8461374640464783,0.023979805
12944,4.44610059261322,0.7357028424739838,0.03370505
12945,3.753914535045624,0.7035731375217438,0.036500957
12946,4.965598881244659,0.7582977116107941,0.031748272
12947,4.845299124717712,0.7531818747520447,0.032191046
12948,0.9542938321828842,0.5547132790088654,0.05038315
12949,1.3764487206935883,0.5785780549049377,0.047992963
12950,4.6828702092170715,0.7461644411087036,0.032798693
12951,1.0830485075712204,0.5620239675045013,0.049641807
12952,3.9582589268684387,0.7132906913757324,0.035652265
12953,3.5726767778396606,0.6947964727878571,0.03727058
12954,4.610197842121124,0.7429820895195007,0.033074256
12955,4.866941869258881,0.7541074603796005,0.03211093
12956,4.233452677726746,0.726072758436203,0.034540404
12957,2.9437020421028137,0.6632503569126129,0.04006959
12958,10.19626498222351,0.9127567335963249,0.017385485
12959,7.888835668563843,0.8601443618535995,0.02267557
12960,3.3939746022224426,0.6860015392303467,0.03804532
12961,6.9808948040008545,0.8330459743738174,0.025174174
12962,4.9619293212890625,0.7581400573253632,0.031761684
12963,2.8094863891601562,0.6563142240047455,0.04069356
12964,3.1578171253204346,0.6741731464862823,0.039093915
12965,2.89090096950531,0.6605292558670044,0.040313914
12966,5.7104045152664185,0.7883268147706985,0.02913935
12967,5.651397109031677,0.7860525250434875,0.029337978
12968,4.595060050487518,0.7423180639743805,0.03313195
12969,5.803302526473999,0.7918742448091507,0.028829351
12970,3.130195438861847,0.6727743744850159,0.039218437
12971,3.689567446708679,0.7004735469818115,0.03677237
12972,6.475430727005005,0.8162317723035812,0.026682619
12973,3.1768324971199036,0.67513307929039,0.03900842
12974,3.0155590176582336,0.666935533285141,0.03973947
12975,2.440452128648758,0.6369013488292694,0.04245975
12976,2.0229707658290863,0.6143915355205536,0.04455039
12977,2.4783098697662354,0.6389136910438538,0.042275086
12978,3.0768024921417236,0.6700598895549774,0.039460257
12979,3.75975638628006,0.7038532793521881,0.036476415
12980,4.5700424909591675,0.741214394569397,0.03322752
12981,3.933248221874237,0.7121120393276215,0.035755068
12982,5.5246007442474365,0.7810995727777481,0.029769396
12983,4.12229061126709,0.7209528684616089,0.03498529
12984,4.6320003271102905,0.7439416646957397,0.032991346
12985,4.393433332443237,0.7333370745182037,0.03391004
12986,9.964568018913269,0.9084141179919243,0.017855482
12987,4.370215833187103,0.732291042804718,0.034000807
12988,0.8970484882593155,0.551455169916153,0.0507163
12989,3.002302348613739,0.666257381439209,0.039800167
12990,1.267818808555603,0.5724675357341766,0.04859696
12991,3.042004108428955,0.6682868301868439,0.03961867
12992,6.909444332122803,0.8307508528232574,0.025382116
12993,3.894599974155426,0.7102818787097931,0.035914518
12994,3.198307156562805,0.6762149035930634,0.038912103
12995,4.154641032218933,0.722448855638504,0.03485523
12996,2.2984114289283752,0.6293026804924011,0.04315981
12997,3.7188899517059326,0.7018868029117584,0.03664844
12998,7.3783934116363525,0.8453954607248306,0.024048075
12999,7.496052980422974,0.8489038646221161,0.023724519
13000,5.827418565750122,0.7927872389554977,0.028749423
13001,6.404348015785217,0.8137617707252502,0.026901877
13002,4.923785626888275,0.7565273344516754,0.031901475
13003,5.785853266716003,0.7912113070487976,0.028887328
13004,4.179282784461975,0.7235851883888245,0.034756485
13005,2.6793617010116577,0.6495231091976166,0.041307796
13006,2.3832353949546814,0.6338476538658142,0.04274037
13007,6.2049829959869385,0.8067071735858917,0.027526492
13008,3.966818153858185,0.7136940956115723,0.035617147
13009,2.971799671649933,0.6646938323974609,0.039940186
13010,2.44952455163002,0.637383908033371,0.04241542
13011,2.2784580290317535,0.6282308399677277,0.04325907
13012,1.8739353120326996,0.6062288284301758,0.045321394
13013,5.555650591850281,0.7823203057050705,0.029663164
13014,3.390435576438904,0.6858251094818115,0.038060825
13015,3.961920440196991,0.7134639620780945,0.03563723
13016,4.268006980419159,0.7276533246040344,0.03440327
13017,7.9688239097595215,0.8623391389846802,0.02246771
13018,4.338979721069336,0.7308773398399353,0.0341233
13019,4.9261486530303955,0.7566293478012085,0.031892795
13020,4.230908453464508,0.7259548306465149,0.03455052
13021,5.899268984794617,0.7954930067062378,0.028512584
13022,4.729589521884918,0.7482013702392578,0.03262275
13023,3.4108006954193115,0.686835378408432,0.037971694
13024,4.947402477264404,0.7575319558382034,0.03181485
13025,5.285641551017761,0.771546483039856,0.030599756
13026,4.450033903121948,0.735871821641922,0.03368979
13027,4.095869958400726,0.7197271287441254,0.03509187
13028,6.8540602922439575,0.8289496600627899,0.02554448
13029,1.2621939182281494,0.5721503496170044,0.048628446
13030,2.962455451488495,0.6642123460769653,0.039983176
13031,3.992038369178772,0.7148768603801727,0.03551388
13032,2.1959634125232697,0.623783677816391,0.043671872
13033,10.092852115631104,0.9108424335718155,0.01759371
13034,1.8434104323387146,0.604546308517456,0.045480944
13035,3.4754762053489685,0.6900292634963989,0.037690006
13036,4.27143394947052,0.727808803319931,0.034389697
13037,5.764133334159851,0.7903849482536316,0.028959652
13038,2.198701947927475,0.6239317953586578,0.04365811
13039,5.057393312454224,0.7621508836746216,0.031414516
13040,7.533285021781921,0.8499959707260132,0.023623038
13041,4.437868893146515,0.7353340983390808,0.03373701
13042,7.2878265380859375,0.8426480144262314,0.024300136
13043,3.611330986022949,0.6966809928417206,0.03710509
13044,1.6453370451927185,0.5936025381088257,0.04653001
13045,3.1649425625801086,0.6745314002037048,0.03906186
13046,4.566851556301117,0.741073340177536,0.033239726
13047,3.362402617931366,0.6844333410263062,0.03818387
13048,3.036559522151947,0.668008953332901,0.03964351
13049,7.177968621253967,0.8392672091722488,0.024609433
13050,6.852755546569824,0.8289073407649994,0.025548311
13051,2.736121118068695,0.6524927914142609,0.041038733
13052,4.557545185089111,0.7406598925590515,0.03327536
13053,5.947694778442383,0.7973004132509232,0.028354065
13054,4.817640781402588,0.7519952207803726,0.032293715
13055,2.324298173189163,0.630692720413208,0.04303136
13056,3.7013086676597595,0.7010414004325867,0.0367227
13057,2.9351329803466797,0.6628095209598541,0.04010913
13058,4.290951788425446,0.7286982834339142,0.0343125
13059,2.5972530245780945,0.6452088057994843,0.041700125
13060,1.2965790927410126,0.5740875899791718,0.048436306
13061,7.585992217063904,0.8515410870313644,0.023480125
13062,8.168939352035522,0.8677227199077606,0.021955991
13063,6.100901961326599,0.8029420375823975,0.027858317
13064,3.8553795218467712,0.708419680595398,0.03607705
13065,3.5939666628837585,0.6958345770835876,0.03717934
13066,10.146663188934326,0.911842055618763,0.017485049
13067,4.483146369457245,0.7373582124710083,0.03356161
13068,2.3140719532966614,0.6301513314247131,0.043082062
13069,4.1560423374176025,0.7225140631198883,0.03484961
13070,3.0869993567466736,0.6705799400806427,0.03941396
13071,2.477881759405136,0.6388907730579376,0.042277172
13072,2.812519669532776,0.6564710140228271,0.04067935
13073,5.716090202331543,0.7885449528694153,0.029120281
13074,2.8373026847839355,0.6577564775943756,0.040563446
13075,6.786335706710815,0.8267267644405365,0.025744425
13076,2.7518942952156067,0.6533154547214508,0.04096428
13077,1.845548152923584,0.6046683490276337,0.045469753
13078,6.179113388061523,0.8057738244533539,0.027608598
13079,4.364573061466217,0.7320364713668823,0.034022905
13080,4.372914135456085,0.7324096858501434,0.033990245
13081,1.4110861718654633,0.5805227160453796,0.047801957
13082,2.8422951698303223,0.6580154895782471,0.04054014
13083,9.745784401893616,0.9041349440813065,0.018310947
13084,1.4257138967514038,0.58134326338768,0.047721524
13085,7.080199122428894,0.8362072110176086,0.024888007
13086,0.7764969766139984,0.5445791780948639,0.051425107
13087,5.955504775047302,0.7975909262895584,0.028328583
13088,2.794184982776642,0.655518114566803,0.040765315
13089,4.356477856636047,0.7316709160804749,0.034054626
13090,3.439803123474121,0.6882692873477936,0.037845116
13091,0.5989701300859451,0.5344247221946716,0.052486975
13092,0.5517107620835304,0.5317164063453674,0.052773323
13093,2.6239487528800964,0.6466138064861298,0.04157216
13094,5.86330771446228,0.794153556227684,0.028630877
13095,1.6822321712970734,0.5956443846225739,0.046332788
13096,3.912532925605774,0.7111364603042603,0.035840444
13097,7.942912578582764,0.8616334944963455,0.022534836
13098,2.7673470973968506,0.6541176438331604,0.04089146
13099,4.738574028015137,0.7485881149768829,0.032589015
13100,10.087332725524902,0.9107368141412735,0.017604893
13101,2.8888076543807983,0.6604211926460266,0.04032363
13102,2.3180605471134186,0.630357414484024,0.043062277
13103,4.196880757808685,0.7243945300579071,0.034686144
13104,5.328881740570068,0.7732966095209122,0.030447798
13105,5.0465452671051025,0.761697456240654,0.031453777
13106,2.670573592185974,0.6490610241889954,0.041349597
13107,3.904227912425995,0.7107390761375427,0.035874724
13108,4.029755592346191,0.716647207736969,0.03536
13109,2.075350135564804,0.6172438561916351,0.044282533
13110,2.9589971899986267,0.6640315353870392,0.039999094
13111,4.593609869480133,0.7422499656677246,0.03313748
13112,4.23694372177124,0.7262319624423981,0.03452652
13113,0.392170213162899,0.5225612223148346,0.053751618
13114,3.963317573070526,0.7135294675827026,0.0356315
13115,3.2476916909217834,0.6786999404430389,0.038691483
13116,4.020961225032806,0.7162315547466278,0.035395816
13117,2.7583858370780945,0.6536545157432556,0.04093368
13118,0.7285736501216888,0.5418411493301392,0.051709615
13119,6.140785217285156,0.80439093708992,0.027730698
13120,2.5365230441093445,0.642000138759613,0.0419927
13121,5.933419466018677,0.7967686951160431,0.0284007
13122,4.158468544483185,0.7226283550262451,0.034839872
13123,4.08760130405426,0.7193427979946136,0.035125297
13124,6.200711131095886,0.8065524697303772,0.027540032
13125,2.9712778329849243,0.6646668910980225,0.03994258
13126,3.2200223207473755,0.6773092150688171,0.038814936
13127,2.280239164829254,0.6283265948295593,0.043250196
13128,3.2713744044303894,0.6798888742923737,0.03858614
13129,6.052082777023315,0.8011574298143387,0.02801534
13130,3.089516758918762,0.6707076728343964,0.039402537
13131,1.4940334856510162,0.5851659774780273,0.047347646
13132,3.386538326740265,0.6856358051300049,0.038077913
13133,7.8879958391189575,0.8601198047399521,0.022677762
13134,2.1976009011268616,0.623872309923172,0.043663643
13135,8.315290808677673,0.8715421557426453,0.021589149
13136,3.7938830256462097,0.705488383769989,0.036333386
13137,2.5937315821647644,0.6450210809707642,0.041717038
13138,4.840766489505768,0.7529910504817963,0.032207847
13139,2.6745018362998962,0.6492688357830048,0.041330904
13140,3.219570517539978,0.6772869527339935,0.03881696
13141,3.3269906044006348,0.6826685667037964,0.038339853
13142,2.3469649255275726,0.6319068968296051,0.04291922
13143,2.5390323996543884,0.6421326994895935,0.04198058
13144,2.7245521545410156,0.6518884301185608,0.04109343
13145,3.241613805294037,0.678396075963974,0.038718574
13146,7.625579237937927,0.8526906818151474,0.023373358
13147,3.924448788166046,0.7116965651512146,0.035791308
13148,3.5024821758270264,0.6913581788539886,0.037573
13149,1.980423629283905,0.6120671033859253,0.044769153
13150,4.083855152130127,0.7191680669784546,0.035140447
13151,3.38062584400177,0.6853393316268921,0.03810384
13152,6.532415151596069,0.8181918561458588,0.02650814
13153,6.250048875808716,0.8083194345235825,0.027384046
13154,6.667811274528503,0.8227832168340683,0.026098134
13155,3.5831692814826965,0.695308119058609,0.03722559
13156,2.651464343070984,0.6480599045753479,0.041440673
13157,3.017374575138092,0.6670388281345367,0.03973117
13158,2.079293876886368,0.6174586117267609,0.044262435
13159,2.6355397701263428,0.6472228169441223,0.041516718
13160,2.256876975297928,0.6270695626735687,0.04336668
13161,6.263328790664673,0.8087930381298065,0.02734221
13162,2.8174757957458496,0.6567282676696777,0.04065615
13163,2.626398503780365,0.6467442512512207,0.041560434
13164,4.524779319763184,0.7392101883888245,0.03340112
13165,4.753819406032562,0.7492491006851196,0.032531872
13166,2.3286598920822144,0.6309265494346619,0.04300976
13167,4.6180906891822815,0.7433314621448517,0.033044215
13168,4.273850917816162,0.7279191017150879,0.034380123
13169,7.7991145849227905,0.8576382249593735,0.022911012
13170,1.449119746685028,0.5826529860496521,0.047593106
13171,2.531164288520813,0.6417140364646912,0.042018622
13172,5.845807194709778,0.7934817969799042,0.02868862
13173,6.95645809173584,0.8322676867246628,0.025245102
13174,6.806709170341492,0.8273987770080566,0.025684113
13175,3.7896308302879333,0.7052853107452393,0.036351174
13176,3.148205876350403,0.6736855804920197,0.0391372
13177,2.1647684276103973,0.622096449136734,0.043829005
13178,5.068897008895874,0.762628585100174,0.03137294
13179,2.1464860439300537,0.6211061477661133,0.043921355
13180,2.665177881717682,0.6487801671028137,0.041375294
13181,1.97782501578331,0.6119245886802673,0.044782545
13182,3.734981119632721,0.7026618421077728,0.03658061
13183,3.8442963361740112,0.7078948020935059,0.03612312
13184,10.333613157272339,0.915242075920105,0.017112732
13185,7.475494742393494,0.8482967466115952,0.023780739
13186,3.6070168018341064,0.6964700818061829,0.037123524
13187,3.3728736639022827,0.6849530637264252,0.03813786
13188,2.594314217567444,0.6450531184673309,0.041714236
13189,5.423117280006409,0.77707839012146,0.030119251
13190,3.709190785884857,0.7014208137989044,0.03668939
13191,3.413105010986328,0.6869494616985321,0.03796163
13192,3.422333300113678,0.6874038577079773,0.037921313
13193,5.201516151428223,0.7681144326925278,0.03089756
13194,7.372540235519409,0.8452198207378387,0.024064288
13195,2.3037011921405792,0.6295872330665588,0.04313353
13196,2.986379861831665,0.665438324213028,0.039873194
13197,3.3131521940231323,0.6819791495800018,0.038400993
13198,3.930758237838745,0.7119944095611572,0.03576532
13199,2.0945072174072266,0.6182878017425537,0.044184975
13200,2.4989478290081024,0.6400103569030762,0.04217476
13201,3.1491991877555847,0.6737359166145325,0.039132714
13202,2.3928752541542053,0.6343628764152527,0.04269296
13203,2.355414777994156,0.6323601305484772,0.042877477
13204,2.9200583696365356,0.6620332598686218,0.040178813
13205,1.4705128967761993,0.5838493406772614,0.047476023
13206,6.6059887409210205,0.8206983804702759,0.026284555
13207,5.539953112602234,0.7817035168409348,0.02971682
13208,2.7685266733169556,0.6541827321052551,0.040885914
13209,3.5389715433120728,0.6931480169296265,0.037415493
13210,4.033601880073547,0.7168258428573608,0.035344347
13211,4.150577187538147,0.7222612798213959,0.03487154
13212,7.7386391162872314,0.855930969119072,0.023071092
13213,6.770747900009155,0.8262130320072174,0.02579067
13214,4.242740273475647,0.7264980375766754,0.034503486
13215,3.508295714855194,0.6916431784629822,0.03754786
13216,7.59815514087677,0.8518958538770676,0.023447268
13217,3.525402843952179,0.6924830973148346,0.037473984
13218,4.8668792843818665,0.7541076242923737,0.03211116
13219,3.822513222694397,0.7068563103675842,0.036213815
13220,1.475071907043457,0.5841050446033478,0.047451116
13221,2.815774381160736,0.6566399335861206,0.040664107
13222,7.021819353103638,0.8343579471111298,0.025055844
13223,6.863291263580322,0.8292534202337265,0.025517344
13224,1.993284523487091,0.6127698421478271,0.044702914
13225,2.2517967224121094,0.6267958879470825,0.043392047
13226,9.91508960723877,0.9074607267975807,0.017957486
13227,4.085040986537933,0.7192239761352539,0.035135645
13228,4.478922784328461,0.7371698617935181,0.03357793
13229,7.659243941307068,0.8536611497402191,0.02328294
13230,3.6029648780822754,0.6962717175483704,0.037140843
13231,2.698778808116913,0.6505427658557892,0.04121555
13232,4.684266746044159,0.7462269365787506,0.032793414
13233,5.1611775159835815,0.766454204916954,0.03104139
13234,3.314027488231659,0.6820228099822998,0.03839712
13235,10.387386083602905,0.9161983579397202,0.017007118
13236,2.0989178121089935,0.6185203492641449,0.044162553
13237,4.7757455706596375,0.7501956671476364,0.032449856
13238,4.81572300195694,0.7519155591726303,0.03230085
13239,2.096797078847885,0.618409663438797,0.04417333
13240,1.9547539949417114,0.6106626987457275,0.04490165
13241,6.469935774803162,0.8160417973995209,0.026699508
13242,3.989528715610504,0.7147612869739532,0.035524145
13243,4.667326509952545,0.7454873025417328,0.03285744
13244,3.1864556670188904,0.675618588924408,0.03896523
13245,1.476777195930481,0.5842006802558899,0.0474418
13246,4.6856072545051575,0.7462843954563141,0.032788355
13247,1.9091439247131348,0.6081633865833282,0.045138057
13248,2.2599072754383087,0.6272328495979309,0.043351553
13249,9.821779131889343,0.9056405648589134,0.018151438
13250,2.70438551902771,0.6508340835571289,0.041188948
13251,3.5642841458320618,0.6943859159946442,0.037306614
13252,2.547714412212372,0.6425947844982147,0.041938636
13253,6.025305986404419,0.8001731932163239,0.028101837
13254,6.644608378410339,0.8220052421092987,0.026167946
13255,6.428213715553284,0.8145952075719833,0.026828064
13256,4.074890613555908,0.718751847743988,0.03517673
13257,5.044630169868469,0.761617586016655,0.031460714
13258,5.536110997200012,0.7815525829792023,0.029729968
13259,2.1886782348155975,0.6233898997306824,0.04370852
13260,4.610517919063568,0.7429985404014587,0.03307304
13261,6.0399240255355835,0.8007111549377441,0.02805458
13262,5.955166816711426,0.797574520111084,0.028329682
13263,4.490213692188263,0.7376731038093567,0.033534307
13264,3.126790225505829,0.6726003885269165,0.03923381
13265,10.321853160858154,0.9150326400995255,0.017135918
13266,4.688446521759033,0.7464084029197693,0.032777645
13267,3.830048441886902,0.7072154879570007,0.03618242
13268,4.535176157951355,0.7396717369556427,0.033361163
13269,2.1749427914619446,0.6226465106010437,0.043777693
13270,6.897760033607483,0.8303722739219666,0.025416285
13271,3.346075415611267,0.6836203336715698,0.038255706
13272,6.583460569381714,0.8199338018894196,0.02635281
13273,6.40339195728302,0.8137304931879044,0.02690484
13274,5.332995057106018,0.7734625786542892,0.030433387
13275,3.8209426403045654,0.706781655550003,0.03622037
13276,3.1173962354660034,0.6721238791942596,0.03927626
13277,5.580663681030273,0.7832989692687988,0.029577866
13278,3.0419814586639404,0.6682851612567902,0.039618764
13279,6.7417603731155396,0.8252527862787247,0.025876883
13280,8.813132047653198,0.8838408440351486,0.020386536
13281,7.54786491394043,0.8504288792610168,0.023583418
13282,4.834789931774139,0.7527342289686203,0.032230016
13283,3.2903891801834106,0.6808420717716217,0.038501754
13284,5.647555589675903,0.7859019786119461,0.029350953
13285,4.900395572185516,0.7555351406335831,0.031987492
13286,5.653200745582581,0.786120593547821,0.029331883
13287,4.483759105205536,0.7373848855495453,0.03355924
13288,6.985539793968201,0.8332006633281708,0.025160715
13289,4.593259692192078,0.7422386705875397,0.033138815
13290,6.51128351688385,0.8174667954444885,0.02657271
13291,5.63123881816864,0.7852690517902374,0.029406145
13292,5.7514142990112305,0.7898949682712555,0.029002089
13293,7.459183931350708,0.847811684012413,0.023825435
13294,4.017079174518585,0.7160529792308807,0.035411645
13295,2.1466773748397827,0.6211168766021729,0.043920383
13296,2.9126179218292236,0.6616475582122803,0.040213242
13297,5.276923775672913,0.7711925059556961,0.03063048
13298,4.498852491378784,0.7380609512329102,0.03350097
13299,5.793057680130005,0.7914856970310211,0.028863378
13300,7.205172777175903,0.8401113599538803,0.024532478
13301,2.8943508863449097,0.6607078015804291,0.040297903
13302,5.1630401611328125,0.7665323317050934,0.031034732
13303,3.669712245464325,0.6995135247707367,0.036856532
13304,3.2494765520095825,0.6787906289100647,0.038683537
13305,7.296939492225647,0.8429286032915115,0.024274653
13306,7.038020491600037,0.8348724395036697,0.025009153
13307,5.042997598648071,0.7615482807159424,0.03146662
13308,8.285608291625977,0.8707760572433472,0.021663047
13309,4.287530183792114,0.7285425364971161,0.03432602
13310,4.513206779956818,0.7387012839317322,0.033445653
13311,4.158533215522766,0.7226284444332123,0.034839615
13312,4.866092503070831,0.7540738433599472,0.032114074
13313,7.321321964263916,0.8436778485774994,0.024206609
13314,4.721676707267761,0.7478567957878113,0.032652482
13315,3.9304766058921814,0.7119804322719574,0.03576648
13316,0.5150056630373001,0.52961266040802,0.052996807
13317,4.665670096874237,0.7454159259796143,0.032863706
13318,5.386040806770325,0.7755966037511826,0.030248089
13319,3.6438441276550293,0.6982601583003998,0.036966458
13320,7.529221773147583,0.8498809486627579,0.023634093
13321,2.902325987815857,0.6611191630363464,0.040260926
13322,4.28847074508667,0.7285855710506439,0.034322307
13323,3.9875343441963196,0.7146680355072021,0.035532296
13324,3.2302263379096985,0.6778241395950317,0.038769364
13325,4.121082127094269,0.7208964824676514,0.034990158
13326,2.276056706905365,0.628101646900177,0.043271024
13327,2.1811185777187347,0.6229772567749023,0.04374658
13328,7.289025783538818,0.8426887542009354,0.02429678
13329,2.518267035484314,0.6410334408283234,0.042081047
13330,3.923417627811432,0.7116471827030182,0.03579556
13331,4.242131412029266,0.726470023393631,0.034505904
13332,5.698597431182861,0.7878717482089996,0.029178983
13333,4.53436940908432,0.7396358549594879,0.033364266
13334,6.593025326728821,0.8202634453773499,0.026323812
13335,3.2502827048301697,0.6788314282894135,0.038679946
13336,0.7887937128543854,0.5452821254730225,0.05135235
13337,2.963285744190216,0.6642565429210663,0.03997935
13338,4.526323676109314,0.7392789125442505,0.033395186
13339,6.9010233879089355,0.8304780870676041,0.025406735
13340,3.353855311870575,0.6840082705020905,0.038221452
13341,3.050648868083954,0.6687275469303131,0.039579246
13342,3.191101551055908,0.6758525371551514,0.038944393
13343,3.8178247213363647,0.7066339254379272,0.036233377
13344,2.7903974056243896,0.655320554971695,0.040783092
13345,5.923681855201721,0.796405017375946,0.028432557
13346,3.9709001779556274,0.7138928771018982,0.035600413
13347,3.445805609226227,0.6885656416416168,0.037818976
13348,2.963167726993561,0.6642506122589111,0.039979894
13349,9.341530203819275,0.8957567662000656,0.019183308
13350,8.203821182250977,0.8686407953500748,0.021867994
13351,3.6775019764900208,0.6998931467533112,0.03682349
13352,2.2440457344055176,0.6263784170150757,0.04343079
13353,2.9969188570976257,0.6659825444221497,0.039824843
13354,4.786826074123383,0.7506737262010574,0.032408487
13355,4.762066304683685,0.7496046721935272,0.032500997
13356,7.857491374015808,0.8592726290225983,0.022757549
13357,7.217745780944824,0.8404992371797562,0.02449699
13358,4.827462136745453,0.7524160891771317,0.032257218
13359,4.338500797748566,0.7308562695980072,0.034125183
13360,2.2960782051086426,0.6291776597499847,0.0431714
13361,2.464667409658432,0.6381875872612,0.04234154
13362,3.159569501876831,0.6742590069770813,0.03908603
13363,4.40561830997467,0.7338863015174866,0.033862505
13364,6.230735778808594,0.8076304793357849,0.027445002
13365,3.9039412140846252,0.7107264995574951,0.035875913
13366,2.6804521679878235,0.6495808660984039,0.041302603
13367,2.5566110014915466,0.6430624723434448,0.041895702
13368,6.163002848625183,0.8051946312189102,0.027659852
13369,5.51938533782959,0.7808942794799805,0.029787274
13370,2.4102304875850677,0.6352885961532593,0.04260774
13371,5.983364582061768,0.7986212521791458,0.028237863
13372,9.565420746803284,0.9004759341478348,0.01869515
13373,4.323728680610657,0.7301875948905945,0.034183268
13374,4.51541930437088,0.7387945652008057,0.033437133
13375,4.5051246881484985,0.7383390665054321,0.03347679
13376,7.3295265436172485,0.8439198732376099,0.024183754
13377,2.040751874446869,0.6153602302074432,0.04445928
13378,5.266456604003906,0.7707660794258118,0.030667422
13379,4.739742875099182,0.7486388683319092,0.032584637
13380,3.9412295818328857,0.7124881744384766,0.03572223
13381,1.0994560271501541,0.5629550218582153,0.049548116
13382,1.0899041593074799,0.5624145269393921,0.049602643
13383,3.728012442588806,0.702327162027359,0.03660997
13384,2.209174484014511,0.6244971752166748,0.043605506
13385,0.5261522904038429,0.5302502512931824,0.052928846
13386,3.412872850894928,0.6869380176067352,0.037962638
13387,3.158365786075592,0.674199253320694,0.03909144
13388,4.08222496509552,0.7190819084644318,0.035147045
13389,1.1247874796390533,0.5643883645534515,0.04940383
13390,4.062574803829193,0.7181781232357025,0.035226647
13391,3.018992245197296,0.6671112179756165,0.03972376
13392,2.1447618305683136,0.6210128664970398,0.043930072
13393,4.16407972574234,0.7228842079639435,0.034817375
13394,3.5284268856048584,0.6926312148571014,0.037460938
13395,3.57452929019928,0.6948785781860352,0.037262633
13396,2.625393569469452,0.6466892659664154,0.041565247
13397,1.9475549459457397,0.6102684736251831,0.044938885
13398,4.214722812175751,0.7252143025398254,0.03461496
13399,9.528982639312744,0.8997204825282097,0.018773744
13400,2.133447229862213,0.6203998029232025,0.04398734
13401,1.6851910948753357,0.5958080291748047,0.046317004
13402,5.987724661827087,0.7987822741270065,0.02822369
13403,4.4648149609565735,0.7365398406982422,0.03363251
13404,2.9838481545448303,0.6653116643428802,0.039884824
13405,4.131855368614197,0.7213956117630005,0.034946784
13406,5.1557862758636475,0.7662333548069,0.031060664
13407,3.3829182386398315,0.6854530870914459,0.038093783
13408,3.2380229234695435,0.6782155334949493,0.03873458
13409,4.797283709049225,0.7511239647865295,0.03236949
13410,2.9415181279182434,0.663137823343277,0.04007967
13411,3.7890782952308655,0.7052588760852814,0.03635349
13412,4.368671178817749,0.7322188317775726,0.034006853
13413,4.646483957767487,0.7445764541625977,0.032936376
13414,2.7043715119361877,0.6508423984050751,0.041189015
13415,0.5706503987312317,0.5328021347522736,0.052658375
13416,4.641041159629822,0.7443379461765289,0.03295702
13417,2.8405311703681946,0.6579183042049408,0.040548373
13418,6.480448246002197,0.8164046555757523,0.026667211
13419,6.899551749229431,0.8304353207349777,0.025411041
13420,4.409584701061249,0.7340618669986725,0.033847045
13421,4.3152958154678345,0.7298050224781036,0.03421647
13422,4.255741536617279,0.7270921766757965,0.034451876
13423,3.0221128463745117,0.6672698259353638,0.039709497
13424,2.9638299345970154,0.6642845273017883,0.039976846
13425,3.830532133579254,0.7072388827800751,0.0361804
13426,5.8160388469696045,0.7923572063446045,0.028787108
13427,3.3458438515663147,0.6836095750331879,0.038256727
13428,2.1482068300247192,0.6211995780467987,0.043912657
13429,6.638001799583435,0.8217817693948746,0.026187858
13430,3.7279334664344788,0.702325850725174,0.0366103
13431,3.638390600681305,0.6979954540729523,0.03698967
13432,2.0924828946590424,0.6181756258010864,0.044195283
13433,2.589663565158844,0.6448074877262115,0.04173658
13434,2.4012768268585205,0.6348094046115875,0.042651687
13435,2.7064189314842224,0.6509414613246918,0.04117931
13436,5.759057998657227,0.7901897132396698,0.02897658
13437,4.20417994260788,0.7247298359870911,0.034657
13438,9.137452840805054,0.8912894204258919,0.019639362
13439,2.226787358522415,0.6254468858242035,0.043517172
13440,3.9775454998016357,0.7141958773136139,0.035573184
13441,7.2224003076553345,0.840642899274826,0.024483865
13442,8.39554488658905,0.8735974729061127,0.02139059
13443,3.5332420468330383,0.6928674280643463,0.037440173
13444,3.2990989089012146,0.6812770664691925,0.03846317
13445,3.667181432247162,0.699391096830368,0.03686727
13446,5.189467668533325,0.767619401216507,0.030940453
13447,2.9626086354255676,0.664221853017807,0.039982468
13448,3.869389593601227,0.7090815305709839,0.03601891
13449,2.9200756549835205,0.6620340347290039,0.04017874
13450,3.08263897895813,0.6703578531742096,0.03943375
13451,0.7958497852087021,0.5456849336624146,0.05131065
13452,6.284751296043396,0.8095517158508301,0.027274854
13453,6.66504442691803,0.8226900994777679,0.026106449
13454,3.723921775817871,0.7021308243274689,0.036627218
13455,1.3934938609600067,0.5795353949069977,0.047898874
13456,3.950587213039398,0.7129296958446503,0.035683766
13457,4.557687342166901,0.7406697273254395,0.033274814
13458,4.8198917508125305,0.7520952224731445,0.032285348
13459,5.30466616153717,0.7723176926374435,0.030532803
13460,3.1020277738571167,0.6713434755802155,0.039345823
13461,4.867975115776062,0.7541555762290955,0.032107115
13462,2.8201448917388916,0.656876802444458,0.04064366
13463,5.91663658618927,0.7961422950029373,0.028455628
13464,4.933810830116272,0.7569532245397568,0.031864673
13465,3.3267849683761597,0.6826577186584473,0.038340766
13466,5.0474125146865845,0.7617315948009491,0.03145063
13467,5.657995343208313,0.7863063514232635,0.029315703
13468,7.584064602851868,0.8514848798513412,0.023485336
13469,1.52039036154747,0.5866367518901825,0.04720418
13470,6.62062406539917,0.8211939781904221,0.026240302
13471,2.157050669193268,0.6216786205768585,0.043867964
13472,4.453712999820709,0.7360439896583557,0.033675525
13473,6.831244230270386,0.8282038420438766,0.025611665
13474,3.950713872909546,0.7129360437393188,0.03568325
13475,3.223350942134857,0.6774775683879852,0.03880007
13476,8.80384385585785,0.8836193010210991,0.020408347
13477,2.539508640766144,0.6421642899513245,0.041978277
13478,4.701450765132904,0.7469738721847534,0.032728605
13479,2.0248745381832123,0.6144945621490479,0.04454062
13480,2.3214033246040344,0.6305373907089233,0.043045707
13481,6.738770604133606,0.8251532018184662,0.02588579
13482,4.685104787349701,0.746263712644577,0.032790255
13483,4.785438776016235,0.7506121546030045,0.03241366
13484,5.5689215660095215,0.7828404605388641,0.029617874
13485,3.280864655971527,0.6803651750087738,0.038544
13486,2.96095609664917,0.6641353666782379,0.03999008
13487,2.827211022377014,0.6572333872318268,0.040610608
13488,1.6225986182689667,0.592332661151886,0.04665198
13489,2.978743314743042,0.6650499701499939,0.03990826
13490,4.3831804394721985,0.7328692674636841,0.033950094
13491,7.354469895362854,0.8446747809648514,0.0241144
13492,2.104482203722,0.6188276410102844,0.044134267
13493,3.186863958835602,0.6756392419338226,0.0389634
13494,6.6861724853515625,0.8233988881111145,0.026043028
13495,3.3644959330558777,0.684535562992096,0.038174663
13496,3.4225431084632874,0.6874165534973145,0.037920393
13497,4.22404557466507,0.7256418764591217,0.03457783
13498,5.6472861766815186,0.7858946770429611,0.029351866
13499,2.789543569087982,0.6552766859531403,0.040787097
13500,4.6194809675216675,0.7433929741382599,0.033038933
13501,7.76888906955719,0.856786459684372,0.02299088
13502,3.8392990827560425,0.7076573371887207,0.036143903
13503,2.710844874382019,0.651172399520874,0.041158333
13504,5.316662788391113,0.7728029042482376,0.03049067
13505,3.354521095752716,0.6840413808822632,0.038218528
13506,7.675948143005371,0.854140117764473,0.023238208
13507,8.20413053035736,0.8686488419771194,0.021867216
13508,2.9962322115898132,0.6659462153911591,0.039828
13509,1.33452907204628,0.5762240290641785,0.04822515
13510,4.751386940479279,0.7491433322429657,0.03254098
13511,2.8126943111419678,0.6564797759056091,0.040678535
13512,1.062990352511406,0.560886800289154,0.04975658
13513,2.6756471395492554,0.6493315100669861,0.041325454
13514,2.9501843452453613,0.6635835766792297,0.0400397
13515,6.4475226402282715,0.8152666538953781,0.02676849
13516,4.3527573347091675,0.7315025627613068,0.034069218
13517,3.3149850368499756,0.6820702254772186,0.03839289
13518,3.8002610206604004,0.7057940661907196,0.036306717
13519,5.151385068893433,0.7660509943962097,0.031076405
13520,2.0492272078990936,0.6158221065998077,0.04441592
13521,4.3090492486953735,0.7295209765434265,0.03424109
13522,4.22222763299942,0.7255580723285675,0.03458507
13523,3.8486018776893616,0.708099752664566,0.03610522
13524,4.100436270236969,0.719941109418869,0.03507343
13525,1.1952383071184158,0.5683721899986267,0.049004745
13526,3.7210676074028015,0.701993852853775,0.036639255
13527,2.0221008360385895,0.6143431663513184,0.044554852
13528,4.8712581396102905,0.7542944103479385,0.032094978
13529,5.790503621101379,0.7913873791694641,0.028871864
13530,0.9055636823177338,0.5519404709339142,0.050666608
13531,2.534286379814148,0.6418837010860443,0.042003524
13532,2.694934904575348,0.6503395736217499,0.041233785
13533,4.712037444114685,0.7474367022514343,0.032688737
13534,4.276558458805084,0.7280447483062744,0.034369413
13535,4.506396949291229,0.7383936047554016,0.033471886
13536,0.8193498104810715,0.5470261573791504,0.05117201
13537,2.78442919254303,0.6550110280513763,0.04081112
13538,1.3773736357688904,0.5786299109458923,0.047987856
13539,4.700162410736084,0.7469156980514526,0.032733463
13540,4.039872586727142,0.7171165943145752,0.035318837
13541,0.5311184376478195,0.5305351316928864,0.05289859
13542,3.973792791366577,0.7140176296234131,0.035588555
13543,6.768742799758911,0.8261474519968033,0.025796624
13544,3.648160398006439,0.6984694004058838,0.03694809
13545,2.593589127063751,0.6450148820877075,0.04171772
13546,3.762165606021881,0.703966349363327,0.036466304
13547,7.958744764328003,0.8620675653219223,0.022493796
13548,2.046027332544327,0.615647554397583,0.044432286
13549,4.874339699745178,0.754424661397934,0.032083597
13550,5.011733770370483,0.7602387368679047,0.031580083
13551,5.873922109603882,0.7945424169301987,0.02859591
13552,6.235266327857971,0.807791531085968,0.027430687
13553,6.354280710220337,0.8120104968547821,0.027057394
13554,3.8998588919639587,0.7105344235897064,0.035892773
13555,3.1137624382972717,0.671939492225647,0.039292704
13556,1.3108322024345398,0.5748899281024933,0.048356898
13557,4.052286446094513,0.7177042663097382,0.035268396
13558,3.5399600863456726,0.6931964755058289,0.037411228
13559,5.272791385650635,0.7710245251655579,0.030645056
13560,4.609360098838806,0.7429477870464325,0.033077452
13561,4.7036150097846985,0.7470649182796478,0.032720454
13562,7.023723125457764,0.8344186097383499,0.025050357
13563,4.420767724514008,0.7345606982707977,0.033803497
13564,3.9708277583122253,0.7138848602771759,0.035600703
13565,4.7170689702034,0.7476551830768585,0.032669805
13566,3.116982877254486,0.6721031963825226,0.039278135
13567,5.402058959007263,0.7762371450662613,0.03019236
13568,6.697752475738525,0.823785275220871,0.026008327
13569,2.8621363639831543,0.6590482890605927,0.04044764
13570,4.863663911819458,0.75396528840065,0.032123055
13571,7.955002784729004,0.8619650304317474,0.022503488
13572,3.0917760729789734,0.670822262763977,0.03939229
13573,5.35302460193634,0.7742655724287033,0.03036329
13574,7.974986433982849,0.8625118583440781,0.022451773
13575,2.357140928506851,0.6324520707130432,0.04286896
13576,3.6528652906417847,0.6986974477767944,0.03692808
13577,6.000255346298218,0.799249529838562,0.028182998
13578,1.9239671528339386,0.6089741587638855,0.04506109
13579,4.173799455165863,0.7233325242996216,0.03477844
13580,4.742266535758972,0.7487479150295258,0.032575175
13581,3.755546510219574,0.7036516666412354,0.036494102
13582,2.816452383995056,0.6566742956638336,0.04066094
13583,4.227155447006226,0.7257843613624573,0.03456545
13584,2.702926993370056,0.6507580876350403,0.041195862
13585,4.640739560127258,0.7443261742591858,0.032958165
13586,2.0883193612098694,0.6179492771625519,0.044216465
13587,3.3889999985694885,0.6857546269893646,0.038067114
13588,3.857274651527405,0.708512157201767,0.03606918
13589,4.556909501552582,0.7406346201896667,0.03327779
13590,4.112201631069183,0.7204823791980743,0.03502595
13591,6.793386340141296,0.8269572407007217,0.02572354
13592,3.237190842628479,0.6781730055809021,0.038738295
13593,2.2489765286445618,0.6266435980796814,0.043406148
13594,2.7958160638809204,0.6556030511856079,0.040757652
13595,5.214208960533142,0.7686342895030975,0.030852444
13596,10.024479627609253,0.9095556139945984,0.017732745
13597,3.5001763701438904,0.6912439465522766,0.03758298
13598,2.5060510635375977,0.6403858959674835,0.042140286
13599,3.9905348420143127,0.7148136496543884,0.035520025
13600,6.516814231872559,0.8176592439413071,0.026555793
13601,5.541788935661316,0.7817703038454056,0.029710542
13602,4.09119576215744,0.7195101976394653,0.03511076
13603,0.8204608410596848,0.5470893681049347,0.051165473
13604,2.5008022785186768,0.6401074528694153,0.042165756
13605,1.4563454687595367,0.5830557346343994,0.047553517
13606,7.441372275352478,0.8472703099250793,0.023874339
13607,1.6080716252326965,0.591524749994278,0.04673007
13608,4.041662812232971,0.7172025144100189,0.035311554
13609,2.2954443097114563,0.6291438937187195,0.043174546
13610,6.742682456970215,0.8252831250429153,0.025874142
13611,4.372072219848633,0.7323755025863647,0.033993542
13612,3.3523133397102356,0.6839307844638824,0.03822824
13613,2.180563658475876,0.6229496002197266,0.043749373
13614,4.865647554397583,0.7540547251701355,0.03211572
13615,3.832422196865082,0.7073291540145874,0.036172528
13616,5.288833379745483,0.7716758847236633,0.030588513
13617,2.5294703245162964,0.6416268348693848,0.04202682
13618,3.279007375240326,0.6802709698677063,0.038552247
13619,2.0209524035453796,0.6142806708812714,0.044560734
13620,5.676018595695496,0.7870101928710938,0.029254934
13621,4.535832107067108,0.7396904826164246,0.033358645
13622,8.480421304702759,0.8757394701242447,0.021182582
13623,4.946030974388123,0.757471114397049,0.031819876
13624,6.5976786613464355,0.8204171061515808,0.026309708
13625,6.636686325073242,0.8217354863882065,0.026191823
13626,1.61529541015625,0.5919265449047089,0.04669122
13627,4.761715829372406,0.749589741230011,0.032502312
13628,5.058397650718689,0.7621926367282867,0.03141088
13629,5.565047860145569,0.7826880067586899,0.029631091
13630,1.3290852308273315,0.5759167373180389,0.048255377
13631,4.221412241458893,0.7255178689956665,0.034588315
13632,3.0553653836250305,0.6689742803573608,0.039557766
13633,7.8224605321884155,0.858294889330864,0.022849517
13634,2.8216904401779175,0.6569469571113586,0.040636428
13635,3.526461124420166,0.6925340294837952,0.03746942
13636,2.6599538326263428,0.6485058069229126,0.041400187
13637,4.306277334690094,0.7293953597545624,0.034252014
13638,2.686898410320282,0.6499186456203461,0.04127196
13639,2.7129200100898743,0.6512800455093384,0.041148502
13640,2.3543794453144073,0.6323040425777435,0.04288259
13641,6.094512343406677,0.8027087152004242,0.027878823
13642,6.284836530685425,0.809558629989624,0.02727459
13643,3.1388014554977417,0.6732087731361389,0.039179593
13644,2.6368117332458496,0.6472899317741394,0.04151064
13645,3.066052198410034,0.6695131659507751,0.039509125
13646,3.8229086995124817,0.7068773508071899,0.036212172
13647,2.9886552691459656,0.6655581891536713,0.039862752
13648,6.6534751653671265,0.8223032355308533,0.026141247
13649,6.357558965682983,0.8121282905340195,0.027047185
13650,5.444323420524597,0.7779226005077362,0.030045802
13651,3.420003652572632,0.6872908473014832,0.03793148
13652,3.9678987860679626,0.7137449085712433,0.035612717
13653,2.1450139582157135,0.621026337146759,0.043928795
13654,4.0121129155159,0.7158189415931702,0.0354319
13655,4.384088814258575,0.7329167723655701,0.033946548
13656,2.7464711666107178,0.6530330181121826,0.040989865
13657,3.929913341999054,0.7119540870189667,0.035768796
13658,5.3922271728515625,0.775843545794487,0.030226558
13659,4.858828783035278,0.7537635713815689,0.032140944
13660,3.2915741205215454,0.6809015572071075,0.03849651
13661,7.1331703662872314,0.8378699719905853,0.024736684
13662,7.647463083267212,0.8533225059509277,0.023314541
13663,5.890052318572998,0.7951465398073196,0.028542856
13664,7.7584052085876465,0.8564902096986771,0.023018645
13665,1.9731973111629486,0.6116723716259003,0.044806406
13666,2.5594645738601685,0.6432129144668579,0.041881938
13667,5.074966549873352,0.7628817707300186,0.031351022
13668,5.786476135253906,0.7912350594997406,0.028885256
13669,4.79335218667984,0.7509545385837555,0.032384142
13670,4.38707560300827,0.7330515682697296,0.033934876
13671,5.892922282218933,0.7952551692724228,0.028533429
13672,4.162121117115021,0.7227928638458252,0.03482523
13673,2.598460018634796,0.6452744901180267,0.041694332
13674,5.169286131858826,0.7667766511440277,0.031012425
13675,4.394991099834442,0.7334084510803223,0.03390396
13676,2.888396680355072,0.6604004800319672,0.04032554
13677,7.051616311073303,0.8353016972541809,0.024970036
13678,4.039937257766724,0.7171428501605988,0.035318572
13679,1.6005666553974152,0.5911073088645935,0.046770465
13680,4.024638533592224,0.7164071202278137,0.035380833
13681,3.0672863125801086,0.6695761382579803,0.039503515
13682,3.0218878388404846,0.667258232831955,0.03971053
13683,3.447282910346985,0.6886384785175323,0.037812542
13684,5.7143086194992065,0.7884761840105057,0.029126253
13685,1.7929412424564362,0.6017626225948334,0.04574599
13686,4.291553199291229,0.7287213504314423,0.034310132
13687,1.9387014210224152,0.6097829639911652,0.044984706
13688,5.959423780441284,0.7977345436811447,0.028315801
13689,3.285311460494995,0.6805870532989502,0.038524274
13690,5.373888611793518,0.7751082330942154,0.030290443
13691,2.3942427337169647,0.6344359815120697,0.04268624
13692,3.5262739658355713,0.6925255656242371,0.037470225
13693,5.412412881851196,0.7766472846269608,0.030156394
13694,8.47300112247467,0.8755535706877708,0.021200687
13695,4.294774234294891,0.7288698256015778,0.03429741
13696,4.4914186000823975,0.7377209961414337,0.033529658
13697,3.9770159125328064,0.7141700685024261,0.035575356
13698,6.7892467975616455,0.8268228322267532,0.025735801
13699,2.31827974319458,0.6303696632385254,0.04306119
13700,3.9662572741508484,0.7136675119400024,0.03561944
13701,7.233445644378662,0.8409816026687622,0.024452752
13702,3.3009308576583862,0.681368350982666,0.038455054
13703,2.1736764907836914,0.6225786209106445,0.04378407
13704,2.5103825330734253,0.6406152546405792,0.042119276
13705,6.2506866455078125,0.8083416968584061,0.027382033
13706,4.442679584026337,0.735549658536911,0.03371833
13707,5.541021227836609,0.7817454785108566,0.02971317
13708,10.140647888183594,0.9117306545376778,0.017497163
13709,6.67553186416626,0.8230413943529129,0.026074946
13710,3.686063289642334,0.7003038823604584,0.036787216
13711,1.8169251084327698,0.6030913889408112,0.045619838
13712,3.347885310649872,0.6837110221385956,0.038247734
13713,2.3610305786132812,0.6326607167720795,0.04284977
13714,4.604755342006683,0.7427445650100708,0.03309499
13715,3.778478503227234,0.7047502398490906,0.036397878
13716,7.560533285140991,0.8507995009422302,0.023549048
13717,4.299216568470001,0.7290743291378021,0.03427987
13718,2.224840223789215,0.6253427267074585,0.043526925
13719,3.6942923069000244,0.7007015645503998,0.036752377
13720,3.8144737482070923,0.7064729928970337,0.036247354
13721,7.873539924621582,0.8597183674573898,0.022715537
13722,1.8319617211818695,0.6039198637008667,0.045540933
13723,4.290180206298828,0.7286630868911743,0.03431555
13724,6.240906715393066,0.8079933673143387,0.02741288
13725,5.910087823867798,0.7958974540233612,0.028477088
13726,5.468606948852539,0.7788872420787811,0.029961921
13727,5.49441933631897,0.7799091041088104,0.029873015
13728,8.19367229938507,0.8683745861053467,0.02189356
13729,2.3808400332927704,0.633720725774765,0.042752154
13730,3.856174945831299,0.7084588706493378,0.036073744
13731,4.072142541408539,0.718623548746109,0.035187863
13732,4.632455110549927,0.7439619600772858,0.03298962
13733,5.6949979066848755,0.7877346873283386,0.029191077
13734,7.097867727279663,0.8367644548416138,0.024837429
13735,3.5967472195625305,0.695957601070404,0.03716744
13736,4.715746343135834,0.747568666934967,0.032674782
13737,7.042272090911865,0.8350088149309158,0.024996918
13738,4.668393135070801,0.7455353438854218,0.032853402
13739,0.7525230199098587,0.5432106256484985,0.051567238
13740,6.9062066078186035,0.8306472301483154,0.025391586
13741,7.978200912475586,0.8625992387533188,0.022443468
13742,4.563080370426178,0.7409074008464813,0.03325416
13743,3.9167240262031555,0.7113321125507355,0.03582315
13744,7.335466742515564,0.8440994322299957,0.024167221
13745,4.2950403690338135,0.7288847267627716,0.03429636
13746,5.048869848251343,0.7617834359407425,0.031445358
13747,3.134734332561493,0.6730038225650787,0.03919794
13748,2.135181427001953,0.6204925179481506,0.043978553
13749,4.37102198600769,0.7323279976844788,0.033997655
13750,4.4088539481163025,0.7340316772460938,0.03384989
13751,1.9126765429973602,0.6083568036556244,0.0451197
13752,2.6955291628837585,0.6503717303276062,0.04123097
13753,2.7644002437591553,0.6539677679538727,0.04090535
13754,4.813165366649628,0.751806914806366,0.032310355
13755,2.4935412406921387,0.6397222578525543,0.042201024
13756,1.406310349702835,0.5802562534809113,0.047828246
13757,4.080238044261932,0.7190011441707611,0.035155077
13758,3.9164146780967712,0.7113160789012909,0.03582443
13759,2.5082069635391235,0.6405000686645508,0.042129822
13760,5.088986754417419,0.7634669244289398,0.03130046
13761,2.427208423614502,0.6361943185329437,0.04252454
13762,4.520062506198883,0.7390016913414001,0.033419266
13763,1.829477995634079,0.6037831902503967,0.04555396
13764,6.324566602706909,0.8109638094902039,0.027150115
13765,4.398826956748962,0.7335709929466248,0.033888996
13766,8.280279636383057,0.8706371337175369,0.021676347
13767,1.9507397711277008,0.6104428470134735,0.044922408
13768,6.465256214141846,0.8158833533525467,0.026713893
13769,2.7159321308135986,0.6514377593994141,0.041134235
13770,3.1025713682174683,0.6713707447052002,0.03934336
13771,4.791084825992584,0.7508572489023209,0.0323926
13772,5.756905674934387,0.7901080548763275,0.028983764
13773,2.05364853143692,0.6160627007484436,0.044393316
13774,1.9741342961788177,0.6117229759693146,0.044801574
13775,7.577009201049805,0.8512744158506393,0.023504421
13776,1.0832840949296951,0.5620401501655579,0.04964046
13777,8.163405060768127,0.8675762861967087,0.021969981
13778,4.049771428108215,0.7175796329975128,0.035278603
13779,5.318247675895691,0.7728668302297592,0.030485101
13780,3.8308990001678467,0.7072565853595734,0.036178876
13781,4.322516620159149,0.7301209270954132,0.03418804
13782,4.652492702007294,0.7448384463787079,0.0329136
13783,6.212761998176575,0.8069843649864197,0.02750185
13784,0.7041344046592712,0.5404472351074219,0.05185532
13785,4.611223936080933,0.743028998374939,0.03307035
13786,4.328887164592743,0.730420857667923,0.034162972
13787,3.010789453983307,0.6666918694972992,0.039761297
13788,5.994556546211243,0.7990393340587616,0.028201502
13789,5.051469206809998,0.7619035243988037,0.031435948
13790,5.983219146728516,0.7986192405223846,0.02823833
13791,4.673508405685425,0.7457582652568817,0.03283406
13792,2.88043349981308,0.659986823797226,0.04036253
13793,2.0327655971050262,0.6149247288703918,0.044500187
13794,5.494139790534973,0.7798944711685181,0.029873978
13795,5.821161866188049,0.7925520688295364,0.028770138
13796,4.208211600780487,0.7249153852462769,0.03464092
13797,2.2252537310123444,0.6253650188446045,0.043524854
13798,1.8612605333328247,0.6055322587490082,0.04538758
13799,4.636013507843018,0.744117259979248,0.032976106
13800,2.715204954147339,0.651400238275528,0.041137677
13801,3.7421128153800964,0.7030042111873627,0.036550593
13802,2.967943847179413,0.664496123790741,0.03995791
13803,2.605491280555725,0.6456417739391327,0.041660592
13804,4.0494319796562195,0.7175760269165039,0.03527999
13805,4.777025282382965,0.7502508908510208,0.032445073
13806,2.3385633528232574,0.6314570605754852,0.042960748
13807,2.6154735684394836,0.6461674571037292,0.041612744
13808,2.2507041692733765,0.6267369389533997,0.04339751
13809,7.979369163513184,0.8626323938369751,0.02244045
13810,7.010072469711304,0.8339832127094269,0.025089756
13811,7.275351881980896,0.8422693461179733,0.02433506
13812,5.878916382789612,0.7947292178869247,0.028579472
13813,0.6204411014914513,0.5356548130512238,0.052357383
13814,4.294852018356323,0.7288753688335419,0.0342971
13815,3.1381258368492126,0.6731728911399841,0.03918264
13816,1.012301743030548,0.5580101907253265,0.0500478
13817,5.577565431594849,0.7831765860319138,0.029588414
13818,3.177526295185089,0.6751676797866821,0.039005302
13819,3.1117212772369385,0.671835869550705,0.03930194
13820,2.4793516099452972,0.6389688551425934,0.04227002
13821,7.391726970672607,0.8457953333854675,0.024011187
13822,5.172476768493652,0.7669213563203812,0.031001035
13823,2.2455257177352905,0.6264581084251404,0.04342339
13824,4.588687717914581,0.7420372664928436,0.033156265
13825,3.317982256412506,0.6822170615196228,0.038379643
13826,5.904850959777832,0.7957015037536621,0.028494267
13827,2.08417609333992,0.6177155375480652,0.04423756
13828,2.1719393134117126,0.6224844753742218,0.043792836
13829,5.615813136100769,0.7846706062555313,0.029458415
13830,6.807016134262085,0.8274088948965073,0.025683202
13831,6.392099857330322,0.8133361488580704,0.026939843
13832,7.978518009185791,0.8626082241535187,0.022442652
13833,1.2028825283050537,0.5688041746616364,0.048961632
13834,4.531033039093018,0.739488273859024,0.03337708
13835,2.627439498901367,0.6467970013618469,0.041555453
13836,3.8770702481269836,0.7094536423683167,0.035987075
13837,3.8676509261131287,0.7090058922767639,0.036026124
13838,4.113439917564392,0.7205422222614288,0.03502096
13839,3.4400975704193115,0.6882780492305756,0.03784383
13840,4.988882839679718,0.7592793703079224,0.031663276
13841,2.2881558537483215,0.6287519037723541,0.04321079
13842,4.262331128120422,0.7273934781551361,0.034425754
13843,7.4513983726501465,0.8475800454616547,0.0238468
13844,5.870473384857178,0.7944117784500122,0.02860727
13845,1.6129907965660095,0.5917977392673492,0.04670361
13846,4.752880930900574,0.7492079734802246,0.03253538
13847,4.181463420391083,0.7236855626106262,0.03474776
13848,5.3836411237716675,0.7754991203546524,0.030256452
13849,2.003045678138733,0.6133030652999878,0.0446527
13850,6.90049946308136,0.8304617404937744,0.025408268
13851,10.27687668800354,0.9142235517501831,0.017224878
13852,3.8988760113716125,0.7104867100715637,0.03589684
13853,1.6538141667842865,0.5940673053264618,0.04648462
13854,5.311775803565979,0.772605299949646,0.030507822
13855,5.758956074714661,0.7901864647865295,0.02897692
13856,7.694615721702576,0.8546747416257858,0.023188315
13857,2.9626864194869995,0.6642258763313293,0.039982107
13858,3.181908130645752,0.6753896772861481,0.03898564
13859,1.9199766218662262,0.6087576448917389,0.04508179
13860,4.535194039344788,0.7396704256534576,0.033361096
13861,4.847101271152496,0.7532600909471512,0.032184362
13862,4.432164430618286,0.7350786626338959,0.033759173
13863,5.086156129837036,0.7633462101221085,0.031310655
13864,2.41130530834198,0.6353464722633362,0.042602465
13865,3.631441295146942,0.697658121585846,0.03701928
13866,6.586030125617981,0.820020318031311,0.026345015
13867,1.8369580805301666,0.6041938960552216,0.045514748
13868,3.7730154395103455,0.70448899269104,0.03642078
13869,3.37022602558136,0.684822678565979,0.038149487
13870,5.857993960380554,0.7939414530992508,0.028648397
13871,2.7063456177711487,0.6509345471858978,0.041179657
13872,6.774140000343323,0.8263330012559891,0.0257806
13873,8.475592732429504,0.8756161704659462,0.021194367
13874,2.878621220588684,0.6598950624465942,0.040370956
13875,2.5610753893852234,0.643298327922821,0.041874178
13876,0.7292866706848145,0.5418826937675476,0.051705375
13877,4.824842810630798,0.752308189868927,0.03226695
13878,5.469498038291931,0.7789224535226822,0.029958852
13879,1.908131092786789,0.6081076562404633,0.045143317
13880,3.1768453121185303,0.6751346588134766,0.039008364
13881,1.7638789117336273,0.6001640260219574,0.0458993
13882,7.168731093406677,0.83897565305233,0.024635617
13883,3.47534716129303,0.6900202035903931,0.037690565
13884,2.809693217277527,0.6563242673873901,0.04069259
13885,3.929332196712494,0.7119271755218506,0.035771187
13886,4.603476524353027,0.7426889538764954,0.033099864
13887,5.661502480506897,0.7864416688680649,0.029303864
13888,6.6621822118759155,0.8225942999124527,0.026115054
13889,3.9259910583496094,0.7117691934108734,0.035784956
13890,0.7531373202800751,0.5432452857494354,0.05156359
13891,5.600306391716003,0.7840628623962402,0.029511051
13892,4.417395293712616,0.7344166338443756,0.03381663
13893,4.020190238952637,0.7161986827850342,0.035398956
13894,2.1415306627750397,0.6208377182483673,0.043946415
13895,2.944939136505127,0.6633138656616211,0.040063884
13896,2.0141805708408356,0.6139109134674072,0.044595495
13897,4.649474322795868,0.7447073459625244,0.032925043
13898,2.0035770535469055,0.6133321225643158,0.04464997
13899,6.984010934829712,0.833151325583458,0.025165148
13900,1.780475676059723,0.6010806262493134,0.04581168
13901,4.785968363285065,0.7506365329027176,0.03241168
13902,4.057931303977966,0.7179617583751678,0.03524548
13903,4.581528604030609,0.7417217195034027,0.033183604
13904,3.7119516730308533,0.7015542685985565,0.036677726
13905,3.4701746702194214,0.6897663176059723,0.03771302
13906,2.5488561391830444,0.6426526606082916,0.041933127
13907,4.335187077522278,0.730707436800003,0.03413821
13908,3.1485965847969055,0.6737051606178284,0.039135434
13909,7.908759713172913,0.8606931865215302,0.022623615
13910,6.884437203407288,0.8299393653869629,0.025455294
13911,5.030068755149841,0.7610083818435669,0.0315135
13912,4.167352020740509,0.7230352461338043,0.034804262
13913,4.277103543281555,0.7280673980712891,0.034367256
13914,6.4225345849990845,0.814396470785141,0.02684561
13915,2.300911098718643,0.6294366121292114,0.04314738
13916,0.5555162951350212,0.531934529542923,0.052750207
13917,5.7009357213974,0.7879630625247955,0.029171132
13918,4.4095733761787415,0.734064906835556,0.033847094
13919,5.089333653450012,0.763481542468071,0.031299207
13920,6.916685700416565,0.8309853672981262,0.02536096
13921,2.890150547027588,0.6604909896850586,0.0403174
13922,4.147528111934662,0.7221204340457916,0.03488378
13923,6.892128586769104,0.8301898539066315,0.025432762
13924,4.408492147922516,0.7340156137943268,0.033851303
13925,2.05892413854599,0.6163499355316162,0.04436636
13926,3.8294363021850586,0.7071861028671265,0.03618497
13927,2.7045750617980957,0.6508435606956482,0.041188046
13928,3.221724033355713,0.677395761013031,0.038807333
13929,4.86499160528183,0.7540257424116135,0.03211814
13930,2.4165911972522736,0.6356284618377686,0.042576548
13931,0.693710446357727,0.5398483574390411,0.051917586
13932,5.828225612640381,0.7928183823823929,0.028746752
13933,2.079911231994629,0.617491215467453,0.044259287
13934,5.02202570438385,0.7606781870126724,0.03154269
13935,1.8041323125362396,0.602385938167572,0.04568708
13936,4.269656240940094,0.7277280390262604,0.034396734
13937,5.0677114725112915,0.7625786662101746,0.03137722
13938,1.6849052906036377,0.5957923829555511,0.046318527
13939,4.245465099811554,0.7266226708889008,0.034492664
13940,4.648993909358978,0.7446863353252411,0.032926857
13941,7.1959638595581055,0.8398256301879883,0.0245585
13942,3.41901034116745,0.6872420012950897,0.03793582
13943,8.496460318565369,0.8761414438486099,0.021143505
13944,7.6965028047561646,0.8547311872243881,0.023183279
13945,3.737088143825531,0.7027646601200104,0.036571737
13946,2.186523675918579,0.6232734024524689,0.043719366
13947,4.769807159900665,0.7499395310878754,0.032472044
13948,4.8124659061431885,0.7517740428447723,0.032312963
13949,8.729145526885986,0.8818399682641029,0.020584613
13950,6.526409983634949,0.8179887980222702,0.026526475
13951,2.0121200382709503,0.6137987673282623,0.04460607
13952,7.737646102905273,0.8559024780988693,0.023073725
13953,2.479289025068283,0.6389650702476501,0.04227032
13954,6.977626085281372,0.8329456299543381,0.025183653
13955,4.258435964584351,0.7272155582904816,0.034441195
13956,4.789672791957855,0.7507956475019455,0.032397863
13957,4.158173203468323,0.7226119339466095,0.034841057
13958,8.328050971031189,0.8718714267015457,0.021557454
13959,4.33967649936676,0.7309102714061737,0.034120563
13960,3.089900016784668,0.6707269847393036,0.039400805
13961,2.8661194443702698,0.6592486500740051,0.040429097
13962,4.666987955570221,0.7454729378223419,0.03285872
13963,1.212039366364479,0.569320797920227,0.048910044
13964,4.689968824386597,0.7464744448661804,0.0327719
13965,2.5135141611099243,0.6407807171344757,0.04210409
13966,7.485779523849487,0.8486008197069168,0.023752594
13967,4.803185164928436,0.75137759745121,0.0323475
13968,4.419744312763214,0.7345211505889893,0.03380748
13969,1.4405131340026855,0.5821707248687744,0.047640286
13970,2.4994006752967834,0.6400314271450043,0.042172555
13971,6.029564738273621,0.8003299683332443,0.028088065
13972,5.206557512283325,0.7683200538158417,0.030879635
13973,4.374151825904846,0.732469230890274,0.033985402
13974,4.918481707572937,0.7563121616840363,0.031920955
13975,2.602832019329071,0.6455006897449493,0.04167335
13976,6.28358781337738,0.8095124065876007,0.027278509
13977,4.462515711784363,0.7364373505115509,0.033641405
13978,2.6676583290100098,0.6489098370075226,0.04136348
13979,2.492370754480362,0.6396603286266327,0.04220671
13980,2.1571439504623413,0.6216836273670197,0.043867495
13981,7.045588493347168,0.8351128399372101,0.024987372
13982,2.8427687287330627,0.6580398678779602,0.04053793
13983,2.3312439024448395,0.6310651302337646,0.04299696
13984,2.8317436575889587,0.6574695408344269,0.040589415
13985,2.6761114597320557,0.6493533849716187,0.041323252
13986,5.9332966804504395,0.7967627793550491,0.028401105
13987,6.725351810455322,0.82470703125,0.025925815
13988,6.657318472862244,0.8224291056394577,0.02612968
13989,5.923445224761963,0.7963899224996567,0.028433332
13990,3.8023126125335693,0.7058919072151184,0.03629814
13991,2.4715980887413025,0.6385568380355835,0.042307768
13992,2.9046407341957092,0.6612337827682495,0.040250193
13993,2.3513488471508026,0.6321401596069336,0.04289756
13994,5.24730384349823,0.7699850648641586,0.030735115
13995,4.102887809276581,0.720053493976593,0.035063535
13996,4.475716054439545,0.7370263636112213,0.033590324
13997,1.1814018338918686,0.5675907135009766,0.049082868
13998,4.192599952220917,0.7241956293582916,0.03470324
13999,7.735793590545654,0.8558493405580521,0.023078647
14000,3.8554647564888,0.7084265649318695,0.036076695
14001,3.590334951877594,0.6956582963466644,0.03719489
14002,4.107576012611389,0.7202706038951874,0.03504461
14003,7.697097659111023,0.8547350764274597,0.023181694
14004,6.894484162330627,0.8302659094333649,0.025425876
14005,2.50397264957428,0.6402758061885834,0.042150367
14006,3.431655764579773,0.6878668367862701,0.03788063
14007,2.5287556648254395,0.6415886878967285,0.042030275
14008,2.3547853529453278,0.6323262751102448,0.042880587
14009,2.2069472074508667,0.6243768036365509,0.04361669
14010,3.1163960695266724,0.6720731556415558,0.03928079
14011,3.169015049934387,0.6747379899024963,0.039043546
14012,3.8225752115249634,0.70685875415802,0.03621356
14013,4.502314031124115,0.7382120490074158,0.033487618
14014,5.405250191688538,0.7763642966747284,0.030181272
14015,6.410566568374634,0.8139823228120804,0.026882624
14016,5.268335342407227,0.7708447277545929,0.030660784
14017,4.393886923789978,0.7333567142486572,0.03390827
14018,4.289849698543549,0.7286482453346252,0.034316853
14019,4.777769148349762,0.7502817511558533,0.032442294
14020,8.439098000526428,0.8747005015611649,0.021283602
14021,2.4955175817012787,0.6398269534111023,0.04219142
14022,0.7752442359924316,0.5445084273815155,0.051432516
14023,4.580448269844055,0.741673469543457,0.033187736
14024,1.5123364329338074,0.5861883759498596,0.047247972
14025,4.608702659606934,0.7429207861423492,0.033079956
14026,1.0240550339221954,0.5586775541305542,0.049980115
14027,5.377871990203857,0.7752677202224731,0.030276552
14028,6.199837327003479,0.8065200299024582,0.027542802
14029,2.5419890880584717,0.6422893404960632,0.04196629
14030,4.441807270050049,0.7355105578899384,0.03372171
14031,5.089848637580872,0.7635027766227722,0.031297356
14032,6.354065537452698,0.8120015561580658,0.027058069
14033,6.118265390396118,0.8035730421543121,0.027802683
14034,4.928076863288879,0.7567109167575836,0.031885717
14035,3.0305859446525574,0.6677039265632629,0.039670777
14036,4.522913098335266,0.7391249239444733,0.033408295
14037,2.212035655975342,0.6246517896652222,0.043591134
14038,2.4602606892585754,0.6379542350769043,0.04236303
14039,3.947814106941223,0.7127974033355713,0.035695158
14040,3.7362533807754517,0.702723354101181,0.036575258
14041,4.351208508014679,0.7314325273036957,0.034075294
14042,2.328427881002426,0.630914717912674,0.04301091
14043,0.8008822053670883,0.5459723174571991,0.051280934
14044,2.096172422170639,0.6183742582798004,0.044176508
14045,5.961154103279114,0.7978008091449738,0.02831016
14046,3.2867422699928284,0.6806579828262329,0.038517933
14047,2.1785102784633636,0.6228401064872742,0.043759722
14048,3.4037771821022034,0.6864874362945557,0.03800241
14049,4.289371967315674,0.7286257743835449,0.034318745
14050,2.2222988307476044,0.6252049803733826,0.043539666
14051,5.521506071090698,0.7809777706861496,0.029779999
14052,6.110336184501648,0.8032860308885574,0.02782808
14053,3.1801792979240417,0.6753014922142029,0.038993396
14054,2.273084372282028,0.6279416084289551,0.043285836
14055,1.7839300632476807,0.6012710928916931,0.045793463
14056,5.026211738586426,0.7608440220355988,0.03152749
14057,8.366934061050415,0.8728679120540619,0.021461166
14058,1.878492832183838,0.6064797937870026,0.04529762
14059,2.883477210998535,0.6601447463035583,0.040348385
14060,3.4595921635627747,0.68924680352211,0.03775899
14061,4.849936366081238,0.753383606672287,0.032173865
14062,1.4632172882556915,0.5834416747093201,0.04751592
14063,6.183865070343018,0.8059492707252502,0.027593499
14064,2.6122891902923584,0.6460000574588776,0.041627996
14065,3.0227217078208923,0.6673018336296082,0.039706714
14066,3.95413339138031,0.7130946218967438,0.035669196
14067,9.925844669342041,0.9076675325632095,0.017935263
14068,5.229662656784058,0.7692660838365555,0.0307976
14069,5.088053941726685,0.7634282261133194,0.031303823
14070,4.022600948810577,0.7163113057613373,0.03538914
14071,6.472942233085632,0.8161458969116211,0.026690265
14072,2.1098996698856354,0.6191226243972778,0.044106748
14073,2.067136913537979,0.6167965531349182,0.04432443
14074,2.746288478374481,0.6530238091945648,0.040990725
14075,2.461577355861664,0.638023167848587,0.042356607
14076,4.986929893493652,0.7591973543167114,0.0316704
14077,4.420863687992096,0.7345713675022125,0.033803124
14078,4.8070114850997925,0.751542329788208,0.032333255
14079,2.4889646470546722,0.639479398727417,0.042223264
14080,2.652263343334198,0.6481018364429474,0.04143686
14081,4.9480995535850525,0.7575561553239822,0.031812303
14082,3.6409586668014526,0.6981194317340851,0.03697874
14083,2.1058431267738342,0.6189014613628387,0.044127356
14084,2.7360212802886963,0.6524877548217773,0.041039206
14085,4.477404952049255,0.7371019124984741,0.033583798
14086,4.907837808132172,0.755854994058609,0.031960104
14087,2.696351408958435,0.6504128873348236,0.04122706
14088,5.720378160476685,0.7887097746133804,0.029105905
14089,2.4827128648757935,0.6391531229019165,0.042253666
14090,6.560835242271423,0.8191632032394409,0.026421549
14091,4.991976618766785,0.7594096511602402,0.031652
14092,4.165959656238556,0.7229706943035126,0.034809843
14093,3.565048575401306,0.6944235563278198,0.037303336
14094,4.291256666183472,0.728713184595108,0.034311295
14095,3.7892770767211914,0.7052668929100037,0.036352657
14096,4.528121054172516,0.7393590211868286,0.033388272
14097,4.811517000198364,0.7517360597848892,0.032316487
14098,4.642305672168732,0.7443928122520447,0.032952227
14099,4.6620941162109375,0.7452618777751923,0.032877237
14100,3.242742419242859,0.6784522235393524,0.038713545
14101,4.062173068523407,0.7181571125984192,0.035228275
14102,6.0844069719314575,0.8023403137922287,0.027911276
14103,8.896968364715576,0.8857511430978775,0.020190708
14104,1.5944696962833405,0.5907684564590454,0.046803307
14105,4.257521629333496,0.7271738052368164,0.03444482
14106,0.7661612331867218,0.54398974776268,0.051486332
14107,3.715040385723114,0.7017028033733368,0.036664687
14108,3.0375969409942627,0.6680586934089661,0.03963877
14109,6.0013121366500854,0.7992749363183975,0.028179573
14110,2.9559266567230225,0.6638785898685455,0.04001324
14111,5.076655149459839,0.7629563361406326,0.031344928
14112,2.311820536851883,0.6300229132175446,0.043093223
14113,3.4461066126823425,0.6885814964771271,0.03781767
14114,1.8629445135593414,0.6056252419948578,0.045378778
14115,3.349389135837555,0.6837860345840454,0.03824112
14116,1.8969520926475525,0.6074926257133484,0.045201454
14117,2.162359356880188,0.621967226266861,0.04384117
14118,3.913029432296753,0.7111563980579376,0.03583839
14119,5.180142521858215,0.7672309279441833,0.030973688
14120,6.256718039512634,0.808555543422699,0.027363027
14121,2.9715538024902344,0.6646891534328461,0.03994131
14122,3.691500425338745,0.7005631029605865,0.03676419
14123,2.621120512485504,0.6464654505252838,0.041585695
14124,3.5544562339782715,0.6939058005809784,0.037348848
14125,6.040318012237549,0.8007244765758514,0.02805331
14126,3.5146084427833557,0.6919532120227814,0.037520584
14127,6.195717453956604,0.8063720911741257,0.027555872
14128,4.026680588722229,0.7164872288703918,0.035372518
14129,6.658455729484558,0.8224696218967438,0.026126264
14130,6.921855807304382,0.8311523050069809,0.025345871
14131,4.580457508563995,0.7416741847991943,0.0331877
14132,0.7721136510372162,0.5443296134471893,0.051451065
14133,6.713818907737732,0.8243223279714584,0.025960263
14134,2.527945041656494,0.6415460109710693,0.0420342
14135,4.263250231742859,0.7274349927902222,0.03442211
14136,1.7899033427238464,0.6016008257865906,0.045761988
14137,8.716766834259033,0.8815361931920052,0.020613968
14138,8.427729606628418,0.8744124174118042,0.021311473
14139,2.573380172252655,0.6439482867717743,0.041814897
14140,4.191984236240387,0.7241684198379517,0.0347057
14141,3.5653162002563477,0.6944367289543152,0.037302177
14142,2.126941829919815,0.6200466454029083,0.044020295
14143,8.112557530403137,0.8662249743938446,0.022098973
14144,1.2739302217960358,0.5728124380111694,0.048562773
14145,5.309218168258667,0.7725017964839935,0.030516807
14146,4.21474814414978,0.7252148389816284,0.03461486
14147,1.829126924276352,0.6037635207176208,0.045555804
14148,2.458789050579071,0.6378763020038605,0.042370208
14149,2.2384831309318542,0.6260786652565002,0.043458614
14150,2.316981703042984,0.6302994787693024,0.043067623
14151,4.094443917274475,0.7196598649024963,0.035097633
14152,7.05150842666626,0.8353005349636078,0.024970347
14153,2.8613653779029846,0.6590004563331604,0.040451232
14154,2.4287833273410797,0.6362784206867218,0.042516824
14155,6.7805904150009155,0.8265383690595627,0.02576146
14156,4.2494940757751465,0.7268068194389343,0.03447667
14157,5.255790948867798,0.7703325152397156,0.030705094
14158,4.05102014541626,0.717639297246933,0.035273537
14159,3.48390132188797,0.6904445290565491,0.037653465
14160,1.5127544105052948,0.5862115025520325,0.047245696
14161,1.9430512189865112,0.6100214421749115,0.044962194
14162,10.632952451705933,0.9204372763633728,0.016533028
14163,2.4586911499500275,0.6378695666790009,0.042370677
14164,2.8383418917655945,0.6578113734722137,0.040558603
14165,2.908228635787964,0.6614237129688263,0.04023357
14166,2.2396761178970337,0.6261422038078308,0.043452643
14167,9.48502242565155,0.8988037332892418,0.018869
14168,4.371186196804047,0.7323350608348846,0.03399701
14169,5.683702230453491,0.7872991114854813,0.029229064
14170,4.364383518695831,0.7320279479026794,0.034023646
14171,3.8406819105148315,0.7077228426933289,0.036138147
14172,2.4446040391921997,0.6371209919452667,0.042439457
14173,5.814579725265503,0.7923017144203186,0.028791947
14174,8.160552978515625,0.8675005882978439,0.0219772
14175,5.823312401771545,0.7926334291696548,0.028763013
14176,4.165194630622864,0.7229357957839966,0.03481291
14177,3.9239704608917236,0.7116729319095612,0.03579327
14178,9.44055438041687,0.8978690057992935,0.01896585
14179,2.3637552559375763,0.6328052282333374,0.042836327
14180,3.9116916060447693,0.7110925614833832,0.035843913
14181,5.428244471549988,0.7772854119539261,0.030101476
14182,7.470541596412659,0.8481471389532089,0.023794303
14183,2.3499950766563416,0.6320674419403076,0.042904243
14184,0.9450137615203857,0.5541857481002808,0.050437007
14185,5.438604950904846,0.7776951342821121,0.030065594
14186,7.309510111808777,0.8433129042387009,0.024239548
14187,2.8851035237312317,0.6602298319339752,0.040340837
14188,7.529731392860413,0.8498989939689636,0.023632707
14189,3.2983750104904175,0.6812397241592407,0.038466375
14190,7.189143896102905,0.8396144956350327,0.024577789
14191,3.751712739467621,0.7034707069396973,0.03651021
14192,7.266622185707092,0.8420020490884781,0.024359532
14193,2.457229495048523,0.6377928555011749,0.042377822
14194,2.27828711271286,0.628220796585083,0.04325991
14195,3.2526549696922302,0.6789501905441284,0.03866939
14196,2.706385552883148,0.6509386301040649,0.041179474
14197,2.544151246547699,0.6424024999141693,0.04195585
14198,2.359544485807419,0.6325809955596924,0.042857096
14199,3.743738532066345,0.7030840516090393,0.036543753
14200,5.67377507686615,0.7869168221950531,0.029262485
14201,7.6481229066848755,0.8533411771059036,0.023312772
14202,7.272852063179016,0.8421925604343414,0.024342064
14203,2.866525948047638,0.6592697501182556,0.040427208
14204,8.227284550666809,0.8692567050457001,0.021809
14205,5.06222665309906,0.7623525261878967,0.03139704
14206,5.151280164718628,0.7660474926233292,0.031076781
14207,1.5127958357334137,0.5862136781215668,0.04724547
14208,5.340413451194763,0.7737609446048737,0.030407403
14209,8.372361660003662,0.8730065822601318,0.02144776
14210,4.4490280747413635,0.735833078622818,0.033693694
14211,4.33075487613678,0.730504184961319,0.034155626
14212,4.621613621711731,0.7434856295585632,0.03303082
14213,1.4279641211032867,0.5814670026302338,0.04770916
14214,6.870250701904297,0.8294786065816879,0.025496908
14215,6.880451440811157,0.8298100680112839,0.02546698
14216,4.324454665184021,0.7302206754684448,0.034180414
14217,2.1462996304035187,0.6210956573486328,0.0439223
14218,5.805676579475403,0.7919646948575974,0.028821474
14219,3.566378951072693,0.6944886445999146,0.037297614
14220,1.085132211446762,0.5621602535247803,0.049629897
14221,4.831736385822296,0.7526033371686935,0.03224135
14222,4.157833456993103,0.7225963771343231,0.034842424
14223,4.970628917217255,0.7585075497627258,0.03172989
14224,3.8148140907287598,0.7064883410930634,0.03624594
14225,3.036893904209137,0.6680277287960052,0.03964198
14226,2.0996029675006866,0.6185610890388489,0.04415906
14227,10.087813138961792,0.9107482433319092,0.017603919
14228,6.24147355556488,0.8080132305622101,0.02741109
14229,4.638322591781616,0.744218111038208,0.032967344
14230,4.616914987564087,0.7432795166969299,0.033048693
14231,4.869421422481537,0.7542170584201813,0.03210176
14232,8.380387425422668,0.8732116371393204,0.021427952
14233,5.5307334661483765,0.7813411504030228,0.02974838
14234,4.087478518486023,0.7193370163440704,0.03512579
14235,3.9377495646476746,0.7123244106769562,0.035736542
14236,5.5658334493637085,0.7827187776565552,0.029628415
14237,2.461821436882019,0.6380369961261749,0.04235542
14238,3.9444315433502197,0.7126394808292389,0.03570907
14239,4.601269066333771,0.7425908744335175,0.033108275
14240,6.602309942245483,0.8205743134021759,0.026295688
14241,3.606032133102417,0.6964226067066193,0.037127733
14242,2.5506487488746643,0.6427474915981293,0.041924465
14243,2.945045828819275,0.6633194088935852,0.040063396
14244,9.632906317710876,0.9018594995141029,0.018550461
14245,3.916500508785248,0.7113221287727356,0.03582408
14246,4.2829883098602295,0.7283356487751007,0.03434398
14247,4.246478974819183,0.7266688346862793,0.03448864
14248,6.8980103731155396,0.8303811699151993,0.025415555
14249,2.628767490386963,0.6468741297721863,0.041549105
14250,4.32118147611618,0.73006871342659,0.034193296
14251,2.8764423727989197,0.6597815155982971,0.040381074
14252,5.32536506652832,0.77315454185009,0.03046013
14253,7.132488489151001,0.8378501534461975,0.024738628
14254,4.4708022475242615,0.736807256937027,0.033609334
14255,4.331526160240173,0.7305412590503693,0.034152597
14256,2.5436386466026306,0.6423763334751129,0.04195832
14257,3.240562081336975,0.6783450841903687,0.03872326
14258,3.8955524563789368,0.7103298008441925,0.035910584
14259,1.941106915473938,0.6099151372909546,0.044972252
14260,1.920226514339447,0.6087707877159119,0.045080494
14261,3.896225094795227,0.7103636264801025,0.035907798
14262,2.0062926411628723,0.6134806275367737,0.044636007
14263,2.7846893668174744,0.6550244987010956,0.040809896
14264,2.408389449119568,0.6351911425590515,0.04261677
14265,4.517359435558319,0.7388809621334076,0.033429664
14266,1.3198061287403107,0.5753947496414185,0.04830696
14267,4.327647089958191,0.7303656339645386,0.034167852
14268,4.1017961502075195,0.7200005650520325,0.035067935
14269,6.008082628250122,0.7995362281799316,0.028157614
14270,1.5528367459774017,0.5884482264518738,0.04702818
14271,7.320234179496765,0.8436374813318253,0.024209637
14272,4.549350738525391,0.7402997314929962,0.033306766
14273,4.8995473980903625,0.7555001825094223,0.031990618
14274,3.291046619415283,0.6808740496635437,0.038498845
14275,6.644263863563538,0.8219916075468063,0.02616898
14276,4.695801734924316,0.7467375993728638,0.0327499
14277,4.497724175453186,0.738007664680481,0.03350532
14278,3.346380591392517,0.6836361289024353,0.038254365
14279,4.268882572650909,0.7276925444602966,0.034399796
14280,2.1834558248519897,0.6231080889701843,0.043734804
14281,2.1275311708450317,0.6200786232948303,0.044017307
14282,3.951503038406372,0.7129733860492706,0.03568
14283,10.369104146957397,0.9158741906285286,0.017042954
14284,7.699453830718994,0.8548140078783035,0.023175402
14285,5.5110132694244385,0.780562162399292,0.029816
14286,3.427000343799591,0.6876365542411804,0.037900936
14287,4.689485430717468,0.7464550137519836,0.03277372
14288,3.0612751841545105,0.669269859790802,0.03953086
14289,3.0080753564834595,0.6665576994419098,0.03977372
14290,4.576738476753235,0.7415102422237396,0.03320191
14291,1.7727376520633698,0.6006532609462738,0.045852512
14292,2.273915559053421,0.6279863715171814,0.043281693
14293,2.7084949612617493,0.6510500609874725,0.04116947
14294,2.0033451914787292,0.6133097112178802,0.044651162
14295,2.7826327085494995,0.654917299747467,0.040819567
14296,7.778072357177734,0.8570468872785568,0.022966584
14297,4.41695511341095,0.7343958020210266,0.033818338
14298,4.000875949859619,0.7152935862541199,0.03547776
14299,4.237122535705566,0.7262395322322845,0.03452581
14300,5.411467552185059,0.7766093313694,0.030159673
14301,7.71833598613739,0.8553528636693954,0.023125079
14302,6.835131049156189,0.8283313363790512,0.025600206
14303,4.354502260684967,0.7315802276134491,0.034062374
14304,1.99183851480484,0.6126908361911774,0.04471035
14305,3.772789239883423,0.70447838306427,0.036421727
14306,2.769114375114441,0.6542128622531891,0.040883146
14307,6.72514021396637,0.8247012794017792,0.02592645
14308,3.7001952528953552,0.7009864747524261,0.036727406
14309,7.469796538352966,0.8481271713972092,0.023796344
14310,2.0464472472667694,0.6156699657440186,0.044430133
14311,4.55894261598587,0.7407232522964478,0.033270005
14312,3.6691156029701233,0.699484258890152,0.036859058
14313,4.0191879868507385,0.7161515951156616,0.03540305
14314,5.468459725379944,0.7788813263177872,0.029962432
14315,2.5391948223114014,0.642141580581665,0.04197979
14316,2.478215843439102,0.6389082670211792,0.042275544
14317,6.817223429679871,0.8277446776628494,0.025653042
14318,5.287476181983948,0.7716169953346252,0.030593293
14319,7.878005504608154,0.8598419278860092,0.022703866
14320,4.309646785259247,0.729546457529068,0.03423873
14321,6.1202216148376465,0.8036448657512665,0.02779643
14322,6.7021238803863525,0.8239335715770721,0.025995238
14323,3.477582633495331,0.6901333332061768,0.037680864
14324,2.7021291851997375,0.6507153213024139,0.04119965
14325,4.1887155175209045,0.7240197658538818,0.034718763
14326,3.0030739307403564,0.6662972867488861,0.039796628
14327,5.2692872285842896,0.770883247256279,0.030657424
14328,5.865424275398254,0.7942202538251877,0.0286239
14329,3.7351322174072266,0.7026702463626862,0.03657997
14330,7.240275144577026,0.8411950767040253,0.024433535
14331,0.8643753081560135,0.5495940446853638,0.05090743
14332,3.1232964992523193,0.6724229156970978,0.039249595
14333,5.119550824165344,0.764735758304596,0.031190509
14334,1.9088780879974365,0.6081482470035553,0.045139436
14335,5.908433198928833,0.7958369851112366,0.028482521
14336,5.750001668930054,0.7898440659046173,0.029006807
14337,2.320217341184616,0.6304737627506256,0.043051586
14338,5.922832489013672,0.7963730245828629,0.028435338
14339,3.9939165115356445,0.7149673104286194,0.035506204
14340,5.102216005325317,0.7640164345502853,0.03125282
14341,3.2172396779060364,0.6771702170372009,0.038827375
14342,6.9270360469818115,0.8313202410936356,0.02533076
14343,6.477113366127014,0.8162898123264313,0.026677452
14344,2.352803498506546,0.6322201192378998,0.042890377
14345,4.79475736618042,0.751012846827507,0.0323789
14346,5.605287551879883,0.7842597514390945,0.029494135
14347,3.980591595172882,0.7143403589725494,0.035560712
14348,2.777247726917267,0.6546367406845093,0.04084488
14349,3.0549031496047974,0.6689441502094269,0.039559867
14350,4.697015285491943,0.7467816472053528,0.032745324
14351,5.816712379455566,0.7923824787139893,0.028784879
14352,5.80118715763092,0.7917884588241577,0.028836375
14353,7.073690295219421,0.836001843214035,0.02490666
14354,2.302352339029312,0.6295143067836761,0.043140225
14355,5.163789987564087,0.7665632367134094,0.031032056
14356,4.1437384486198425,0.7219452261924744,0.034899004
14357,4.234890639781952,0.7261388599872589,0.03453468
14358,6.926282644271851,0.8312955647706985,0.025332956
14359,4.12770688533783,0.721203476190567,0.03496348
14360,6.199021339416504,0.8064926862716675,0.027545393
14361,8.613108396530151,0.8790272921323776,0.020861456
14362,7.194878458976746,0.8397925049066544,0.02456157
14363,3.1308290362358093,0.67280513048172,0.039215576
14364,2.659364342689514,0.6484749019145966,0.041403
14365,2.617284655570984,0.6462628245353699,0.041604068
14366,5.275038480758667,0.7711145281791687,0.030637128
14367,2.300071120262146,0.6293923258781433,0.043151557
14368,3.824913501739502,0.706969827413559,0.036203813
14369,3.908325433731079,0.7109342515468597,0.035857808
14370,4.217511415481567,0.7253422439098358,0.034603853
14371,3.0471333861351013,0.6685487329959869,0.039595276
14372,2.7559927105903625,0.6535296440124512,0.040944945
14373,3.0373993515968323,0.6680517494678497,0.039639674
14374,2.4073997139930725,0.6351385414600372,0.042621624
14375,2.065999358892441,0.6167357265949249,0.044330236
14376,4.224686026573181,0.7256712019443512,0.03457528
14377,0.5274766311049461,0.530327171087265,0.052920777
14378,3.8829779624938965,0.7097343504428864,0.0359626
14379,2.526204288005829,0.6414536833763123,0.04204262
14380,2.1138253808021545,0.6193349063396454,0.044086818
14381,2.9400327801704407,0.6630605459213257,0.04008652
14382,2.704188823699951,0.6508238911628723,0.041189887
14383,7.9955363273620605,0.8630721122026443,0.022398716
14384,2.642114758491516,0.6475694477558136,0.041485306
14385,7.11753249168396,0.8373814076185226,0.02478126
14386,4.264670014381409,0.727500319480896,0.034416486
14387,4.4736674427986145,0.7369348704814911,0.03359825
14388,2.7793169021606445,0.6547448635101318,0.04083515
14389,8.082444667816162,0.8654197603464127,0.02217572
14390,5.704823732376099,0.7881126701831818,0.029158073
14391,2.929091155529022,0.6624983847141266,0.04013706
14392,1.9383640587329865,0.6097647845745087,0.044986457
14393,2.8779155015945435,0.6598578691482544,0.040374227
14394,3.4075433015823364,0.6866740584373474,0.037985936
14395,3.863915503025055,0.708827406167984,0.036041617
14396,2.920466363430023,0.6620541512966156,0.040176928
14397,4.41565215587616,0.7343341708183289,0.03382341
14398,4.6454209089279175,0.7445298135280609,0.03294041
14399,2.4513638019561768,0.637480616569519,0.04240644
14400,5.227912068367004,0.7691950649023056,0.030803807
14401,7.12249219417572,0.8375368863344193,0.024767118
14402,3.134850859642029,0.6730089783668518,0.03919742
14403,2.1752984821796417,0.6226662993431091,0.043775897
14404,1.4866848289966583,0.5847528874874115,0.04738771
14405,2.157125324010849,0.6216815114021301,0.043867584
14406,3.7054836750030518,0.701242059469223,0.036705054
14407,4.93600457906723,0.7570473402738571,0.031856626
14408,5.052852034568787,0.7619612067937851,0.031430945
14409,3.2255834341049194,0.6775896549224854,0.038790092
14410,3.7309128046035767,0.7024672031402588,0.036597747
14411,4.182814955711365,0.7237478196620941,0.034742355
14412,7.506488561630249,0.849212184548378,0.023696031
14413,4.056079089641571,0.7178752720355988,0.035253
14414,3.8253697752952576,0.7069929242134094,0.036201913
14415,6.509460210800171,0.8173994868993759,0.02657829
14416,5.3139179944992065,0.7726937681436539,0.0305003
14417,4.505501985549927,0.7383543252944946,0.033475332
14418,3.814004957675934,0.7064504325389862,0.03624931
14419,5.183646082878113,0.7673803120851517,0.030961199
14420,3.0694225430488586,0.6696672737598419,0.0394938
14421,1.9458483159542084,0.6101748049259186,0.044947714
14422,2.4026094377040863,0.634882926940918,0.042645145
14423,3.8843396306037903,0.7097976207733154,0.035956968
14424,4.29061621427536,0.7286832332611084,0.03431383
14425,5.569866895675659,0.7828764617443085,0.029614655
14426,4.426185786724091,0.7348102331161499,0.03378242
14427,2.254023402929306,0.626915842294693,0.043380924
14428,2.5136831402778625,0.6407905220985413,0.042103276
14429,2.4965596199035645,0.6398824155330658,0.042186365
14430,4.199226200580597,0.7245026230812073,0.03467678
14431,3.6745962500572205,0.6997497975826263,0.036835812
14432,2.125808745622635,0.6199858486652374,0.044026036
14433,5.731697082519531,0.7891460657119751,0.029068002
14434,0.7999414205551147,0.5459176898002625,0.05128649
14435,2.5073441863059998,0.6404547989368439,0.04213401
14436,5.736562609672546,0.7893232852220535,0.02905172
14437,4.373473525047302,0.73243847489357,0.03398805
14438,3.843913972377777,0.7078768908977509,0.036124703
14439,4.428487122058868,0.7349118888378143,0.033773467
14440,7.543730139732361,0.8503066003322601,0.023594648
14441,2.7307233214378357,0.6522107124328613,0.041064244
14442,7.680211067199707,0.854262039065361,0.023226803
14443,3.499555289745331,0.6912143528461456,0.037585665
14444,3.1843772530555725,0.6755142509937286,0.038974553
14445,2.423059493303299,0.6359733641147614,0.042544857
14446,2.4598267674446106,0.6379314661026001,0.04236514
14447,4.5483702421188354,0.7402561902999878,0.03331053
14448,7.676399350166321,0.8541498482227325,0.023236997
14449,5.035869479179382,0.7612512111663818,0.031492457
14450,3.912251591682434,0.7111198902130127,0.035841607
14451,6.315603852272034,0.8106476217508316,0.027178146
14452,4.021545648574829,0.7162619829177856,0.035393443
14453,0.424363873898983,0.5244088768959045,0.053552754
14454,7.78813362121582,0.8573297262191772,0.022939997
14455,3.996177911758423,0.7150734066963196,0.035496958
14456,3.375994861125946,0.6851085722446442,0.03812416
14457,2.1401895582675934,0.6207650005817413,0.043953203
14458,1.1160800606012344,0.5638954341411591,0.049453385
14459,7.1368467807769775,0.8379860669374466,0.024726218
14460,5.032593607902527,0.7611140757799149,0.031504337
14461,6.937583088874817,0.8316599428653717,0.025300022
14462,1.0422306507825851,0.559709906578064,0.049875636
14463,4.107381999492645,0.7202616631984711,0.035045393
14464,10.23574709892273,0.9134771749377251,0.017306637
14465,2.829465866088867,0.6573503315448761,0.040600065
14466,3.522145450115204,0.6923234164714813,0.03748804
14467,1.8168115615844727,0.6030842959880829,0.045620438
14468,5.699664354324341,0.787913903594017,0.029175397
14469,5.1797521114349365,0.7672202289104462,0.030975081
14470,4.077128171920776,0.7188559174537659,0.035167668
14471,2.5299081206321716,0.64164999127388,0.0420247
14472,4.941001832485199,0.7572600543498993,0.031838305
14473,4.972093105316162,0.7585722506046295,0.031724542
14474,4.8226481676101685,0.7522110939025879,0.032275103
14475,2.2266103327274323,0.6254381835460663,0.043518063
14476,2.922098934650421,0.6621382236480713,0.040169373
14477,2.917623519897461,0.6619077920913696,0.04019007
14478,3.0607086420059204,0.6692408323287964,0.039533436
14479,3.0077341198921204,0.6665353775024414,0.039775282
14480,2.9980307817459106,0.6660390794277191,0.039819747
14481,2.2750045359134674,0.628044992685318,0.043276265
14482,4.437178671360016,0.7353034913539886,0.033739693
14483,4.013409316539764,0.7158785462379456,0.03542661
14484,5.506361126899719,0.7803806662559509,0.029831972
14485,3.280153274536133,0.6803286373615265,0.038547162
14486,4.491300284862518,0.7377212643623352,0.033530116
14487,3.7873175740242004,0.7051748633384705,0.036360864
14488,2.600855529308319,0.645397424697876,0.04168283
14489,1.9523635506629944,0.6105320155620575,0.044914007
14490,2.3031288385391235,0.6295565962791443,0.043136366
14491,0.8687860518693924,0.5498452186584473,0.05088159
14492,4.873635768890381,0.7543940842151642,0.032086194
14493,8.062413930892944,0.864881232380867,0.022226924
14494,4.833435118198395,0.7526769042015076,0.032235045
14495,4.382197260856628,0.7328313291072845,0.033953935
14496,5.233544111251831,0.7694250643253326,0.03078384
14497,4.128787517547607,0.7212535440921783,0.034959134
14498,5.452051162719727,0.7782295793294907,0.030019084
14499,2.4317507445812225,0.6364372968673706,0.04250231
14500,4.284954071044922,0.7284251153469086,0.03433621
14501,3.8277649879455566,0.7071045339107513,0.036191933
14502,8.972106575965881,0.8875443637371063,0.020016802
14503,8.24554443359375,0.8697336763143539,0.021763204
14504,6.272793412208557,0.8091296553611755,0.02731243
14505,8.131917119026184,0.8667402118444443,0.022049773
14506,4.9508726596832275,0.7576764523983002,0.031802144
14507,2.0775002241134644,0.6173626184463501,0.04427159
14508,2.2157587110996246,0.6248513460159302,0.043572463
14509,2.1299485862255096,0.6202097237110138,0.04400506
14510,4.31981086730957,0.7300093472003937,0.034198686
14511,3.191184103488922,0.6758564412593842,0.038944025
14512,3.8144969940185547,0.7064739167690277,0.03624726
14513,6.800398826599121,0.8271914571523666,0.025702776
14514,4.737563729286194,0.7485432326793671,0.03259281
14515,5.176683664321899,0.7670970410108566,0.030986022
14516,10.019913911819458,0.9094687551259995,0.017742071
14517,2.7439317107200623,0.6528970301151276,0.041001845
14518,4.37691330909729,0.7325913310050964,0.0339746
14519,1.651824712753296,0.5939567387104034,0.04649527
14520,4.513075053691864,0.738690584897995,0.033446155
14521,7.241322994232178,0.841225653886795,0.024430586
14522,0.6441115587949753,0.5370103120803833,0.05221489
14523,3.48239004611969,0.690369725227356,0.037660018
14524,2.8186199069023132,0.6567876040935516,0.040650796
14525,4.258288145065308,0.7272087335586548,0.034441788
14526,4.530373811721802,0.7394586205482483,0.033379614
14527,2.2388049960136414,0.6260957419872284,0.043457005
14528,3.345913887023926,0.6836156845092773,0.038256418
14529,9.723570942878723,0.9036897718906403,0.018357836
14530,2.790115773677826,0.6553068459033966,0.04078441
14531,2.7642059326171875,0.6539581120014191,0.040906254
14532,6.8342918157577515,0.8283028304576874,0.02560268
14533,2.5084152817726135,0.6405112445354462,0.04212882
14534,3.4841468930244446,0.6904564201831818,0.037652407
14535,4.561334550380707,0.7408296763896942,0.03326085
14536,3.3645474910736084,0.6845392882823944,0.03817444
14537,2.0134124159812927,0.6138660907745361,0.04459944
14538,2.2870056331157684,0.6286901235580444,0.043216515
14539,3.6252757906913757,0.6973541378974915,0.037045565
14540,2.4291323125362396,0.6362971365451813,0.042515118
14541,3.478812575340271,0.6901939511299133,0.03767553
14542,3.933749794960022,0.7121357619762421,0.035753004
14543,4.271392822265625,0.7278079092502594,0.03438986
14544,4.831132888793945,0.7525783330202103,0.032243587
14545,7.08586573600769,0.8363845199346542,0.024871768
14546,1.653570979833603,0.5940532982349396,0.046485923
14547,3.457799553871155,0.6891579627990723,0.03776679
14548,6.275115013122559,0.8092126548290253,0.027305136
14549,4.596288502216339,0.7423717677593231,0.033127267
14550,4.8874542117118835,0.7549874186515808,0.032035194
14551,2.654067873954773,0.6481966078281403,0.041428253
14552,4.508606493473053,0.738491952419281,0.03346337
14553,7.605072855949402,0.8520957082509995,0.0234286
14554,0.2893421798944473,0.5166499018669128,0.054391727
14555,2.9718244075775146,0.6646950244903564,0.039940067
14556,2.868148684501648,0.659353643655777,0.040419653
14557,4.7666749358177185,0.7498046159744263,0.032483757
14558,5.077233910560608,0.7629736959934235,0.031342838
14559,4.609043300151825,0.7429327070713043,0.033078656
14560,3.7682977318763733,0.7042630314826965,0.03644057
14561,2.0659153163433075,0.6167306303977966,0.04433066
14562,3.4280645847320557,0.6876896917819977,0.037896294
14563,5.100385546684265,0.7639352381229401,0.031259414
14564,3.2922106981277466,0.6809337139129639,0.03849368
14565,6.741157174110413,0.8252323567867279,0.025878683
14566,3.588031232357025,0.6955453753471375,0.03720476
14567,4.042297005653381,0.7172368168830872,0.03530898
14568,8.280839920043945,0.8706517964601517,0.021674944
14569,2.819248139858246,0.6568202674388885,0.04064785
14570,4.0528178215026855,0.7177232503890991,0.035266235
14571,2.130485028028488,0.6202388405799866,0.04400234
14572,2.22648486495018,0.6254312098026276,0.04351869
14573,2.2925329208374023,0.6289873421192169,0.043189023
14574,4.209408462047577,0.7249705791473389,0.034636144
14575,3.9852842688560486,0.7145589292049408,0.035541505
14576,4.005137383937836,0.715484231710434,0.03546036
14577,3.0533939599990845,0.6688680052757263,0.03956674
14578,4.139195084571838,0.721735417842865,0.034917273
14579,4.520154893398285,0.7390031814575195,0.033418912
14580,1.4575488865375519,0.5831247270107269,0.047546934
14581,3.874206840991974,0.7093166708946228,0.035998937
14582,3.81214439868927,0.7063620090484619,0.036257077
14583,4.420017898082733,0.7345336675643921,0.033806413
14584,6.994616985321045,0.8334906250238419,0.02513444
14585,2.076135277748108,0.6172864139080048,0.044278536
14586,6.791982054710388,0.8269170075654984,0.025727695
14587,5.237557888031006,0.7695890963077545,0.030769622
14588,2.3513154685497284,0.6321402192115784,0.04289773
14589,4.001191556453705,0.7153085768222809,0.035476472
14590,7.596334218978882,0.8518347889184952,0.023452185
14591,3.7004992365837097,0.7010014057159424,0.03672612
14592,4.024127423763275,0.7163816690444946,0.03538292
14593,2.818779945373535,0.6567923426628113,0.040650044
14594,8.915722370147705,0.8862424045801163,0.020147165
14595,2.3087652027606964,0.6298592388629913,0.043108385
14596,7.45003879070282,0.8475395292043686,0.023850536
14597,6.831423044204712,0.828209400177002,0.025611138
14598,1.9115282595157623,0.608293741941452,0.045125663
14599,6.017686128616333,0.7998921722173691,0.028126499
14600,3.87436181306839,0.7093243300914764,0.035998292
14601,2.554560601711273,0.6429541409015656,0.041905593
14602,7.319766879081726,0.843622237443924,0.02421094
14603,3.1030628085136414,0.6713951230049133,0.039341133
14604,4.140172004699707,0.7217803001403809,0.034913342
14605,2.7062323689460754,0.6509307324886322,0.041180197
14606,7.724176049232483,0.8555186837911606,0.023109535
14607,5.7932597398757935,0.7914929240942001,0.028862705
14608,4.040715992450714,0.7171584367752075,0.03531541
14609,5.758582949638367,0.7901705503463745,0.028978163
14610,4.19933944940567,0.7245079278945923,0.03467632
14611,7.572118639945984,0.8511369377374649,0.023517657
14612,2.2807200253009796,0.6283526718616486,0.043247793
14613,1.7080104351043701,0.5970731377601624,0.04619548
14614,4.627981185913086,0.7437653243541718,0.033006616
14615,8.478674292564392,0.8756958320736885,0.021186844
14616,1.7139862477779388,0.5974040329456329,0.04616371
14617,3.032291531562805,0.667790949344635,0.03966299
14618,4.682620167732239,0.7461578249931335,0.032799635
14619,3.5976290702819824,0.6960133612155914,0.03716367
14620,2.3770470917224884,0.6335170865058899,0.042770833
14621,4.117929041385651,0.7207521498203278,0.035002865
14622,4.8863911628723145,0.7549400329589844,0.032039117
14623,2.9780536890029907,0.665013998746872,0.039911438
14624,4.014582335948944,0.7159353196620941,0.035421826
14625,8.209860920906067,0.868800014257431,0.021852795
14626,7.565091252326965,0.8509315699338913,0.023536695
14627,4.8361265659332275,0.7527920007705688,0.03222506
14628,5.518266558647156,0.7808501720428467,0.02979111
14629,3.692116439342499,0.7005970776081085,0.03676158
14630,3.537415862083435,0.6930719316005707,0.037422184
14631,4.395202100276947,0.733417809009552,0.033903137
14632,2.885526120662689,0.6602518558502197,0.040338866
14633,2.170351892709732,0.6223990023136139,0.04380084
14634,6.061529517173767,0.8015028089284897,0.027984885
14635,0.5033043771982193,0.5289403796195984,0.053068254
14636,6.323667764663696,0.8109323084354401,0.027152928
14637,7.405731678009033,0.8462164252996445,0.023972506
14638,4.4232529401779175,0.73467817902565,0.033793826
14639,3.1824612617492676,0.6754150986671448,0.03898315
14640,4.454028308391571,0.7360576093196869,0.033674303
14641,3.9523249864578247,0.7130098640918732,0.035676625
14642,4.020843803882599,0.7162219285964966,0.035396293
14643,4.569389820098877,0.7411855757236481,0.03323001
14644,4.608852565288544,0.7429251372814178,0.033079382
14645,6.512287855148315,0.8175016045570374,0.026569638
14646,6.38803243637085,0.8131938129663467,0.026952459
14647,3.6706802248954773,0.6995604932308197,0.036852416
14648,1.1562132835388184,0.5661665499210358,0.04922541
14649,2.7997663617134094,0.6558083593845367,0.040739127
14650,6.861207485198975,0.8291831761598587,0.025523467
14651,3.750074803829193,0.7033801078796387,0.036517095
14652,2.7823516726493835,0.6549025475978851,0.04082089
14653,2.435573637485504,0.6366407573223114,0.0424836
14654,5.36932110786438,0.7749274969100952,0.030306375
14655,3.4127378463745117,0.6869312822818756,0.037963226
14656,5.519696474075317,0.7809047102928162,0.029786207
14657,3.8735559582710266,0.7092860639095306,0.036001638
14658,3.2815927267074585,0.6803982555866241,0.038540762
14659,5.590111017227173,0.7836676985025406,0.029545713
14660,2.897961139678955,0.6608939170837402,0.040281158
14661,3.8038820028305054,0.7059668004512787,0.036291584
14662,2.4281005561351776,0.6362429857254028,0.04252017
14663,6.972537040710449,0.8327790796756744,0.025198411
14664,4.531611204147339,0.739513486623764,0.03337486
14665,2.2760851681232452,0.6281030774116516,0.043270886
14666,2.5022324919700623,0.640181690454483,0.042158823
14667,6.279193758964539,0.8093569129705429,0.027292311
14668,6.913485527038574,0.8308812379837036,0.025370305
14669,2.869998514652252,0.6594478487968445,0.040411044
14670,3.3780357241630554,0.6852102875709534,0.0381152
14671,2.6387178897857666,0.6473915576934814,0.041501537
14672,2.2322970628738403,0.6257448196411133,0.04348957
14673,9.548957347869873,0.9001334682106972,0.01873062
14674,4.415399730205536,0.7343259453773499,0.033824395
14675,7.2061967849731445,0.8401439636945724,0.024529587
14676,2.8204086422920227,0.6568788588047028,0.04064242
14677,3.8982316851615906,0.7104532718658447,0.0358995
14678,3.541673719882965,0.6932783424854279,0.03740385
14679,6.357959508895874,0.8121412545442581,0.02704594
14680,3.5955026745796204,0.6959097385406494,0.037172765
14681,4.405651688575745,0.733892023563385,0.033862375
14682,5.913282036781311,0.7960169315338135,0.028466623
14683,2.7303746342658997,0.6521930694580078,0.04106589
14684,2.9432228207588196,0.6632269322872162,0.040071804
14685,1.8911691009998322,0.6071762442588806,0.045231555
14686,4.6871015429496765,0.746351420879364,0.032782715
14687,4.796060025691986,0.75107142329216,0.032374043
14688,2.721289098262787,0.6517212986946106,0.041108876
14689,7.0167458057403564,0.8341963589191437,0.025070485
14690,1.2068701535463333,0.5690291523933411,0.048939157
14691,2.722437083721161,0.6517788469791412,0.04110344
14692,5.9534454345703125,0.7975182235240936,0.028335296
14693,3.2476937770843506,0.6787009239196777,0.03869148
14694,2.210356295108795,0.6245608925819397,0.043599572
14695,2.5739336013793945,0.6439773738384247,0.041812234
14696,2.1161237359046936,0.619459480047226,0.044075154
14697,2.8496533632278442,0.6583965122699738,0.040505815
14698,1.6572478413581848,0.5942582786083221,0.04646625
14699,4.75596696138382,0.7493415176868439,0.032523826
14700,6.418134570121765,0.8142448216676712,0.026859213
14701,8.545149564743042,0.8773523792624474,0.021025317
14702,8.19706916809082,0.8684612512588501,0.021884998
14703,4.801757633686066,0.7513163089752197,0.03235282
14704,1.1687446385622025,0.5668751299381256,0.04915445
14705,2.9914912581443787,0.6657035946846008,0.03984974
14706,6.389832496643066,0.8132589757442474,0.026946874
14707,3.594242036342621,0.6958469152450562,0.037178166
14708,2.462167739868164,0.6380556225776672,0.042353727
14709,2.9193228483200073,0.6619953811168671,0.040182214
14710,2.723100483417511,0.6518108546733856,0.041100297
14711,4.181845784187317,0.7237030565738678,0.03474623
14712,7.135235667228699,0.83793605864048,0.024730802
14713,7.753395438194275,0.8563480973243713,0.023031926
14714,1.6931329667568207,0.5962485074996948,0.046274677
14715,6.2772393226623535,0.8092875629663467,0.027298454
14716,3.184157907962799,0.6755025684833527,0.038975537
14717,6.651041507720947,0.8222202956676483,0.026148573
14718,4.999521970748901,0.7597267031669617,0.031624522
14719,2.490650862455368,0.6395689845085144,0.042215068
14720,3.072880804538727,0.6698595881462097,0.039478075
14721,4.494280815124512,0.7378542721271515,0.03351861
14722,4.080948233604431,0.7190333902835846,0.035152208
14723,3.8459590077400208,0.7079739570617676,0.0361162
14724,6.069855690002441,0.8018068224191666,0.027958073
14725,7.592284083366394,0.8517251759767532,0.023463123
14726,3.8171711564064026,0.7066008746623993,0.0362361
14727,3.9729520678520203,0.7139822244644165,0.035592005
14728,3.817330002784729,0.706609308719635,0.03623544
14729,2.773449718952179,0.6544391810894012,0.04086274
14730,5.2934348583221436,0.771862581372261,0.030572308
14731,2.635369598865509,0.6472141742706299,0.041517533
14732,1.7750252783298492,0.6007803976535797,0.045840442
14733,2.236623167991638,0.6259789764881134,0.043467924
14734,3.338842988014221,0.6832612454891205,0.038287576
14735,8.013496398925781,0.8635572791099548,0.022352453
14736,2.634763717651367,0.6471826136112213,0.041520428
14737,2.4492046236991882,0.6373701095581055,0.04241699
14738,7.114847898483276,0.8372972160577774,0.024788922
14739,4.2919522523880005,0.7287431359291077,0.034308556
14740,3.913596272468567,0.711182713508606,0.035836056
14741,3.8641485571861267,0.7088391482830048,0.03604065
14742,2.01677605509758,0.6140526235103607,0.044582177
14743,2.8178969025611877,0.6567489504814148,0.040654175
14744,0.8376917988061905,0.5480724275112152,0.05106407
14745,2.785351276397705,0.6550585627555847,0.04080679
14746,0.6316053867340088,0.5362957417964935,0.052290127
14747,3.886335790157318,0.7098924815654755,0.035948705
14748,6.040791273117065,0.8007399290800095,0.028051779
14749,2.070353776216507,0.6169720590114594,0.044308014
14750,2.541535794734955,0.6422652900218964,0.041968483
14751,3.093826174736023,0.6709286272525787,0.03938299
14752,7.137629389762878,0.8380117118358612,0.024723988
14753,2.9928526282310486,0.6657732129096985,0.03984349
14754,4.204804003238678,0.7247586250305176,0.034654513
14755,5.732664465904236,0.7891802936792374,0.029064767
14756,2.096281051635742,0.6183823943138123,0.04417595
14757,6.973418593406677,0.8328119963407516,0.025195852
14758,4.277221858501434,0.7280716001987457,0.03436679
14759,0.9189046919345856,0.5526998043060303,0.050588842
14760,2.7220040559768677,0.6517553925514221,0.041105486
14761,4.222535490989685,0.7255725562572479,0.034583844
14762,2.623984217643738,0.6466142535209656,0.041571986
14763,5.395632386207581,0.7759797424077988,0.030214708
14764,1.8675170838832855,0.6058756113052368,0.045354895
14765,2.840411067008972,0.6579177975654602,0.04054893
14766,6.878040432929993,0.829733207821846,0.025474053
14767,4.390126466751099,0.7331867218017578,0.03392296
14768,2.1312831342220306,0.6202813386917114,0.043998297
14769,2.4283193051815033,0.636253833770752,0.042519093
14770,7.061083912849426,0.8356047719717026,0.024942838
14771,3.2153362035751343,0.6770589649677277,0.038835887
14772,2.7713996171951294,0.6543314456939697,0.04087239
14773,7.088507413864136,0.8364692777395248,0.024864212
14774,4.649432599544525,0.7447052896022797,0.032925196
14775,4.000019431114197,0.7152554094791412,0.035481263
14776,4.162057936191559,0.7227911353111267,0.03482548
14777,2.2693461179733276,0.6277406811714172,0.043304466
14778,5.30612051486969,0.7723721563816071,0.030527694
14779,2.9254043102264404,0.6623088419437408,0.04015409
14780,5.036305785179138,0.7612698972225189,0.031490874
14781,3.4637439250946045,0.6894514262676239,0.03774095
14782,4.365565180778503,0.7320816814899445,0.03401902
14783,5.011367201805115,0.7602240890264511,0.031581417
14784,2.472110390663147,0.6385840475559235,0.04230527
14785,4.303687512874603,0.729277640581131,0.03426223
14786,8.549532294273376,0.8774610161781311,0.021014709
14787,2.2337447106838226,0.625823050737381,0.043482333
14788,2.2267651557922363,0.6254467368125916,0.04351728
14789,2.557242512702942,0.6430952548980713,0.041892655
14790,2.1497462689876556,0.6212829947471619,0.04390487
14791,4.056612849235535,0.7179003655910492,0.03525083
14792,3.5294976830482483,0.6926839351654053,0.037456322
14793,4.100063145160675,0.7199104130268097,0.035074934
14794,4.480493068695068,0.737239807844162,0.033571858
14795,3.5872888565063477,0.6955086588859558,0.03720793
14796,2.4210673570632935,0.6358670890331268,0.042554617
14797,3.265005648136139,0.6795680522918701,0.038614437
14798,2.920779585838318,0.6620699763298035,0.04017547
14799,2.854926288127899,0.6586695611476898,0.04048123
14800,2.9887616634368896,0.6655639708042145,0.03986226
14801,4.263699054718018,0.7274559140205383,0.034420334
14802,2.720220685005188,0.6516622304916382,0.04111393
14803,1.8613894283771515,0.605539470911026,0.0453869
14804,4.146504104137421,0.7220728695392609,0.0348879
14805,3.5811203718185425,0.6952077746391296,0.03723437
14806,2.4040713906288147,0.6349605023860931,0.042637963
14807,4.5434218645095825,0.7400371134281158,0.033329505
14808,2.27668896317482,0.628135621547699,0.043267876
14809,4.518156945705414,0.7389163970947266,0.033426594
14810,1.8984229862689972,0.6075742244720459,0.0451938
14811,4.465538561344147,0.7365697622299194,0.033629708
14812,3.2832708954811096,0.6804774701595306,0.038533326
14813,4.336726069450378,0.7307773530483246,0.034132153
14814,2.6764672994613647,0.6493717730045319,0.041321557
14815,6.289733648300171,0.8097309470176697,0.027259214
14816,4.329632818698883,0.7304547429084778,0.03416004
14817,2.29692205786705,0.6292231380939484,0.043167204
14818,4.990324378013611,0.7593394368886948,0.031658024
14819,4.9693381786346436,0.7584557682275772,0.03173461
14820,3.0840200185775757,0.6704283058643341,0.03942748
14821,3.268594443798065,0.6797431111335754,0.03859849
14822,4.2229777574539185,0.7255892157554626,0.034582082
14823,7.981836795806885,0.8626997917890549,0.022434074
14824,0.7340614497661591,0.542156308889389,0.051676955
14825,2.026796191930771,0.6145990490913391,0.044530768
14826,2.3194052278995514,0.6304300725460052,0.043055613
14827,2.225951850414276,0.6254025399684906,0.043521356
14828,6.652461290359497,0.8222662955522537,0.026144298
14829,4.097206294536591,0.7197869420051575,0.03508647
14830,5.4215312004089355,0.7770138531923294,0.030124752
14831,2.220130115747452,0.6250873804092407,0.043550536
14832,4.924640357494354,0.7565659582614899,0.031898335
14833,4.371777772903442,0.7323617041110992,0.033994693
14834,4.0922945737838745,0.7195611000061035,0.035106316
14835,3.788360357284546,0.7052251696586609,0.036356498
14836,1.76678866147995,0.6003324091434479,0.04588393
14837,3.0786478519439697,0.6701540946960449,0.039451875
14838,8.335904479026794,0.8720729053020477,0.021537969
14839,3.0882197618484497,0.6706410050392151,0.039408416
14840,2.78982937335968,0.6552943587303162,0.04078576
14841,4.700244069099426,0.7469240725040436,0.032733154
14842,3.7385976314544678,0.7028389871120453,0.036565375
14843,3.1616804003715515,0.6743670403957367,0.039076526
14844,4.502583146095276,0.7382270395755768,0.033486586
14845,4.9720898270606995,0.7585717439651489,0.031724557
14846,8.709436058998108,0.8813639283180237,0.020631377
14847,4.2892590165138245,0.7286208271980286,0.03431919
14848,4.249265789985657,0.7267965078353882,0.034477577
14849,4.960646033287048,0.7580886781215668,0.03176638
14850,5.873606204986572,0.7945255488157272,0.02859695
14851,2.4032703042030334,0.6349184215068817,0.042641897
14852,4.7544872760772705,0.7492819428443909,0.03252937
14853,4.468876421451569,0.7367213368415833,0.033616785
14854,5.6900352239608765,0.7875427454710007,0.029207762
14855,3.299383223056793,0.6812831461429596,0.03846191
14856,4.9519264698028564,0.7577176839113235,0.031798285
14857,2.6723751425743103,0.6491578221321106,0.04134103
14858,2.599637508392334,0.6453338861465454,0.041688677
14859,0.8902177959680557,0.5510662198066711,0.0507562
14860,8.680548071861267,0.880668081343174,0.02070011
14861,6.34696364402771,0.811753123998642,0.027080197
14862,1.1580860614776611,0.5662725269794464,0.0492148
14863,1.7798936367034912,0.6010478138923645,0.04581475
14864,3.324635922908783,0.682552307844162,0.03835025
14865,6.091629266738892,0.8026032000780106,0.027888073
14866,4.898581802845001,0.7554584443569183,0.03199417
14867,3.6509066820144653,0.6986025273799896,0.036936413
14868,5.69498598575592,0.7877300530672073,0.029191118
14869,2.609108090400696,0.6458318829536438,0.041643247
14870,3.2238203287124634,0.677501380443573,0.03879798
14871,2.8249922394752502,0.657118022441864,0.040620983
14872,4.715335369110107,0.7475797533988953,0.03267633
14873,3.4303197264671326,0.6878012120723724,0.037886463
14874,5.818955302238464,0.792464479804039,0.028777443
14875,4.785700142383575,0.750624805688858,0.032412685
14876,1.3712689280509949,0.5782881081104279,0.048021592
14877,4.181868135929108,0.7237041890621185,0.034746144
14878,2.6497873663902283,0.6479701995849609,0.041448675
14879,3.815527558326721,0.7065223157405853,0.03624296
14880,5.010660290718079,0.7601940929889679,0.031583987
14881,4.215143620967865,0.7252337336540222,0.03461328
14882,1.7256133258342743,0.598048597574234,0.04610196
14883,2.8708121180534363,0.6594912707805634,0.04040726
14884,2.633182406425476,0.647099643945694,0.04152799
14885,2.8649258613586426,0.659186989068985,0.04043466
14886,7.60509729385376,0.8520970493555069,0.023428533
14887,4.554644823074341,0.7405337393283844,0.03328647
14888,3.8223376870155334,0.7068482637405396,0.036214553
14889,8.084132075309753,0.8654641509056091,0.022171415
14890,2.883963882923126,0.66017085313797,0.040346127
14891,2.537173330783844,0.6420345902442932,0.04198956
14892,3.411475121974945,0.68686842918396,0.037968744
14893,2.0654723048210144,0.6167062819004059,0.04433293
14894,5.48426628112793,0.7795054316520691,0.029907957
14895,0.32370664179325104,0.5186251699924469,0.05417696
14896,1.7965345084667206,0.6019667983055115,0.045727067
14897,6.09434962272644,0.8027031123638153,0.027879346
14898,7.371242046356201,0.8451807051897049,0.02406788
14899,4.242281913757324,0.7264769375324249,0.034505308
14900,6.053834557533264,0.8012228310108185,0.02800969
14901,3.800360858440399,0.7057981193065643,0.036306296
14902,3.6529141664505005,0.698699951171875,0.03692788
14903,3.1434065103530884,0.6734426915645599,0.03915883
14904,3.309047818183899,0.6817741096019745,0.038419142
14905,4.256514608860016,0.7271298766136169,0.034448814
14906,5.0117164850234985,0.7602410316467285,0.031580158
14907,3.3811575174331665,0.6853652596473694,0.038101505
14908,4.838282465934753,0.7528836876153946,0.03221706
14909,3.9027947187423706,0.7106725871562958,0.035880648
14910,2.6835012435913086,0.649744838476181,0.04128811
14911,5.313795804977417,0.7726872563362122,0.030500729
14912,2.6773762702941895,0.6494194567203522,0.04131723
14913,2.191658914089203,0.6235405504703522,0.043693524
14914,2.097572982311249,0.6184522807598114,0.04416938
14915,1.7831030488014221,0.6012258529663086,0.045797825
14916,1.812436431646347,0.6028439104557037,0.04564342
14917,3.01430344581604,0.6668714582920074,0.039745223
14918,5.993887186050415,0.799014687538147,0.02820367
14919,1.8326075375080109,0.603956788778305,0.045537546
14920,4.004855751991272,0.7154797911643982,0.03546151
14921,2.903885245323181,0.661201000213623,0.040253695
14922,2.0414170622825623,0.6153964400291443,0.044455875
14923,3.4674084186553955,0.6896316707134247,0.03772503
14924,5.438426733016968,0.7776878625154495,0.030066213
14925,6.223703026771545,0.8073777109384537,0.02746723
14926,2.0151387155056,0.613963395357132,0.044590577
14927,7.059968709945679,0.8355686515569687,0.024946034
14928,4.112115204334259,0.7204822301864624,0.0350263
14929,2.893000841140747,0.6606380045413971,0.04030417
14930,2.6173678040504456,0.6462670862674713,0.041603662
14931,5.587829947471619,0.7835787832736969,0.02955347
14932,4.756503105163574,0.7493641674518585,0.03252182
14933,3.8232415914535522,0.7068834900856018,0.036210783
14934,2.3691414296627045,0.633093923330307,0.042809777
14935,5.018512010574341,0.7605241537094116,0.031555448
14936,4.276159405708313,0.7280237376689911,0.03437099
14937,3.7418127059936523,0.7029886841773987,0.03655185
14938,6.493788361549377,0.8168619871139526,0.026626283
14939,9.856508374214172,0.9063231498003006,0.018079007
14940,2.471756339073181,0.6385669410228729,0.042306993
14941,6.256234049797058,0.8085400015115738,0.027364552
14942,3.9664149284362793,0.7136715054512024,0.035618797
14943,1.6816139221191406,0.5956102311611176,0.04633608
14944,2.7749434113502502,0.6545169651508331,0.040855724
14945,8.435069918632507,0.874598816037178,0.021293474
14946,6.258456707000732,0.8086188733577728,0.027357552
14947,1.3903683423995972,0.579359382390976,0.047916118
14948,4.48472797870636,0.7374286353588104,0.03355549
14949,5.635460615158081,0.7854336798191071,0.029391859
14950,2.869148850440979,0.6594054996967316,0.040415
14951,5.547509789466858,0.7820001542568207,0.029690977
14952,5.093223452568054,0.763638362288475,0.031285197
14953,4.260489642620087,0.7273091971874237,0.034433056
14954,4.781527817249298,0.7504449039697647,0.03242826
14955,6.712711453437805,0.8242858797311783,0.025963573
14956,4.048327803611755,0.7175136506557465,0.035284474
14957,2.3438578844070435,0.6317411065101624,0.04293457
14958,2.3262307047843933,0.6307970583438873,0.04302179
14959,3.2304513454437256,0.677835077047348,0.038768362
14960,6.035235524177551,0.8005384802818298,0.028069733
14961,3.954899311065674,0.7131370604038239,0.035666052
14962,2.786015570163727,0.6550924479961395,0.04080367
14963,2.7314573526382446,0.6522440314292908,0.04106078
14964,2.386060655117035,0.6339989602565765,0.042726465
14965,4.649663865566254,0.7447177767753601,0.032924324
14966,5.005389451980591,0.759973332285881,0.03160316
14967,2.6413705945014954,0.6475294828414917,0.041488864
14968,4.2140132188797,0.7251786291599274,0.034617793
14969,0.8423236757516861,0.5483365952968597,0.051036846
14970,5.633523464202881,0.7853577733039856,0.02939841
14971,4.190561473369598,0.7241030335426331,0.034711383
14972,3.1435436010360718,0.6734481453895569,0.039158214
14973,6.988530158996582,0.8332945257425308,0.025152057
14974,2.6408717036247253,0.6475032269954681,0.041491244
14975,7.711424231529236,0.85515096783638,0.023143487
14976,1.3943883776664734,0.579585462808609,0.047893945
14977,1.3413004577159882,0.5766044557094574,0.04818757
14978,2.743546962738037,0.6528809070587158,0.041003667
14979,3.777797520160675,0.7047191262245178,0.036400735
14980,1.8538141250610352,0.605124443769455,0.045426503
14981,2.8847110271453857,0.6602097749710083,0.04034265
14982,1.428946703672409,0.5815234482288361,0.047703765
14983,2.467879056930542,0.638359397649765,0.042325884
14984,2.234755903482437,0.6258775889873505,0.043477267
14985,2.116638720035553,0.6194876134395599,0.044072542
14986,2.0610733330249786,0.6164668798446655,0.044355385
14987,1.8367792665958405,0.6041857600212097,0.045515683
14988,5.804055333137512,0.7919028550386429,0.028826857
14989,6.364591121673584,0.8123714029788971,0.027025297
14990,2.097458690404892,0.6184459924697876,0.04416997
14991,1.6817577183246613,0.5956161022186279,0.046335317
14992,2.399049699306488,0.6346925497055054,0.042662624
14993,4.384027123451233,0.7329142391681671,0.033946786
14994,4.177765846252441,0.7235151827335358,0.03476256
14995,3.5855653882026672,0.6954222023487091,0.037215322
14996,7.684811353683472,0.854394719004631,0.023214504
14997,3.89268696308136,0.7101942598819733,0.035922427
14998,1.5734930336475372,0.5895996689796448,0.046916474
14999,2.831698954105377,0.6574662029743195,0.040589627
15000,3.3734017610549927,0.684980183839798,0.038135543
15001,2.5635910034179688,0.6434321701526642,0.04186205
15002,2.581447660923004,0.6443730592727661,0.04177608
15003,6.7989301681518555,0.8271417766809464,0.025707128
15004,2.945486307144165,0.6633408963680267,0.040061362
15005,4.68739241361618,0.7463636100292206,0.03278162
15006,3.3492881059646606,0.6837807893753052,0.03824156
15007,2.631574273109436,0.6470146477222443,0.041535676
15008,5.432827472686768,0.7774584591388702,0.030085597
15009,2.970169186592102,0.6646083295345306,0.039947685
15010,4.917709529399872,0.756271094083786,0.0319238
15011,6.114742159843445,0.8034458756446838,0.027813965
15012,5.160855054855347,0.7664422541856766,0.031042542
15013,4.134824275970459,0.7215319573879242,0.03493485
15014,4.2590150237083435,0.7272413969039917,0.0344389
15015,3.588009774684906,0.6955442428588867,0.03720485
15016,3.047364056110382,0.6685663461685181,0.039594226
15017,4.082031548023224,0.719083160161972,0.035147823
15018,6.404438018798828,0.8137669861316681,0.0269016
15019,0.4021724686026573,0.5231339335441589,0.053689748
15020,4.273031651973724,0.7278822362422943,0.034383368
15021,5.224195718765259,0.7690429836511612,0.030816987
15022,2.552027404308319,0.6428202390670776,0.041917812
15023,6.154074668884277,0.804872065782547,0.027688302
15024,4.06602680683136,0.7183401882648468,0.035212647
15025,4.402678906917572,0.7337516844272614,0.033873964
15026,3.0633872747421265,0.6693721413612366,0.039521243
15027,5.269348621368408,0.7708853930234909,0.030657208
15028,4.936800599098206,0.7570805549621582,0.03185371
15029,4.895069003105164,0.7553090900182724,0.03200712
15030,3.3243179321289062,0.6825363337993622,0.038351655
15031,4.097328782081604,0.7197899520397186,0.03508598
15032,4.252313077449799,0.7269366979598999,0.03446548
15033,2.4613291025161743,0.6380110383033752,0.042357817
15034,6.344237923622131,0.8116574287414551,0.027088698
15035,4.844332039356232,0.7531433254480362,0.03219463
15036,4.164271354675293,0.7228931784629822,0.034816608
15037,2.160406708717346,0.6218603849411011,0.04385102
15038,2.2140470147132874,0.6247598528862,0.04358105
15039,7.049660682678223,0.8352419137954712,0.024975657
15040,3.3665913343429565,0.6846410632133484,0.038165458
15041,4.969679117202759,0.7584702372550964,0.031733364
15042,2.1887920796871185,0.6233959496021271,0.043707944
15043,4.495707750320435,0.7379176914691925,0.033513106
15044,2.6722750067710876,0.6491522490978241,0.041341506
15045,7.474784851074219,0.8482752740383148,0.02378268
15046,2.231302708387375,0.6256917417049408,0.043494552
15047,4.55783486366272,0.7406748533248901,0.033274252
15048,7.852289080619812,0.8591267466545105,0.022771183
15049,3.0790284276008606,0.6701854169368744,0.039450143
15050,2.154194414615631,0.6215238571166992,0.04388239
15051,4.422024190425873,0.7346231341362,0.033798605
15052,2.742716670036316,0.6528371572494507,0.041007586
15053,1.5068987011909485,0.5858843922615051,0.04727756
15054,4.884524941444397,0.7548590302467346,0.032046
15055,2.5338396430015564,0.6418581008911133,0.04200568
15056,2.5609254837036133,0.6432904303073883,0.041874893
15057,4.835633039474487,0.7527697384357452,0.03222689
15058,3.3379516005516052,0.6832161545753479,0.03829151
15059,2.1222445368766785,0.6197917461395264,0.044044107
15060,6.2675899267196655,0.8089453279972076,0.027328799
15061,2.4365052580833435,0.6366904973983765,0.042479046
15062,2.783752977848053,0.6549756526947021,0.0408143
15063,3.1696516275405884,0.6747701168060303,0.039040685
15064,3.464410901069641,0.6894800066947937,0.03773806
15065,7.3796820640563965,0.8454346507787704,0.024044506
15066,5.608183145523071,0.7843724936246872,0.029484302
15067,3.48987877368927,0.6907379627227783,0.037627563
15068,3.64836722612381,0.6984801888465881,0.03694721
15069,6.749340891838074,0.8255042135715485,0.025854316
15070,6.6577208042144775,0.8224422931671143,0.026128467
15071,2.357560843229294,0.6324740052223206,0.042866893
15072,1.1767695844173431,0.5673288702964783,0.049109045
15073,7.777050137519836,0.8570176064968109,0.022969289
15074,4.30480033159256,0.7293232679367065,0.03425784
15075,2.530774474143982,0.6416957676410675,0.042020503
15076,2.084279954433441,0.6177295744419098,0.04423704
15077,7.72458016872406,0.8555285483598709,0.023108462
15078,4.700378179550171,0.7469292879104614,0.032732647
15079,5.556514263153076,0.7823546081781387,0.029660216
15080,4.521501660346985,0.7390648722648621,0.03341373
15081,7.925426959991455,0.8611616045236588,0.022580246
15082,3.6108192801475525,0.6966553926467896,0.03710728
15083,2.931816279888153,0.6626387238502502,0.040124457
15084,3.654526472091675,0.6987765431404114,0.036921017
15085,5.400943160057068,0.7761919051408768,0.03019624
15086,4.718141257762909,0.7477018237113953,0.03266577
15087,4.245080947875977,0.7266022264957428,0.03449419
15088,4.779011905193329,0.7503366023302078,0.032437652
15089,1.5553677082061768,0.5885900259017944,0.047014482
15090,5.353004336357117,0.7742688357830048,0.03036336
15091,4.786033034324646,0.7506396472454071,0.032411445
15092,5.2063703536987305,0.7683131396770477,0.0308803
15093,1.7001906037330627,0.596639484167099,0.046237092
15094,6.800942420959473,0.8272086381912231,0.025701173
15095,5.3331804275512695,0.7734701931476593,0.030432735
15096,5.067746639251709,0.762582466006279,0.031377096
15097,0.5113102868199348,0.5294001698493958,0.05301936
15098,7.396275997161865,0.8459337502717972,0.023998614
15099,4.300436079502106,0.7291297912597656,0.03427506
15100,6.044533848762512,0.8008804768323898,0.028039701
15101,5.3979915380477905,0.7760745584964752,0.030206498
15102,4.504256546497345,0.7382984161376953,0.03348013
15103,2.6815077662467957,0.6496360003948212,0.04129758
15104,5.139570832252502,0.7655626684427261,0.031118708
15105,2.816491723060608,0.6566771864891052,0.04066075
15106,4.930682182312012,0.7568215876817703,0.03187615
15107,1.4747577905654907,0.5840873122215271,0.047452834
15108,6.331140398979187,0.8111956119537354,0.027129577
15109,3.3647942543029785,0.6845520734786987,0.038173348
15110,3.114372193813324,0.6719706952571869,0.039289944
15111,2.3680365085601807,0.6330353915691376,0.042815216
15112,2.186267673969269,0.6232596039772034,0.04372065
15113,3.0832085013389587,0.6703847944736481,0.039431166
15114,1.6166527569293976,0.5920005440711975,0.046683934
15115,2.7639421820640564,0.653942197561264,0.04090749
15116,2.8531011939048767,0.6585769355297089,0.040489733
15117,2.5882405042648315,0.6447325050830841,0.041743416
15118,4.670481979846954,0.7456257045269012,0.0328455
15119,3.9788177609443665,0.7142581939697266,0.03556797
15120,8.344250917434692,0.8722859025001526,0.021517284
15121,6.976627707481384,0.832914263010025,0.025186546
15122,4.44803774356842,0.7357902228832245,0.033697534
15123,4.072797000408173,0.7186559438705444,0.03518521
15124,6.5892791748046875,0.8201260268688202,0.026335165
15125,5.491012930870056,0.7797688096761703,0.02988473
15126,4.355224668979645,0.7316141426563263,0.034059543
15127,4.857309460639954,0.7536967247724533,0.032146562
15128,4.1778987646102905,0.7235212624073029,0.03476203
15129,5.5198973417282104,0.780914306640625,0.02978552
15130,2.522767186164856,0.6412717700004578,0.04205926
15131,3.041709065437317,0.6682704985141754,0.039620012
15132,3.711521029472351,0.7015331089496613,0.03667955
15133,3.112908899784088,0.6718955934047699,0.039296564
15134,3.3821022510528564,0.6854124367237091,0.03809736
15135,4.752044975757599,0.7491715550422668,0.03253852
15136,7.031033635139465,0.8346507251262665,0.02502928
15137,3.735668659210205,0.7026959955692291,0.036577716
15138,7.320566177368164,0.8436476141214371,0.024208713
15139,5.532891154289246,0.781425803899765,0.029740993
15140,6.866958737373352,0.8293733894824982,0.025506573
15141,2.048885226249695,0.6158033609390259,0.044417668
15142,5.008212327957153,0.7600876837968826,0.031592894
15143,5.601041913032532,0.7840947359800339,0.029508553
15144,3.934086263179779,0.7121486365795135,0.03575162
15145,4.4737836718559265,0.7369418442249298,0.033597797
15146,3.354329764842987,0.6840302050113678,0.038219366
15147,4.6949878334999084,0.7466943860054016,0.03275296
15148,5.10525643825531,0.7641424536705017,0.031241883
15149,5.0332337617874146,0.7611408978700638,0.031502016
15150,4.047296345233917,0.7174653112888336,0.035288665
15151,3.844028413295746,0.7078841030597687,0.03612423
15152,1.4890851080417633,0.5848827362060547,0.047374625
15153,3.821903169155121,0.7068274021148682,0.036216367
15154,6.893235445022583,0.8302257508039474,0.025429524
15155,2.19850093126297,0.6239206790924072,0.04365912
15156,7.770640254020691,0.8568356335163116,0.022986244
15157,4.328504800796509,0.730404257774353,0.034164477
15158,2.189897298812866,0.623455822467804,0.043702386
15159,3.4358498454093933,0.6880750358104706,0.03786235
15160,3.7760624289512634,0.7046353220939636,0.036408007
15161,3.6129936575889587,0.6967610716819763,0.037097983
15162,3.3081960678100586,0.6817312240600586,0.038422905
15163,2.8162381052970886,0.6566639840602875,0.04066194
15164,7.167035341262817,0.8389283120632172,0.024640428
15165,1.4618533849716187,0.5833652913570404,0.047523387
15166,3.832511007785797,0.7073345184326172,0.03617216
15167,4.035141170024872,0.7168978452682495,0.035338078
15168,5.402279496192932,0.7762457132339478,0.030191593
15169,4.311327040195465,0.7296243011951447,0.034232106
15170,2.369937300682068,0.633136659860611,0.04280585
15171,2.0733019709587097,0.6171325743198395,0.044292986
15172,2.0657581090927124,0.616722047328949,0.044331465
15173,3.5151511430740356,0.6919786036014557,0.037518237
15174,4.669517278671265,0.7455831468105316,0.03284916
15175,2.2554293274879456,0.6269906163215637,0.043373905
15176,1.7121297121047974,0.5973012149333954,0.046173576
15177,1.3274653255939484,0.575809121131897,0.04826438
15178,2.5080960988998413,0.640493631362915,0.042130366
15179,2.7244752645492554,0.6518845856189728,0.041093796
15180,3.0782482028007507,0.6701327860355377,0.03945369
15181,9.021916389465332,0.8886845633387566,0.019902343
15182,2.1371372044086456,0.620599240064621,0.04396866
15183,6.4311569929122925,0.8146978318691254,0.026818974
15184,2.647276520729065,0.6478420197963715,0.041460656
15185,2.477228343486786,0.638855904340744,0.04228035
15186,4.667724967002869,0.7455048263072968,0.03285593
15187,6.623302102088928,0.8212824612855911,0.02623221
15188,5.853632688522339,0.7937733083963394,0.028662788
15189,3.4905850887298584,0.6907687187194824,0.0376245
15190,2.6291966438293457,0.6468874216079712,0.041547045
15191,1.664527803659439,0.5946618914604187,0.046427324
15192,4.047614932060242,0.7174804210662842,0.035287365
15193,6.757732629776001,0.8257825374603271,0.025829341
15194,4.622832238674164,0.7435393333435059,0.033026185
15195,3.135772943496704,0.673054426908493,0.039193258
15196,3.3654549717903137,0.6845851242542267,0.03817045
15197,7.870690226554871,0.8596390336751938,0.02272299
15198,3.7412598729133606,0.7029649615287781,0.03655418
15199,3.8666686415672302,0.7089589834213257,0.03603019
15200,5.014215707778931,0.7603441029787064,0.03157106
15201,3.0763888359069824,0.6700384318828583,0.039462134
15202,2.459753453731537,0.6379243433475494,0.0423655
15203,4.0416765213012695,0.717202752828598,0.035311505
15204,3.455614149570465,0.6890506446361542,0.037776288
15205,3.491710126399994,0.6908286809921265,0.03761963
15206,4.115583896636963,0.7206366062164307,0.035012316
15207,4.846164584159851,0.7532221674919128,0.032187838
15208,2.954842746257782,0.6638230085372925,0.04001823
15209,3.6655858159065247,0.6993138492107391,0.036874037
15210,3.9731934666633606,0.713994026184082,0.03559101
15211,5.995405316352844,0.7990682721138,0.028198745
15212,7.009531855583191,0.8339666426181793,0.025091315
15213,2.9513922333717346,0.6636458337306976,0.04003413
15214,2.8115293383598328,0.6564188301563263,0.040683992
15215,3.233805298805237,0.6780029535293579,0.038753394
15216,5.655354261398315,0.7862036526203156,0.029324614
15217,2.5731992721557617,0.6439411640167236,0.041815773
15218,4.017320871353149,0.7160651981830597,0.035410658
15219,1.1301717907190323,0.5646931827068329,0.049373213
15220,3.2244786620140076,0.6775353848934174,0.038795028
15221,2.8458771109580994,0.6582003831863403,0.040523432
15222,4.170120656490326,0.7231629192829132,0.03479317
15223,3.536299765110016,0.6930158734321594,0.037426997
15224,2.6945388317108154,0.650314599275589,0.041235674
15225,3.5967230796813965,0.695969969034195,0.037167545
15226,2.6599878072738647,0.6485070288181305,0.041400023
15227,2.6483824849128723,0.6478981077671051,0.04145538
15228,2.576726973056793,0.6441295742988586,0.04179878
15229,3.797207474708557,0.7056476771831512,0.03631948
15230,2.025749087333679,0.6145421862602234,0.044536136
15231,4.004161357879639,0.7154507040977478,0.035464346
15232,5.658936500549316,0.7863429039716721,0.029312521
15233,4.868760704994202,0.7541875392198563,0.03210421
15234,6.088746786117554,0.8024988323450089,0.027897332
15235,5.627424716949463,0.7851168364286423,0.02941906
15236,2.270541787147522,0.627805083990097,0.04329851
15237,4.253270626068115,0.7269790172576904,0.03446169
15238,9.030648469924927,0.8888776451349258,0.019882342
15239,5.122213363647461,0.7648461610078812,0.03118095
15240,3.9473119378089905,0.7127735912799835,0.03569722
15241,3.4270480275154114,0.6876396536827087,0.03790073
15242,5.523474812507629,0.7810549288988113,0.02977325
15243,2.210271954536438,0.6245564520359039,0.0436
15244,1.5743020176887512,0.5896432995796204,0.046912104
15245,1.8522074818611145,0.6050403416156769,0.045434907
15246,4.478733539581299,0.7371613383293152,0.03357866
15247,4.795365929603577,0.7510413825511932,0.032376632
15248,6.072945594787598,0.8019231110811234,0.027948132
15249,3.697432577610016,0.7008536159992218,0.03673909
15250,2.008031904697418,0.6135756075382233,0.044627078
15251,0.9855461120605469,0.5564900636672974,0.0502022
15252,4.754083156585693,0.7492589950561523,0.032530885
15253,2.447654604911804,0.6372832655906677,0.042424556
15254,2.5038784742355347,0.6402711272239685,0.04215083
15255,5.535648465156555,0.7815324813127518,0.029731551
15256,3.0544251203536987,0.668921172618866,0.03956205
15257,3.98053377866745,0.7143386900424957,0.035560947
15258,5.520877838134766,0.780952975153923,0.02978216
15259,2.6759934425354004,0.6493458151817322,0.041323807
15260,2.8987327218055725,0.6609335541725159,0.04027758
15261,5.677328705787659,0.7870535105466843,0.029250517
15262,8.152588605880737,0.8672893196344376,0.02199736
15263,2.548583149909973,0.6426382660865784,0.041934438
15264,3.9234739542007446,0.7116504609584808,0.03579532
15265,6.4253997802734375,0.8144974559545517,0.026836762
15266,4.83031153678894,0.7525417506694794,0.03224664
15267,3.4508952498435974,0.6888188719749451,0.03779682
15268,3.293142318725586,0.6809788048267365,0.03848955
15269,4.175993502140045,0.7234337627887726,0.03476965
15270,4.697286486625671,0.7467944920063019,0.0327443
15271,3.6241573095321655,0.6973040699958801,0.03705034
15272,2.7697259187698364,0.6542448699474335,0.040880267
15273,4.768882989883423,0.7498991787433624,0.032475505
15274,3.9791831374168396,0.7142753899097443,0.035566475
15275,0.4212935268878937,0.5242325961589813,0.05357169
15276,3.2124918699264526,0.6769336760044098,0.038848605
15277,4.529486894607544,0.7394194304943085,0.033383027
15278,6.800462007522583,0.8271926939487457,0.025702592
15279,6.900543570518494,0.8304625749588013,0.025408143
15280,5.00673234462738,0.7600339204072952,0.03159828
15281,4.500388205051422,0.7381244003772736,0.033495054
15282,3.919762670993805,0.7114750444889069,0.035810623
15283,4.577265977859497,0.7415330410003662,0.033199895
15284,4.363495707511902,0.7319810390472412,0.034027126
15285,4.706848859786987,0.7472106218338013,0.032708272
15286,1.7698462307453156,0.6004930138587952,0.04586778
15287,2.025384157896042,0.614522248506546,0.04453801
15288,3.1367850303649902,0.6731071174144745,0.039188694
15289,4.046223163604736,0.7174158096313477,0.03529302
15290,4.134619235992432,0.7215230464935303,0.034935668
15291,4.121621549129486,0.7209205627441406,0.034987982
15292,3.974330723285675,0.7140466868877411,0.035586353
15293,2.1194517612457275,0.6196403801441193,0.044058267
15294,4.170691072940826,0.7231892347335815,0.034790885
15295,2.4681100249290466,0.6383784115314484,0.042324763
15296,4.337048232555389,0.7307915091514587,0.03413089
15297,3.836376368999481,0.7075185477733612,0.036156066
15298,3.826197385787964,0.7070334553718567,0.03619846
15299,4.464885592460632,0.736543208360672,0.033632237
15300,2.0569995045661926,0.6162454187870026,0.04437619
15301,6.032748818397522,0.800448015332222,0.02807777
15302,4.816331267356873,0.7519427835941315,0.032298587
15303,7.6815420389175415,0.8543014377355576,0.023223244
15304,3.942846953868866,0.7125648558139801,0.035715576
15305,6.912415623664856,0.8308471590280533,0.025373437
15306,9.007169604301453,0.8883486986160278,0.019936161
15307,4.489226937294006,0.7376298308372498,0.033538118
15308,4.803265035152435,0.751379981637001,0.032347206
15309,3.90211820602417,0.7106402516365051,0.03588345
15310,7.870044708251953,0.8596210181713104,0.02272468
15311,2.913462519645691,0.6616945862770081,0.040209334
15312,4.028047025203705,0.7165603935718536,0.035366952
15313,4.041911959648132,0.7172104716300964,0.035310544
15314,2.483395040035248,0.6391821205615997,0.042250343
15315,4.203934669494629,0.7247121632099152,0.03465798
15316,3.5015392303466797,0.6913115978240967,0.03757709
15317,6.7031872272491455,0.8239678293466568,0.02599206
15318,2.8792282938957214,0.6599263846874237,0.04036813
15319,7.804902195930481,0.8577996641397476,0.022895748
15320,2.840237617492676,0.6579102575778961,0.040549744
15321,2.0758508145809174,0.6172601282596588,0.04427998
15322,1.6301196813583374,0.5927509963512421,0.0466116
15323,3.914378583431244,0.7112204730510712,0.035832822
15324,3.02097886800766,0.6672143042087555,0.039714675
15325,2.8732112050056458,0.6596152186393738,0.04039611
15326,4.277441203594208,0.7280825972557068,0.034365915
15327,6.663832664489746,0.8226506114006042,0.026110088
15328,6.248469352722168,0.8082632720470428,0.027389022
15329,2.6276761293411255,0.6468094289302826,0.041554324
15330,1.7447638511657715,0.5991070568561554,0.04600042
15331,4.315507113933563,0.7298120856285095,0.03421564
15332,4.141482710838318,0.7218409180641174,0.034908075
15333,7.241948843002319,0.8412262201309204,0.024428822
15334,4.309370517730713,0.729535847902298,0.03423982
15335,4.199007749557495,0.724492609500885,0.034677643
15336,4.373588562011719,0.7324436902999878,0.033987608
15337,3.169229030609131,0.6747482120990753,0.039042585
15338,3.81719708442688,0.7066029906272888,0.036235992
15339,4.617389440536499,0.7432986497879028,0.033046883
15340,4.445946514606476,0.7356956601142883,0.033705648
15341,6.8892669677734375,0.8300965428352356,0.025441146
15342,5.581921935081482,0.7833480685949326,0.029573578
15343,7.17634379863739,0.8392181247472763,0.024614036
15344,3.154996335506439,0.6740288138389587,0.03910661
15345,4.030559062957764,0.7166836559772491,0.035356726
15346,2.1472831070423126,0.6211492717266083,0.04391732
15347,6.030982732772827,0.8003784865140915,0.028083479
15348,0.7688810676336288,0.5441450476646423,0.051470213
15349,3.0607956647872925,0.6692448854446411,0.03953304
15350,2.5453779101371765,0.6424678564071655,0.041949917
15351,4.4393390417099,0.735399067401886,0.033731297
15352,2.962718904018402,0.6642231643199921,0.039981958
15353,6.285713315010071,0.8095827549695969,0.027271837
15354,4.00383323431015,0.7154325842857361,0.03546568
15355,2.6472336053848267,0.6478352844715118,0.041460868
15356,9.906737804412842,0.907299131155014,0.01797476
15357,3.253551721572876,0.6789951622486115,0.038665395
15358,2.0510855317115784,0.615923136472702,0.044406418
15359,4.458827972412109,0.7362663149833679,0.0336557
15360,5.517802834510803,0.7808319628238678,0.0297927
15361,2.1798159182071686,0.6229107677936554,0.043753143
15362,7.125896215438843,0.8376436531543732,0.02475741
15363,0.7487978786230087,0.5429971814155579,0.051589355
15364,2.0471759140491486,0.6157101392745972,0.044426408
15365,4.164431691169739,0.7229006886482239,0.034815963
15366,4.729290008544922,0.7481856942176819,0.03262387
15367,3.9170312881469727,0.7113459408283234,0.035821885
15368,6.605252623558044,0.8206745088100433,0.02628678
15369,1.1347383260726929,0.5649518668651581,0.049347267
15370,7.837468981742859,0.8587132841348648,0.02281007
15371,3.1205782294273376,0.6722857654094696,0.039261878
15372,3.510536849498749,0.6917526125907898,0.03753818
15373,4.318403601646423,0.7299436032772064,0.03420423
15374,3.767758011817932,0.7042367458343506,0.03644283
15375,2.101335823535919,0.6186494529247284,0.04415026
15376,2.4667848646640778,0.6383011639118195,0.04233122
15377,2.6441767811775208,0.6476839184761047,0.041475456
15378,4.234375059604645,0.7261150479316711,0.034536734
15379,1.6139662265777588,0.5918521583080292,0.046698365
15380,3.22611540555954,0.6776170432567596,0.03878772
15381,4.385824799537659,0.7329903542995453,0.03393976
15382,2.0665794610977173,0.6167659759521484,0.044327274
15383,9.47851300239563,0.8986666724085808,0.018883146
15384,5.15641987323761,0.7662592828273773,0.031058393
15385,1.7158150672912598,0.5975053906440735,0.04615399
15386,6.342417597770691,0.8115932047367096,0.027094379
15387,4.890215992927551,0.7551026493310928,0.032025006
15388,2.7433115243911743,0.6528680622577667,0.04100478
15389,4.799216091632843,0.7512039095163345,0.032362286
15390,3.8561493158340454,0.7084558010101318,0.03607385
15391,3.339691162109375,0.68330317735672,0.03828383
15392,6.791476607322693,0.8268966972827911,0.025729192
15393,2.8484758734703064,0.6583344340324402,0.040511306
15394,3.8273248076438904,0.7070861458778381,0.036193766
15395,4.001173973083496,0.7153073847293854,0.035476543
15396,3.3384326100349426,0.6832391023635864,0.038289387
15397,0.6522990018129349,0.5374787747859955,0.052165702
15398,6.706113219261169,0.8240655362606049,0.025983304
15399,6.9480955600738525,0.8319982141256332,0.025269419
15400,2.7491822838783264,0.6531744301319122,0.040977072
15401,2.275048941373825,0.628047376871109,0.04327604
15402,2.758408486843109,0.6536555588245392,0.040933575
15403,3.6667168140411377,0.6993688941001892,0.036869243
15404,3.754740357398987,0.7036126852035522,0.036497492
15405,5.412423014640808,0.7766415476799011,0.030156355
15406,1.8185395002365112,0.603180319070816,0.04561136
15407,2.947782278060913,0.6634601950645447,0.04005077
15408,1.7774073779582977,0.6009113490581512,0.045827873
15409,0.8069411665201187,0.5463180840015411,0.051245168
15410,2.5568121671676636,0.6430730819702148,0.04189473
15411,4.404248595237732,0.733824759721756,0.033867847
15412,4.909627437591553,0.7559281587600708,0.031953514
15413,2.9428821802139282,0.6632079184055328,0.040073376
15414,2.996617555618286,0.6659661531448364,0.039826233
15415,1.3442020118236542,0.5767664909362793,0.048171476
15416,2.638845145702362,0.6473961174488068,0.04150092
15417,3.3018308877944946,0.6814114153385162,0.038451076
15418,6.8928951025009155,0.8302142024040222,0.025430523
15419,2.0434150099754333,0.6155053675174713,0.044445653
15420,1.6918501257896423,0.5961774587631226,0.04628151
15421,4.9089547991752625,0.7558996677398682,0.031955987
15422,4.219590723514557,0.7254376411437988,0.034595568
15423,2.8047263622283936,0.6560660004615784,0.04071587
15424,3.6764606833457947,0.6998399198055267,0.036827903
15425,3.537677228450775,0.6930846571922302,0.037421066
15426,2.414974421262741,0.6355422735214233,0.04258448
15427,5.6814610958099365,0.787208303809166,0.029236605
15428,0.6658913195133209,0.5382568538188934,0.052084133
15429,5.163812041282654,0.7665646821260452,0.031031976
15430,4.649976491928101,0.7447184026241302,0.032923136
15431,2.4147623777389526,0.6355308890342712,0.042585514
15432,2.578512132167816,0.6442195475101471,0.041790195
15433,3.290868103504181,0.6808655858039856,0.03849963
15434,5.2560049295425415,0.7703411281108856,0.03070434
15435,3.2773470878601074,0.6801815330982208,0.038559612
15436,1.2426167726516724,0.5710467100143433,0.048738163
15437,8.001208305358887,0.8632259517908096,0.022384098
15438,10.30219554901123,0.9146798178553581,0.017174745
15439,2.6337045431137085,0.6471261084079742,0.041525494
15440,3.4974583983421326,0.6911109685897827,0.03759474
15441,3.541002869606018,0.6932474374771118,0.03740674
15442,7.013069987297058,0.8340791165828705,0.025081096
15443,4.173052608966827,0.7232982814311981,0.034781426
15444,4.025811851024628,0.7164617478847504,0.035376053
15445,2.3061662912368774,0.6297195851802826,0.043121286
15446,3.159964084625244,0.6742842793464661,0.039084256
15447,3.730824589729309,0.702462762594223,0.03659812
15448,3.419657051563263,0.6872744560241699,0.037933
15449,2.221488505601883,0.6251617968082428,0.043543726
15450,4.010275602340698,0.7157349586486816,0.03543939
15451,6.165909171104431,0.8053002208471298,0.027650597
15452,6.813424825668335,0.8276194930076599,0.02566426
15453,5.719146132469177,0.7886627614498138,0.029110037
15454,5.202789902687073,0.7681674659252167,0.030893032
15455,9.830313920974731,0.9058091342449188,0.01813361
15456,2.3014871776103973,0.6294683814048767,0.043144517
15457,5.402539372444153,0.7762560397386551,0.030190691
15458,4.226218163967133,0.7257415056228638,0.03456918
15459,5.9168171882629395,0.7961478382349014,0.028455034
15460,5.129113793373108,0.7651316672563553,0.031156186
15461,5.857064127922058,0.7939071655273438,0.028651461
15462,4.716016352176666,0.7476083040237427,0.032673765
15463,5.021563768386841,0.7606519907712936,0.03154437
15464,3.9590713381767273,0.713324785232544,0.03564892
15465,4.045931100845337,0.7174018621444702,0.035294212
15466,3.459847569465637,0.6892594397068024,0.037757877
15467,5.8775001764297485,0.7946767807006836,0.028584134
15468,3.819344937801361,0.7067053914070129,0.036227033
15469,5.979275107383728,0.798473134636879,0.02825116
15470,5.861625671386719,0.7940789312124252,0.028636422
15471,4.76241260766983,0.7496200203895569,0.0324997
15472,4.256623685359955,0.7271335124969482,0.03444838
15473,1.013108715415001,0.5580562055110931,0.050043143
15474,3.006819486618042,0.6664886772632599,0.039779473
15475,1.8120937049388885,0.6028246581554413,0.045645222
15476,3.037619888782501,0.6680627465248108,0.03963867
15477,1.7230390012264252,0.5979066491127014,0.046115626
15478,3.2617655396461487,0.6794000566005707,0.038628846
15479,2.056603580713272,0.6162237823009491,0.044378214
15480,4.033712446689606,0.7168291509151459,0.035343893
15481,2.678215503692627,0.6494638919830322,0.041313242
15482,4.624203145503998,0.743603378534317,0.033020973
15483,3.898684084415436,0.7104779183864594,0.035897627
15484,6.900734305381775,0.830468624830246,0.02540758
15485,2.769227623939514,0.6542191505432129,0.040882614
15486,2.1313002705574036,0.6202827990055084,0.04399821
15487,4.27960067987442,0.728180468082428,0.034357376
15488,2.7142053842544556,0.6513478755950928,0.04114241
15489,6.206660270690918,0.8067662119865417,0.027521178
15490,3.2920390367507935,0.6809238195419312,0.03849445
15491,3.1546929478645325,0.6740142703056335,0.03910798
15492,5.037634968757629,0.7613207250833511,0.031486057
15493,3.842044472694397,0.7077877223491669,0.03613248
15494,3.567460775375366,0.6945426762104034,0.037292972
15495,4.754062294960022,0.7492524683475494,0.03253096
15496,4.6080538630485535,0.7428911924362183,0.033082422
15497,8.540283441543579,0.877229742705822,0.0210371
15498,7.580859661102295,0.8513919860124588,0.023494003
15499,4.923881888389587,0.7565309852361679,0.03190112
15500,0.559002198278904,0.5321343541145325,0.05272904
15501,7.713058590888977,0.8552024662494659,0.023139136
15502,2.8603464365005493,0.6589497923851013,0.040455975
15503,6.387104392051697,0.8131612986326218,0.02695534
15504,1.8402493000030518,0.6043760776519775,0.0454975
15505,4.108150899410248,0.7202973365783691,0.035042286
15506,4.061947464942932,0.7181486785411835,0.035229187
15507,3.704702854156494,0.7012047469615936,0.03670835
15508,4.042803049087524,0.7172556519508362,0.035306923
15509,6.13853394985199,0.8043087273836136,0.027737884
15510,2.581201195716858,0.6443606317043304,0.04177726
15511,4.7305938601493835,0.7482421100139618,0.032618977
15512,10.809687376022339,0.9233661890029907,0.016200023
15513,5.227410793304443,0.7691744714975357,0.030805584
15514,4.305986166000366,0.7293805480003357,0.034253165
15515,7.360730171203613,0.8448638468980789,0.024097031
15516,6.357508897781372,0.8121236860752106,0.02704734
15517,1.107235625386238,0.5633914172649384,0.049503762
15518,4.985817074775696,0.7591501921415329,0.03167446
15519,2.8696057200431824,0.659429132938385,0.04041287
15520,2.4698705971240997,0.6384627819061279,0.042316183
15521,3.5185304284095764,0.6921460926532745,0.037503645
15522,3.2177239656448364,0.6771944761276245,0.03882521
15523,3.3674487471580505,0.6846839189529419,0.038161688
15524,4.290435612201691,0.7286746501922607,0.034314543
15525,4.138934314250946,0.7217233777046204,0.034918312
15526,3.207305371761322,0.6766696870326996,0.038871806
15527,2.1256786584854126,0.6199783086776733,0.04402669
15528,2.694212794303894,0.6503015160560608,0.041237216
15529,4.8921433091163635,0.7551845163106918,0.0320179
15530,3.1713122129440308,0.6748538613319397,0.039033223
15531,0.980297401547432,0.5561921298503876,0.05023254
15532,5.84305465221405,0.7933735251426697,0.028697716
15533,4.330863952636719,0.7305112779140472,0.034155197
15534,1.5377874672412872,0.5876084864139557,0.047109734
15535,4.630805253982544,0.7438764870166779,0.032995883
15536,6.8317073583602905,0.8282187432050705,0.0256103
15537,1.5347135066986084,0.5874386727809906,0.047126405
15538,2.669973373413086,0.6490318477153778,0.04135246
15539,2.1976089477539062,0.6238725483417511,0.043663602
15540,2.3052553832530975,0.6296707093715668,0.043125812
15541,2.230936288833618,0.6256715357303619,0.04349639
15542,4.013513624668121,0.7158859074115753,0.035426177
15543,8.452091217041016,0.8750280141830444,0.021251788
15544,2.178971767425537,0.6228650212287903,0.04375739
15545,3.693782687187195,0.7006771266460419,0.036754534
15546,6.156091690063477,0.8049450069665909,0.027681869
15547,4.55760270357132,0.7406648099422455,0.03327514
15548,0.7703862339258194,0.5442310273647308,0.051461294
15549,8.12300443649292,0.8665034919977188,0.022072412
15550,0.8366645127534866,0.5480141341686249,0.0510701
15551,3.969672918319702,0.7138284742832184,0.035605438
15552,5.5595797300338745,0.7824728935956955,0.02964975
15553,2.531796097755432,0.6417485177516937,0.042015567
15554,2.872292995452881,0.6595665812492371,0.04040037
15555,2.451861649751663,0.6375057697296143,0.042404015
15556,1.624082773923874,0.5924146175384521,0.046644013
15557,0.704096108675003,0.5404426753520966,0.051855538
15558,5.090794563293457,0.763541042804718,0.031293947
15559,4.655400812625885,0.744968593120575,0.032902583
15560,4.111032485961914,0.7204303443431854,0.035030667
15561,3.384408950805664,0.6855273246765137,0.03808724
15562,1.7738540470600128,0.6007148921489716,0.04584661
15563,2.0674993097782135,0.6168165802955627,0.044322588
15564,4.292987585067749,0.7287887632846832,0.034304466
15565,3.5125932097434998,0.6918556094169617,0.03752929
15566,2.9846134781837463,0.6653502583503723,0.03988131
15567,2.6627537608146667,0.6486527323722839,0.04138685
15568,6.9486260414123535,0.8320149779319763,0.025267875
15569,3.1334510445594788,0.6729382872581482,0.03920373
15570,3.757040798664093,0.7037226855754852,0.036487825
15571,6.754809617996216,0.825685515999794,0.025838036
15572,0.6469663977622986,0.5371737778186798,0.05219774
15573,7.073127031326294,0.8359845131635666,0.024908276
15574,4.675492346286774,0.745844691991806,0.032826565
15575,3.570334017276764,0.694681853055954,0.03728063
15576,2.2910937666893005,0.6289110481739044,0.043196175
15577,8.729004859924316,0.881836399435997,0.020584948
15578,3.642558455467224,0.6981958150863647,0.036971927
15579,4.65587317943573,0.7449857592582703,0.03290079
15580,5.419063568115234,0.7769163697957993,0.030133307
15581,2.7469712495803833,0.6530593633651733,0.040987503
15582,4.481018483638763,0.7372629940509796,0.03356982
15583,5.3599852323532104,0.7745467871427536,0.030338967
15584,3.320319354534149,0.682337075471878,0.038369317
15585,4.374697804450989,0.7324963808059692,0.033983264
15586,7.32136070728302,0.8436679393053055,0.0242065
15587,3.187495172023773,0.6756710112094879,0.03896057
15588,3.0097034573554993,0.6666361093521118,0.039766267
15589,3.387230336666107,0.6856668293476105,0.038074873
15590,3.8478681445121765,0.7080647349357605,0.036108267
15591,4.1364675760269165,0.7216089069843292,0.034928232
15592,2.9472583532333374,0.6634389758110046,0.040053193
15593,3.234133720397949,0.6780196130275726,0.038751926
15594,2.1324168145656586,0.6203437149524689,0.043992553
15595,4.950178563594818,0.7576466947793961,0.03180469
15596,2.8173306584358215,0.6567208468914032,0.040656824
15597,5.156302452087402,0.7662504613399506,0.03105882
15598,6.325353384017944,0.8109914362430573,0.027147656
15599,8.320457935333252,0.8716767728328705,0.021576308
15600,1.6271162033081055,0.5925835371017456,0.046627723
15601,5.910177230834961,0.7958972454071045,0.0284768
15602,4.391920566558838,0.7332699596881866,0.033915948
15603,7.093732953071594,0.8366342186927795,0.024849255
15604,2.9061484336853027,0.6613163352012634,0.040243212
15605,7.287639379501343,0.8426464051008224,0.02430066
15606,0.9360706806182861,0.5536769032478333,0.050488967
15607,2.915109097957611,0.6617778539657593,0.04020171
15608,4.622470736503601,0.7435234487056732,0.033027563
15609,3.508210778236389,0.6916371583938599,0.037548237
15610,1.6896001994609833,0.5960522294044495,0.046293497
15611,2.4439503252506256,0.6370842754840851,0.042442653
15612,0.19929196685552597,0.5114700198173523,0.054958567
15613,5.5146723985672,0.7807083427906036,0.02980344
15614,1.6975657641887665,0.5964943170547485,0.046251066
15615,2.7021324634552,0.6507161557674408,0.041199636
15616,4.891208708286285,0.7551436126232147,0.032021355
15617,2.3352600634098053,0.6312801241874695,0.04297709
15618,4.479365050792694,0.7371896207332611,0.033576217
15619,6.014941334724426,0.7997918576002121,0.028135391
15620,2.858721613883972,0.6588665843009949,0.04046355
15621,7.009569406509399,0.8339677155017853,0.025091205
15622,7.445604205131531,0.8474079519510269,0.023862714
15623,3.428536057472229,0.687713235616684,0.037894238
15624,2.4927186965942383,0.639678567647934,0.042205017
15625,2.912273406982422,0.6616293489933014,0.04021484
15626,4.66426283121109,0.7453539967536926,0.03286903
15627,2.5984176993370056,0.6452690064907074,0.041694537
15628,5.89504599571228,0.7953336536884308,0.02852645
15629,2.435777187347412,0.6366517841815948,0.042482603
15630,3.7189191579818726,0.7018893659114838,0.03664832
15631,4.396316409111023,0.7334716618061066,0.033898793
15632,3.4768512845039368,0.6900950074195862,0.03768404
15633,3.1437432765960693,0.6734582781791687,0.039157305
15634,0.4286578670144081,0.5246554017066956,0.053526282
15635,2.687843143939972,0.6499682068824768,0.041267473
15636,2.9762297868728638,0.6649206578731537,0.03991982
15637,4.774223566055298,0.750130221247673,0.032455537
15638,2.9282650351524353,0.6624554693698883,0.040140867
15639,3.749305307865143,0.7033478021621704,0.036520336
15640,4.615943729877472,0.7432367503643036,0.03305239
15641,9.589672088623047,0.90097426623106,0.018643027
15642,4.894132316112518,0.7552706003189087,0.03201057
15643,4.224390685558319,0.7256573736667633,0.034576453
15644,2.9119420051574707,0.6616164743900299,0.04021637
15645,3.0358076095581055,0.6679705083370209,0.039646935
15646,3.4499117732048035,0.6887682378292084,0.037801098
15647,6.688963174819946,0.8234885931015015,0.026034659
15648,3.4088975191116333,0.6867394745349884,0.037980016
15649,3.27706515789032,0.6801688969135284,0.038560864
15650,5.4298460483551025,0.7773416936397552,0.03009593
15651,6.942772269248962,0.831827238202095,0.025284909
15652,3.1214895844459534,0.6723318994045258,0.039257754
15653,0.9837958216667175,0.5563920140266418,0.050212312
15654,0.8702760934829712,0.5499301254749298,0.050872862
15655,3.945106863975525,0.7126714587211609,0.035706285
15656,3.4957557916641235,0.6910278797149658,0.03760211
15657,3.1493666768074036,0.6737440526485443,0.039131965
15658,3.1102779507637024,0.6717641651630402,0.03930847
15659,2.094103842973709,0.6182638704776764,0.044187028
15660,4.0250808000564575,0.7164241075515747,0.035379037
15661,2.487103044986725,0.6393804550170898,0.042232316
15662,4.670567810535431,0.74563068151474,0.03284518
15663,3.937947452068329,0.7123230695724487,0.035735734
15664,4.738906919956207,0.7486031949520111,0.032587774
15665,3.0954107642173767,0.6710080802440643,0.039375804
15666,6.304227709770203,0.8102439939975739,0.02721377
15667,6.643879413604736,0.8219769895076752,0.026170142
15668,3.5547107458114624,0.6939129531383514,0.037347756
15669,2.0518112182617188,0.6159627735614777,0.044402704
15670,2.0615407824516296,0.616492748260498,0.044352997
15671,3.457646369934082,0.689150869846344,0.03776745
15672,4.479556381702423,0.7372013628482819,0.033575475
15673,2.2350315749645233,0.6258921325206757,0.04347589
15674,1.3697059452533722,0.5781992673873901,0.04803024
15675,4.781244993209839,0.7504329532384872,0.032429315
15676,7.290300726890564,0.8427242636680603,0.024293216
15677,8.038722276687622,0.864242359995842,0.022287635
15678,6.257569193840027,0.8085871636867523,0.027360342
15679,5.588115453720093,0.7835931777954102,0.029552499
15680,3.172529935836792,0.6749159097671509,0.03902775
15681,1.0760591179132462,0.5616291761398315,0.049681768
15682,5.216429829597473,0.7687207013368607,0.030844562
15683,3.428715765476227,0.6877219676971436,0.037893455
15684,5.1455360651016235,0.7658102959394455,0.03109734
15685,2.930811643600464,0.6625873744487762,0.0401291
15686,6.051015853881836,0.8011180907487869,0.028018784
15687,2.3445643484592438,0.6317789554595947,0.042931076
15688,3.9315003156661987,0.7120294868946075,0.03576226
15689,3.918839693069458,0.7114312052726746,0.03581443
15690,2.8150421380996704,0.6566018760204315,0.040667545
15691,4.8407182097435,0.7529871016740799,0.032208025
15692,6.3362109661102295,0.8113745599985123,0.02711374
15693,3.815760314464569,0.7065272629261017,0.036241986
15694,3.7994608283042908,0.7057558000087738,0.036310066
15695,7.033310532569885,0.8347236961126328,0.025022717
15696,3.64705353975296,0.6984156966209412,0.0369528
15697,3.5119566321372986,0.691823422908783,0.037532043
15698,2.3772092163562775,0.6335258781909943,0.042770028
15699,5.11837363243103,0.7646868228912354,0.031194739
15700,5.839028358459473,0.7932265996932983,0.02871102
15701,3.965844511985779,0.7136447727680206,0.03562114
15702,1.9235220551490784,0.6089424192905426,0.045063395
15703,2.0183750987052917,0.6141398549079895,0.044573955
15704,6.047359108924866,0.8009838610887527,0.02803058
15705,2.6556146144866943,0.6482791006565094,0.041420873
15706,3.5839074850082397,0.6953442096710205,0.037222426
15707,2.311093658208847,0.6299842000007629,0.04309683
15708,4.105614423751831,0.7201794981956482,0.035052527
15709,5.7351261377334595,0.7892752289772034,0.029056529
15710,5.232387185096741,0.7693751305341721,0.030787945
15711,5.021883845329285,0.7606655657291412,0.031543206
15712,8.805588483810425,0.8836608752608299,0.020404248
15713,4.3904709815979,0.7332043945789337,0.03392161
15714,3.364214599132538,0.6845233738422394,0.038175903
15715,4.324271380901337,0.7302127182483673,0.034181133
15716,3.982362151145935,0.7144248485565186,0.035553467
15717,4.298297166824341,0.7290321886539459,0.034283504
15718,8.809484243392944,0.8837527260184288,0.020395098
15719,4.116836786270142,0.7207000553607941,0.03500726
15720,4.735654890537262,0.7484607100486755,0.032599974
15721,6.650710701942444,0.822209045290947,0.026149567
15722,4.388987720012665,0.733137845993042,0.033927407
15723,2.3531925678253174,0.6322409212589264,0.042888455
15724,3.896135985851288,0.7103554308414459,0.035908163
15725,5.212317705154419,0.7685566842556,0.030859163
15726,3.8132449984550476,0.7064229846000671,0.036252484
15727,4.173180460929871,0.7233039438724518,0.03478092
15728,3.2573601603507996,0.6791859269142151,0.03864844
15729,4.1534289717674255,0.7223928570747375,0.034860097
15730,9.70196783542633,0.9032577201724052,0.018403549
15731,2.9641106724739075,0.6642999947071075,0.03997555
15732,3.6371707916259766,0.6979365348815918,0.036994867
15733,5.078703761100769,0.7630392163991928,0.031337537
15734,1.4847305417060852,0.5846580862998962,0.047398373
15735,2.2390618920326233,0.6261099278926849,0.04345572
15736,9.681796431541443,0.9028484225273132,0.018446341
15737,7.562170028686523,0.8508428782224655,0.023544613
15738,3.989917039871216,0.7147821187973022,0.035522554
15739,5.7290250062942505,0.7890459895133972,0.029076945
15740,5.898808836936951,0.7954752594232559,0.028514095
15741,2.40021675825119,0.6347696185112,0.04265689
15742,4.292851090431213,0.7287846505641937,0.034305003
15743,0.393310971558094,0.5226245820522308,0.053744555
15744,4.2112597823143005,0.7250496447086334,0.034628764
15745,3.6870142817497253,0.7003495097160339,0.036783185
15746,5.31150221824646,0.7725943624973297,0.030508785
15747,1.1801177263259888,0.5675179660320282,0.049090125
15748,4.295645356178284,0.7289116680622101,0.034293972
15749,1.7940032482147217,0.6018273830413818,0.045740385
15750,4.48506772518158,0.7374437749385834,0.03355418
15751,5.6470513343811035,0.7858822345733643,0.02935266
15752,4.337979853153229,0.7308332920074463,0.034127228
15753,2.762368321418762,0.653862863779068,0.040914904
15754,8.121082186698914,0.8664500862360001,0.022077298
15755,4.825871288776398,0.7523510009050369,0.03226313
15756,6.491070985794067,0.8167712837457657,0.026634617
15757,4.812103807926178,0.7517612278461456,0.032314304
15758,2.973724901676178,0.6647922694683075,0.039931327
15759,4.817386567592621,0.7519881874322891,0.03229466
15760,3.4914782643318176,0.6908167898654938,0.037620634
15761,4.7425878047943115,0.7487622201442719,0.03257397
15762,4.25729513168335,0.7271634638309479,0.03444572
15763,2.411526143550873,0.6353582739830017,0.042601384
15764,3.130612373352051,0.6727941930294037,0.03921655
15765,5.5627793073654175,0.782599076628685,0.02963883
15766,2.965618073940277,0.6643790006637573,0.039968614
15767,4.617365598678589,0.7432954013347626,0.03304698
15768,4.525202214717865,0.7392292320728302,0.033399496
15769,2.906089425086975,0.6613132357597351,0.040243484
15770,2.173231840133667,0.6225553154945374,0.04378632
15771,7.589659690856934,0.8516432642936707,0.023470215
15772,1.5441016852855682,0.5879608392715454,0.047075495
15773,4.585123956203461,0.7418785691261292,0.033169873
15774,4.410137832164764,0.7340885698795319,0.03384489
15775,4.656098783016205,0.7449971139431,0.03289994
15776,2.73628830909729,0.6525020599365234,0.04103794
15777,7.066925764083862,0.8357883989810944,0.024926066
15778,3.3655357360839844,0.6845858991146088,0.038170096
15779,6.695006489753723,0.8236948549747467,0.02601655
15780,1.2687119841575623,0.5725179314613342,0.048591956
15781,3.233439028263092,0.6779844760894775,0.038755022
15782,2.479630410671234,0.6389860510826111,0.042268664
15783,1.978602111339569,0.6119679510593414,0.04477854
15784,3.644198179244995,0.6982766687870026,0.036964945
15785,6.628924608230591,0.8214779943227768,0.026215238
15786,4.30782675743103,0.7294658422470093,0.0342459
15787,2.3698796331882477,0.6331324279308319,0.042806137
15788,4.354700744152069,0.7315903902053833,0.034061596
15789,3.3136796951293945,0.6820052564144135,0.038398653
15790,4.337555766105652,0.730814516544342,0.034128893
15791,4.2626795172691345,0.7274085581302643,0.034424372
15792,4.826065003871918,0.7523607015609741,0.032262407
15793,2.7544063329696655,0.6534470319747925,0.04095243
15794,1.8898111581802368,0.6071002781391144,0.04523863
15795,2.949659824371338,0.6635561883449554,0.04004212
15796,4.976089000701904,0.7587399631738663,0.031709954
15797,3.6837363243103027,0.7001916170120239,0.03679707
15798,1.3599731028079987,0.5776502788066864,0.04808408
15799,4.07943069934845,0.7189629971981049,0.035158347
15800,4.391646683216095,0.7332581579685211,0.033917017
15801,3.752065896987915,0.7034853398799896,0.036508728
15802,2.822220027446747,0.6569834053516388,0.04063394
15803,3.108314871788025,0.6716620922088623,0.039317355
15804,2.8792041540145874,0.659925252199173,0.04036824
15805,3.981441557407379,0.7143816649913788,0.03555723
15806,3.579617738723755,0.6951358914375305,0.03724081
15807,4.139566421508789,0.72174933552742,0.034915775
15808,2.4745337665081024,0.6387128233909607,0.042293474
15809,6.908059120178223,0.8307061195373535,0.02538616
15810,4.624708294868469,0.7436213791370392,0.033019062
15811,6.381763219833374,0.8129753321409225,0.026971921
15812,5.907166004180908,0.7957864552736282,0.028486669
15813,4.275524914264679,0.7279952168464661,0.034373503
15814,4.2098358273506165,0.7249730229377747,0.034634445
15815,4.524858295917511,0.7392120361328125,0.03340082
15816,1.7189128696918488,0.5976766049861908,0.04613753
15817,5.308712720870972,0.7724816203117371,0.030518582
15818,1.1746563762426376,0.5672092437744141,0.049120996
15819,4.040285050868988,0.717137485742569,0.03531716
15820,3.804079294204712,0.7059763669967651,0.036290757
15821,4.27025705575943,0.7277550995349884,0.034394357
15822,2.0999176800251007,0.6185795366764069,0.04415746
15823,7.9937344789505005,0.8630222827196121,0.022403367
15824,3.7811917066574097,0.7048825323581696,0.036386512
15825,6.113553047180176,0.8034014701843262,0.027817778
15826,5.823248028755188,0.7926300764083862,0.028763225
15827,4.042182564735413,0.7172267735004425,0.03530945
15828,2.015676647424698,0.6139927208423615,0.044587813
15829,2.5164031982421875,0.6409351229667664,0.04209009
15830,4.905171990394592,0.7557385116815567,0.031969912
15831,2.76793509721756,0.654151976108551,0.040888693
15832,4.316432178020477,0.7298566102981567,0.034211993
15833,8.869958519935608,0.8851757347583771,0.020253591
15834,3.289613425731659,0.6808024942874908,0.038505193
15835,7.311860918998718,0.8433838337659836,0.024232991
15836,3.6995548009872437,0.7009558975696564,0.03673011
15837,5.890398621559143,0.7951598465442657,0.028541714
15838,4.250752627849579,0.7268644273281097,0.03447168
15839,3.907201588153839,0.7108805477619171,0.03586245
15840,7.529764175415039,0.8498969227075577,0.023632614
15841,4.3913522362709045,0.7332457602024078,0.033918172
15842,4.664783477783203,0.7453774809837341,0.032867055
15843,5.476863384246826,0.7792141884565353,0.029933456
15844,2.3211975395679474,0.6305274963378906,0.043046728
15845,2.6814478635787964,0.6496331989765167,0.041297868
15846,4.639113545417786,0.744253933429718,0.032964338
15847,2.2375810146331787,0.6260294616222382,0.04346313
15848,2.1687594056129456,0.6223125159740448,0.04380887
15849,2.6421162486076355,0.6475692391395569,0.041485295
15850,2.3361247777938843,0.6313266754150391,0.04297281
15851,4.909270107746124,0.7559128403663635,0.03195483
15852,2.0597074925899506,0.6163928210735321,0.04436236
15853,0.353756882250309,0.5203518271446228,0.053989854
15854,3.267146050930023,0.6796773374080658,0.038604923
15855,4.593069553375244,0.742230623960495,0.033139545
15856,4.122174382209778,0.7209448516368866,0.03498576
15857,3.0944854021072388,0.6709602475166321,0.039380003
15858,6.176862120628357,0.8056954890489578,0.027615754
15859,7.620331048965454,0.8525357991456985,0.02338748
15860,2.911616563796997,0.6615992486476898,0.04021788
15861,8.24492335319519,0.869717538356781,0.021764759
15862,2.547738254070282,0.6425934433937073,0.041938517
15863,6.11989438533783,0.8036329746246338,0.02779747
15864,2.886851727962494,0.6603202819824219,0.040332712
15865,6.030740737915039,0.800373375415802,0.02808426
15866,4.696107506752014,0.7467434108257294,0.032748744
15867,3.4662556648254395,0.6895745694637299,0.03773003
15868,2.5900354981422424,0.6448303461074829,0.041734796
15869,3.201603889465332,0.676377683877945,0.038897336
15870,3.9821556210517883,0.714411735534668,0.03555431
15871,2.5039836764335632,0.6402757167816162,0.042150315
15872,3.4817275404930115,0.6903376281261444,0.03766289
15873,4.137158691883087,0.7216409742832184,0.034925457
15874,6.657521724700928,0.8224378079175949,0.02612907
15875,6.321693062782288,0.8108611702919006,0.027159099
15876,5.872246623039246,0.7944785803556442,0.028601427
15877,5.423953533172607,0.7771095484495163,0.030116351
15878,2.8396406769752502,0.6578778326511383,0.04055253
15879,3.175213932991028,0.6750508248806,0.03901569
15880,4.051884114742279,0.7176796197891235,0.03527003
15881,2.436782568693161,0.6367045342922211,0.04247769
15882,6.746987700462341,0.8254261612892151,0.025861321
15883,4.713377058506012,0.7474944591522217,0.032683697
15884,1.9536897540092468,0.6106015145778656,0.044907153
15885,0.4528086632490158,0.5260419249534607,0.053377666
15886,3.5150229930877686,0.6919738054275513,0.03751879
15887,4.566904306411743,0.7410758435726166,0.033239525
15888,6.105539798736572,0.803107425570488,0.027843453
15889,2.4027064442634583,0.6348885893821716,0.042644665
15890,7.304527163505554,0.8431608080863953,0.024253456
15891,3.582985997200012,0.695299357175827,0.03722637
15892,4.40756618976593,0.7339737117290497,0.033854913
15893,4.653594493865967,0.7448880076408386,0.032909427
15894,3.1422963738441467,0.6733863055706024,0.039163835
15895,5.082110166549683,0.7631816118955612,0.03132525
15896,4.4482821226119995,0.7358005046844482,0.033696588
15897,4.112086296081543,0.7204799056053162,0.035026416
15898,4.399213790893555,0.7335984706878662,0.033887483
15899,10.000829696655273,0.9091080650687218,0.017781096
15900,2.9129981994628906,0.6616694033145905,0.040211484
15901,2.6222172379493713,0.6465222537517548,0.04158045
15902,4.671225845813751,0.7456581890583038,0.032842692
15903,4.720088243484497,0.747785210609436,0.032658454
15904,3.562096059322357,0.6942794620990753,0.03731601
15905,4.771870672702789,0.7500284165143967,0.03246433
15906,4.344078004360199,0.7311099767684937,0.034103278
15907,1.8490320444107056,0.6048595309257507,0.04545152
15908,3.8383767008781433,0.7076118290424347,0.036147743
15909,2.0019760727882385,0.6132450103759766,0.044658203
15910,1.8245846033096313,0.6035135686397552,0.045579627
15911,10.424253940582275,0.9168462157249451,0.016935084
15912,2.5442591309547424,0.6424093544483185,0.041955333
15913,3.09929221868515,0.671204686164856,0.039358214
15914,5.555597543716431,0.7823174744844437,0.029663345
15915,5.954470634460449,0.7975450158119202,0.028331952
15916,4.610677361488342,0.7430052161216736,0.03307243
15917,4.407863914966583,0.7339873611927032,0.03385375
15918,4.640252590179443,0.7443037629127502,0.032960016
15919,2.2941847145557404,0.629076212644577,0.04318081
15920,3.8311514258384705,0.7072679400444031,0.03617782
15921,4.748726785182953,0.7490290403366089,0.032550953
15922,5.157730579376221,0.7663135677576065,0.031053713
15923,6.2945955991744995,0.8099043965339661,0.027243959
15924,3.62187922000885,0.6971929967403412,0.037060052
15925,2.588050067424774,0.6447223722934723,0.041744333
15926,4.816722273826599,0.7519543617963791,0.032297127
15927,2.779206335544586,0.6547381281852722,0.040835675
15928,6.6411179304122925,0.8218856155872345,0.026178459
15929,4.1056013107299805,0.7201787233352661,0.03505257
15930,2.9373937845230103,0.6629208326339722,0.040098704
15931,7.66812801361084,0.8539159446954727,0.023259142
15932,1.8853390216827393,0.6068559885025024,0.045261927
15933,6.631704568862915,0.8215678930282593,0.02620685
15934,4.307781457901001,0.7294629216194153,0.034246087
15935,3.5553377866744995,0.6939489543437958,0.037345055
15936,2.1081119775772095,0.6190246343612671,0.04411583
15937,5.324627161026001,0.7731254398822784,0.030462716
15938,6.019102931022644,0.7999427318572998,0.02812191
15939,2.7503710985183716,0.6532358527183533,0.040971458
15940,4.792069494724274,0.7508994042873383,0.032388926
15941,2.497801035642624,0.639947772026062,0.042180333
15942,4.063419997692108,0.718217521905899,0.035223216
15943,5.102432370185852,0.7640254646539688,0.03125204
15944,1.1818470060825348,0.5676155686378479,0.049080353
15945,2.96800434589386,0.6644987761974335,0.03995764
15946,4.273477494716644,0.7278999090194702,0.034381602
15947,1.9377723336219788,0.6097326874732971,0.044989526
15948,4.197575151920319,0.7244305908679962,0.034683365
15949,2.3059138655662537,0.6297061443328857,0.043122537
15950,4.129031300544739,0.7212648689746857,0.034958154
15951,4.265908896923065,0.7275569438934326,0.034411576
15952,3.522372841835022,0.6923345923423767,0.037487056
15953,4.070243835449219,0.7185374200344086,0.035195556
15954,5.410023927688599,0.7765564024448395,0.030164687
15955,2.503734529018402,0.6402626931667328,0.042151526
15956,0.45985862612724304,0.5264478027820587,0.05333436
15957,4.048612713813782,0.7175256907939911,0.035283316
15958,2.6095417141914368,0.6458521783351898,0.04164117
15959,2.2886134684085846,0.6287772953510284,0.043208513
15960,4.56493467092514,0.7409895658493042,0.033247065
15961,2.040422707796097,0.6153421401977539,0.044460963
15962,2.2723738849163055,0.6279067099094391,0.04328937
15963,1.4098331332206726,0.5804511308670044,0.047808856
15964,8.377494812011719,0.8731375187635422,0.02143509
15965,7.017109990119934,0.8342055827379227,0.025069434
15966,3.621836006641388,0.6971917748451233,0.037060242
15967,5.209535360336304,0.7684426605701447,0.030869046
15968,4.6135014295578,0.7431287169456482,0.033061687
15969,4.902144074440002,0.7556100636720657,0.03198106
15970,7.0852673053741455,0.8363673985004425,0.024873486
15971,4.219387769699097,0.7254282832145691,0.034596372
15972,2.7070319652557373,0.6509732007980347,0.041176405
15973,2.379375994205475,0.6336420476436615,0.042759363
15974,3.6191701889038086,0.6970617175102234,0.03707162
15975,2.9617300629615784,0.6641768515110016,0.039986514
15976,3.001965582370758,0.6662386953830719,0.039801713
15977,3.8257774710655212,0.7070113718509674,0.036200214
15978,6.387109756469727,0.8131605088710785,0.026955323
15979,7.506258487701416,0.8492057174444199,0.023696654
15980,3.5400554537773132,0.6932013630867004,0.037410818
15981,7.324873208999634,0.8437806665897369,0.024196714
15982,5.790320634841919,0.7913810014724731,0.028872471
15983,2.858896255493164,0.6588751077651978,0.040462732
15984,2.3218242824077606,0.6305602490901947,0.04304362
15985,3.039756715297699,0.6681720912456512,0.039628915
15986,3.6690890789031982,0.699482798576355,0.036859166
15987,6.038499474525452,0.8006600588560104,0.028059186
15988,5.151154398918152,0.7660421878099442,0.03107723
15989,10.349864959716797,0.9155323728919029,0.017080743
15990,10.285100936889648,0.914365604519844,0.017208578
15991,4.2060405015945435,0.724815160036087,0.03464958
15992,5.213878750801086,0.7686208188533783,0.03085362
15993,5.345704555511475,0.7739747911691666,0.030388886
15994,4.770351350307465,0.7499619722366333,0.03247001
15995,8.24436068534851,0.8697018325328827,0.021766167
15996,7.878010272979736,0.859845444560051,0.02270385
15997,7.325500249862671,0.8437945544719696,0.024194961
15998,1.5097582340240479,0.586043655872345,0.047262
15999,5.461324453353882,0.7785982042551041,0.029987054
16000,3.9250171184539795,0.7117244601249695,0.03578897
16001,2.9185131192207336,0.6619572937488556,0.04018596
16002,1.7156612873077393,0.5974950194358826,0.046154805
16003,3.560079336166382,0.6941805779933929,0.037324674
16004,5.551372766494751,0.782151848077774,0.029677777
16005,4.5402345061302185,0.739898681640625,0.03334174
16006,7.280697822570801,0.8424325734376907,0.024320086
16007,5.64422607421875,0.7857728451490402,0.02936221
16008,5.2563512325286865,0.7703562527894974,0.030703116
16009,3.9189743995666504,0.7114377021789551,0.035813875
16010,3.895082175731659,0.7103051543235779,0.035912517
16011,5.559831857681274,0.7824828177690506,0.02964889
16012,8.305562734603882,0.8712914437055588,0.021613337
16013,4.577447772026062,0.7415410876274109,0.033199202
16014,9.910320043563843,0.9073697701096535,0.017967347
16015,4.714573621749878,0.7475449740886688,0.032679193
16016,2.445492148399353,0.6371684372425079,0.042435117
16017,4.670736491680145,0.7456377744674683,0.03284454
16018,2.4117091298103333,0.6353684067726135,0.042600486
16019,1.882394254207611,0.6066928505897522,0.045277275
16020,3.7058639526367188,0.7012603282928467,0.036703445
16021,4.022703170776367,0.7163161039352417,0.035388723
16022,4.170719385147095,0.7231906354427338,0.034790773
16023,4.3301719427108765,0.7304759621620178,0.034157924
16024,3.4663528203964233,0.6895801723003387,0.037729617
16025,4.169091880321503,0.7231175303459167,0.03479729
16026,4.913761913776398,0.7560995817184448,0.03193831
16027,7.440452575683594,0.8472679555416107,0.02387687
16028,1.379925161600113,0.5787732601165771,0.047973763
16029,4.175297021865845,0.7234004139900208,0.03477244
16030,3.189595937728882,0.6757729053497314,0.038951144
16031,2.9343271255493164,0.6627671122550964,0.04011286
16032,3.2477933168411255,0.6787069737911224,0.03869104
16033,4.350199401378632,0.7313880622386932,0.034079242
16034,5.391213893890381,0.7758027017116547,0.03023008
16035,6.331080198287964,0.811193659901619,0.027129764
16036,3.786673843860626,0.7051434516906738,0.036363553
16037,5.073028206825256,0.762801006436348,0.03135802
16038,9.854838848114014,0.9062870740890503,0.018082483
16039,3.1410953402519226,0.6733255386352539,0.03916925
16040,7.237837910652161,0.8411185592412949,0.02444039
16041,6.387493014335632,0.8131722509860992,0.026954131
16042,3.2237571477890015,0.6774985492229462,0.038798247
16043,2.3214593529701233,0.6305421888828278,0.043045435
16044,2.78444766998291,0.6550116240978241,0.040811036
16045,4.919339120388031,0.7563404142856598,0.031917807
16046,6.265876293182373,0.8088818788528442,0.027334193
16047,2.7737757563591003,0.6544563472270966,0.04086121
16048,2.232404500246048,0.6257509589195251,0.04348904
16049,4.894780218601227,0.7552960813045502,0.032008186
16050,2.9390209913253784,0.663009524345398,0.040091194
16051,4.5988112688064575,0.7424832582473755,0.033117644
16052,4.267920255661011,0.7276484966278076,0.03440361
16053,7.005259394645691,0.8338300883769989,0.025103658
16054,3.28593909740448,0.6806184947490692,0.03852149
16055,4.139634668827057,0.7217538058757782,0.034915507
16056,1.9080166518688202,0.6081013977527618,0.045143917
16057,2.288298010826111,0.6287598013877869,0.04321008
16058,4.855069518089294,0.7536022514104843,0.032154858
16059,4.308984875679016,0.7295183539390564,0.03424134
16060,3.4598082304000854,0.6892565190792084,0.037758056
16061,2.91817307472229,0.6619360744953156,0.040187534
16062,3.7576553225517273,0.7037543058395386,0.03648524
16063,4.320249855518341,0.730028361082077,0.034196958
16064,3.535139560699463,0.6929592490196228,0.037432004
16065,4.89664226770401,0.7553760558366776,0.032001324
16066,2.674369215965271,0.6492618918418884,0.04133154
16067,5.592149496078491,0.7837467789649963,0.029538777
16068,5.849483609199524,0.7936245054006577,0.02867648
16069,2.1979641914367676,0.6238924264907837,0.043661818
16070,5.246971249580383,0.7699737250804901,0.030736288
16071,2.3726117610931396,0.6332800388336182,0.042792678
16072,7.693260908126831,0.8546372950077057,0.02319193
16073,1.216566041111946,0.5695933699607849,0.048884556
16074,4.376936256885529,0.7325930595397949,0.03397451
16075,2.280123233795166,0.6283206641674042,0.04325077
16076,3.4835466742515564,0.690427154302597,0.037655003
16077,2.8867682814598083,0.6603171527385712,0.0403331
16078,2.1039965748786926,0.6188016831874847,0.044136733
16079,3.6046430468559265,0.6963566839694977,0.037133675
16080,4.7547876834869385,0.7492888569831848,0.032528248
16081,3.887905180454254,0.7099668681621552,0.035942208
16082,7.1195220947265625,0.8374420702457428,0.024775587
16083,6.015834808349609,0.7998256087303162,0.028132496
16084,1.450989991426468,0.582757294178009,0.047582854
16085,3.684159219264984,0.7002106308937073,0.036795277
16086,3.154563307762146,0.6740071177482605,0.03910856
16087,4.948038458824158,0.7575549930334091,0.031812523
16088,3.992537558078766,0.7149025201797485,0.03551184
16089,7.360063195228577,0.8448436409235001,0.024098882
16090,6.1997175216674805,0.8065173178911209,0.027543185
16091,4.1320085525512695,0.7214026749134064,0.034946166
16092,2.411673814058304,0.6353660523891449,0.04260066
16093,4.913802146911621,0.7561052292585373,0.03193816
16094,5.08423388004303,0.7632690519094467,0.031317588
16095,2.948009967803955,0.6634758412837982,0.040049724
16096,5.97486674785614,0.7983096241950989,0.0282655
16097,2.3270106315612793,0.6308380961418152,0.043017935
16098,2.4102257192134857,0.6352880299091339,0.042607762
16099,4.241110682487488,0.726423442363739,0.034509964
16100,8.211989402770996,0.8688532561063766,0.021847438
16101,5.228471159934998,0.7692180275917053,0.030801823
16102,5.306550860404968,0.7723939567804337,0.03052618
16103,3.3396556973457336,0.6832994520664215,0.038283996
16104,4.178368151187897,0.7235442698001862,0.03476015
16105,4.405333995819092,0.7338725328445435,0.03386362
16106,2.373672276735306,0.6333378851413727,0.042787448
16107,4.361216723918915,0.731884777545929,0.03403605
16108,3.649156093597412,0.6985166668891907,0.036943857
16109,1.9116602838039398,0.6083011627197266,0.045124974
16110,2.016884684562683,0.6140586733818054,0.04458161
16111,5.384131073951721,0.775519073009491,0.030254744
16112,3.2341569662094116,0.6780210733413696,0.03875183
16113,4.729666709899902,0.748201996088028,0.03262246
16114,2.6415127515792847,0.6475370526313782,0.04148818
16115,5.001817941665649,0.7598240822553635,0.03161616
16116,4.145689904689789,0.7220356166362762,0.034891173
16117,4.391308426856995,0.7332423627376556,0.033918343
16118,5.9604573249816895,0.7977757304906845,0.02831243
16119,3.96807998418808,0.7137531340122223,0.035611972
16120,1.8274180591106415,0.6036697328090668,0.045564767
16121,2.5064608454704285,0.6404073536396027,0.042138293
16122,3.0261439085006714,0.6674770712852478,0.03969106
16123,3.0392521619796753,0.668146401643753,0.039631214
16124,4.677590429782867,0.7459347546100616,0.032818638
16125,4.398568570613861,0.7335691452026367,0.033889998
16126,7.048812508583069,0.8352148234844208,0.0249781
16127,5.673317313194275,0.7868983745574951,0.029264031
16128,5.897743105888367,0.795435220003128,0.028517595
16129,4.519927799701691,0.7389949858188629,0.033419788
16130,4.353534579277039,0.7315376996994019,0.034066167
16131,7.527157664299011,0.8498404920101166,0.023639709
16132,2.3116126656532288,0.6300120055675507,0.043094255
16133,4.830248057842255,0.7525401413440704,0.03224687
16134,5.2386391162872314,0.7696329355239868,0.030765792
16135,3.0258333683013916,0.6674610078334808,0.03969249
16136,4.054654836654663,0.717808872461319,0.03525878
16137,6.910924315452576,0.8307993412017822,0.025377791
16138,4.232609570026398,0.7260343432426453,0.034543753
16139,5.192017555236816,0.7677220851182938,0.030931368
16140,2.101702243089676,0.618669718503952,0.044148393
16141,3.8608449697494507,0.7086822688579559,0.03605436
16142,4.941658675670624,0.7572821080684662,0.031835895
16143,4.9744826555252075,0.7586725652217865,0.03171582
16144,2.789597511291504,0.6552796363830566,0.04078685
16145,2.8988945484161377,0.6609415113925934,0.040276833
16146,5.960817337036133,0.7977874726057053,0.028311258
16147,5.8498769998550415,0.7936360985040665,0.028675178
16148,4.6237048506736755,0.7435771226882935,0.033022862
16149,2.014748603105545,0.6139408946037292,0.044592578
16150,4.255630075931549,0.7270873486995697,0.034452327
16151,3.063729405403137,0.6693897843360901,0.039519694
16152,4.206201136112213,0.7248220443725586,0.03464894
16153,3.200730085372925,0.6763384938240051,0.038901243
16154,8.192574977874756,0.8683455586433411,0.021896325
16155,2.409665733575821,0.6352591216564178,0.042610504
16156,1.2635664641857147,0.5722278952598572,0.048620757
16157,4.09259557723999,0.7195751667022705,0.035105098
16158,5.2291786670684814,0.7692433744668961,0.030799318
16159,5.880064368247986,0.7947717308998108,0.028575696
16160,3.396957516670227,0.6861458718776703,0.038032256
16161,7.206483483314514,0.8401523232460022,0.02452877
16162,9.742845892906189,0.9040770903229713,0.018317143
16163,2.7392232418060303,0.6526548266410828,0.04102408
16164,3.646843731403351,0.6984044909477234,0.036953688
16165,2.3658685386180878,0.6329194605350494,0.042825907
16166,6.471150517463684,0.8160664588212967,0.026695773
16167,2.4319621920585632,0.6364478766918182,0.042501274
16168,2.9517513513565063,0.6636646687984467,0.040032476
16169,0.6964931637048721,0.5400073826313019,0.051900953
16170,3.9852356910705566,0.7145591974258423,0.035541706
16171,4.365303814411163,0.732068657875061,0.034020044
16172,3.7900924682617188,0.7053076922893524,0.03634925
16173,1.5870192646980286,0.5903554260730743,0.046843473
16174,2.002483159303665,0.6132722496986389,0.044655595
16175,1.822618991136551,0.6034049391746521,0.045589946
16176,1.979377120733261,0.6120099723339081,0.04477454
16177,2.316906750202179,0.6302962303161621,0.043067995
16178,5.7052212953567505,0.7881234735250473,0.029156743
16179,2.5434505939483643,0.6423669159412384,0.041959222
16180,4.8278698325157166,0.7524381130933762,0.0322557
16181,4.347206354141235,0.7312512099742889,0.034091
16182,5.2438294887542725,0.7698455601930618,0.03074741
16183,4.868084788322449,0.7541588693857193,0.032106712
16184,4.860844612121582,0.7538495808839798,0.032133482
16185,4.622797667980194,0.7435355484485626,0.033026315
16186,5.7167768478393555,0.7885702103376389,0.029117975
16187,4.552002847194672,0.7404194474220276,0.0332966
16188,3.917304575443268,0.7113588750362396,0.035820756
16189,5.961504578590393,0.7978139221668243,0.028309017
16190,3.3831071853637695,0.6854629218578339,0.038092956
16191,8.217177987098694,0.8689917922019958,0.021834392
16192,4.5941272377967834,0.7422768473625183,0.03313551
16193,3.0524080991744995,0.6688272953033447,0.039571237
16194,4.278726875782013,0.7281337380409241,0.03436083
16195,4.0617260336875916,0.7181382775306702,0.03523009
16196,2.366775721311569,0.6329676508903503,0.042821437
16197,2.4821510910987854,0.6391173899173737,0.042256396
16198,7.661178708076477,0.8537175953388214,0.023277754
16199,3.5619717836380005,0.6942716240882874,0.037316546
16200,2.406191825866699,0.6350736618041992,0.04262756
16201,3.789304792881012,0.7052693963050842,0.03635254
16202,3.9168965816497803,0.7113395631313324,0.035822436
16203,2.2868023812770844,0.6286793947219849,0.043217525
16204,2.8110921382904053,0.6563950181007385,0.040686037
16205,6.976041197776794,0.8328976035118103,0.025188247
16206,2.6666495203971863,0.6488564312458038,0.041368287
16207,4.078899621963501,0.7189368307590485,0.0351605
16208,3.700990080833435,0.7010261714458466,0.036724046
16209,4.967031180858612,0.7583602219820023,0.031743035
16210,3.669411838054657,0.6994990408420563,0.0368578
16211,5.87495744228363,0.7945810705423355,0.028592499
16212,7.544651031494141,0.8503339290618896,0.023592144
16213,4.864158034324646,0.7539916187524796,0.032121226
16214,4.893425703048706,0.7552363127470016,0.03201317
16215,7.892308831214905,0.8602366596460342,0.022666506
16216,7.572450041770935,0.8511460423469543,0.023516765
16217,6.531239748001099,0.8181499391794205,0.026511727
16218,4.424790441989899,0.7347474992275238,0.033787847
16219,3.2359513640403748,0.6781112253665924,0.038743824
16220,3.3910682797431946,0.6858573257923126,0.038058057
16221,2.3864945769309998,0.6340221166610718,0.042724326
16222,3.9131972193717957,0.7111644744873047,0.0358377
16223,1.6237105429172516,0.5923965871334076,0.04664601
16224,3.3094370365142822,0.6817933022975922,0.038417414
16225,4.7949254512786865,0.7510073781013489,0.03237828
16226,1.856340765953064,0.6052617728710175,0.045413293
16227,2.4019519984722137,0.6348474323749542,0.042648368
16228,6.155993342399597,0.804941326379776,0.027682187
16229,5.141015648841858,0.7656233757734299,0.031113526
16230,9.410200715065002,0.8972262367606163,0.019032242
16231,6.282920837402344,0.8094899505376816,0.027280604
16232,2.590840458869934,0.6448695361614227,0.04173092
16233,2.2881799936294556,0.6287529766559601,0.04321067
16234,4.963410794734955,0.7582051604986191,0.03175627
16235,4.510544240474701,0.7385765314102173,0.03345591
16236,4.171977341175079,0.7232485115528107,0.034785733
16237,4.987919330596924,0.759237751364708,0.031666793
16238,3.958374857902527,0.7132967710494995,0.035651784
16239,3.782121241092682,0.7049257755279541,0.03638262
16240,3.363959491252899,0.6845099925994873,0.038177025
16241,6.977294087409973,0.8329439163208008,0.025184616
16242,6.917659044265747,0.831017255783081,0.02535812
16243,0.7647228240966797,0.543908566236496,0.051494863
16244,5.827518701553345,0.7927922457456589,0.028749088
16245,4.73526805639267,0.7484449744224548,0.032601427
16246,5.621545314788818,0.7848923951387405,0.029438982
16247,5.6187379360198975,0.784783348441124,0.02944849
16248,1.3947756588459015,0.5796070098876953,0.047891807
16249,3.583834171295166,0.6953397393226624,0.037222736
16250,5.377482175827026,0.7752523273229599,0.030277915
16251,3.181072771549225,0.675346851348877,0.038989387
16252,3.2786914706230164,0.680255651473999,0.03855364
16253,2.09747776389122,0.6184470951557159,0.04416987
16254,3.440788686275482,0.68831866979599,0.03784083
16255,3.4349212050437927,0.6880287528038025,0.037866395
16256,3.3743512630462646,0.6850273907184601,0.038131375
16257,4.964580833911896,0.7582550793886185,0.031751994
16258,5.150116682052612,0.7659996151924133,0.03108094
16259,3.9938417077064514,0.7149637341499329,0.03550651
16260,3.1415945291519165,0.6733505725860596,0.039166998
16261,4.030359387397766,0.7166743576526642,0.035357542
16262,2.0722804963588715,0.617076963186264,0.04429819
16263,3.7508636713027954,0.7034264504909515,0.03651378
16264,2.9185137152671814,0.6619543433189392,0.04018596
16265,3.4826043248176575,0.6903801560401917,0.03765909
16266,3.7653401494026184,0.7041235268115997,0.03645298
16267,5.16520619392395,0.7666216939687729,0.031026993
16268,4.262983202934265,0.7274231612682343,0.03442317
16269,1.0648024827241898,0.5609895288944244,0.049746193
16270,4.5055824518203735,0.7383587062358856,0.03347502
16271,4.065370559692383,0.7183083593845367,0.035215307
16272,4.935966730117798,0.7570462673902512,0.031856768
16273,6.824311017990112,0.8279773741960526,0.025632111
16274,4.995605647563934,0.7595632821321487,0.031638775
16275,5.011097192764282,0.7602107375860214,0.0315824
16276,2.8583133220672607,0.6588439345359802,0.040465448
16277,4.632759690284729,0.7439749538898468,0.03298846
16278,5.411983132362366,0.776633620262146,0.03015788
16279,3.2629990577697754,0.6794690489768982,0.03862336
16280,1.9666045904159546,0.6113111674785614,0.04484043
16281,3.6372527480125427,0.6979402303695679,0.03699452
16282,4.957235157489777,0.7579476982355118,0.031778857
16283,3.882419466972351,0.7097067832946777,0.035964917
16284,2.8767693042755127,0.659797877073288,0.040379558
16285,3.887358605861664,0.7099410891532898,0.035944466
16286,1.5966111421585083,0.5908870100975037,0.04679177
16287,2.377583533525467,0.633545845746994,0.042768188
16288,3.5035064816474915,0.6914092004299164,0.037568577
16289,3.229154944419861,0.6777698397636414,0.03877415
